timestamp,open,high,low,close,volume
2020-11-25,57.6600,58.1400,57.3100,57.7800,7267148
2020-11-24,57.3100,57.7100,56.5500,56.8700,11431092
2020-11-23,60.8800,61.2200,58.5800,58.6800,9081650
2020-11-20,62.0200,62.3800,61.1300,61.6500,5344825
2020-11-19,60.9600,61.4900,60.4300,61.4100,7013948
2020-11-18,64.4000,64.4000,61.4900,61.5600,5933250
2020-11-17,65.3600,65.7400,64.4400,64.5300,4261334
2020-11-16,65.4000,66.1155,64.9200,65.6700,3502932
2020-11-13,66.0000,66.0500,65.3400,65.7100,3452367
2020-11-12,66.0000,66.2200,64.8700,65.0200,5337773
2020-11-11,64.3100,65.6600,63.3100,65.6300,8060288
2020-11-10,65.5500,65.9800,64.2450,64.8900,7129301
2020-11-09,64.2500,66.5100,62.8700,66.0100,10766791
2020-11-06,68.3900,68.4500,67.5000,68.1400,4665030
2020-11-05,66.9400,68.3000,66.7000,67.8500,8509707
2020-11-04,66.6700,66.8700,64.9450,65.0800,8415316
2020-11-03,65.1000,67.2500,65.1000,66.6700,7474022
2020-11-02,63.2500,64.9300,62.6100,64.7300,8314400
2020-10-30,60.9400,62.9700,60.8037,62.8400,9150912
2020-10-29,58.8800,61.4700,58.4600,60.3400,7026379
2020-10-28,60.5400,60.5500,58.2900,58.6500,9871170
2020-10-27,60.5700,61.7980,60.2750,61.6500,4457781
2020-10-26,59.9700,61.0300,59.8000,60.3200,3783149
2020-10-23,60.3800,60.9900,60.0200,60.4700,3243331
2020-10-22,60.8200,60.9350,59.8400,60.5400,5104936
2020-10-21,61.6700,62.3800,61.2600,61.4800,5037206
2020-10-20,61.8900,62.1000,60.8900,61.1900,4656229
2020-10-19,63.1500,63.3400,61.5700,61.7100,3138336
2020-10-16,63.1500,63.3400,62.5100,62.6700,3583335
2020-10-15,63.1800,63.6400,62.4800,63.0000,4091841
2020-10-14,63.4000,64.3300,62.9000,64.0000,4353698
2020-10-13,62.5100,62.8500,61.6250,62.7600,4050724
2020-10-12,62.7100,63.4650,62.5000,62.9300,3875099
2020-10-09,62.7200,62.9200,61.8500,62.8200,4874957
2020-10-08,61.4700,62.1600,61.2100,61.7200,3914007
2020-10-07,61.3600,61.7800,60.8900,61.1700,4121259
2020-10-06,63.3000,63.7300,60.7700,60.8200,6970384
2020-10-05,62.3000,63.9500,62.2700,63.1300,4477141
2020-10-02,62.6400,63.4000,62.1500,62.2900,4646045
2020-10-01,64.0000,64.1000,62.6600,62.8300,6503170
2020-09-30,62.4900,63.9000,61.8500,63.4500,7212923
2020-09-29,62.5000,63.4500,62.3900,62.7700,4133636
2020-09-28,62.0000,62.8300,61.3050,62.1300,5400750
2020-09-25,60.7200,61.6600,60.5300,61.4200,3833838
2020-09-24,59.7200,62.1800,59.2800,61.4400,6268285
2020-09-23,62.9900,63.0900,59.8000,60.2200,9235802
2020-09-22,63.7800,64.3400,62.5173,63.4500,6165843
2020-09-21,63.4000,64.2900,62.7200,63.6700,9673571
2020-09-18,66.2100,66.7900,64.5400,64.7100,12537395
2020-09-17,66.1500,66.5900,65.3800,66.3200,6656620
2020-09-16,67.8400,68.4400,67.2250,67.2900,5526964
2020-09-15,68.0000,68.5700,67.0500,67.5500,4301790
2020-09-14,66.6500,67.5800,66.5400,67.3800,5007904
2020-09-11,67.1200,67.6300,65.8100,66.2200,4065090
2020-09-10,68.6700,68.8490,66.3700,66.4900,4837708
2020-09-09,66.1700,68.4200,66.1600,68.1700,5519342
2020-09-08,64.3800,66.9250,63.4250,65.7700,6152397
2020-09-04,65.6600,65.8200,63.3500,65.3500,6969446
2020-09-03,66.8600,67.0500,64.7600,66.1300,7148243
2020-09-02,66.0000,67.5500,64.7700,67.5300,7384225
2020-09-01,68.4900,68.5500,65.8600,67.0200,6145484
2020-08-31,66.9800,68.2200,66.6800,67.2800,6040618
2020-08-28,65.7800,67.0900,65.2800,66.7100,4472896
2020-08-27,66.7900,66.7900,63.7100,64.7600,4858076
2020-08-26,64.1600,65.7700,63.9700,65.6700,4141448
2020-08-25,65.0300,65.1000,63.2600,64.8600,4179754
2020-08-24,66.4500,66.5100,64.7800,65.2000,4546862
2020-08-21,66.7400,66.7400,65.2200,65.5700,5430209
2020-08-20,65.9800,67.5300,65.7300,67.2300,4623175
2020-08-19,67.1800,68.2550,65.3900,65.9800,6093671
2020-08-18,69.8000,69.8100,66.7566,67.7000,5309230
2020-08-17,66.1200,68.3700,65.5600,68.3500,8404307
2020-08-14,64.2200,64.5300,63.3600,63.8500,3869244
2020-08-13,64.0300,64.7100,63.3400,64.1100,5629406
2020-08-12,64.4700,64.6300,62.6850,62.9900,8273214
2020-08-11,64.5900,64.9400,62.6500,62.8700,11407200
2020-08-10,69.2500,70.4000,67.5100,67.8900,5607054
2020-08-07,69.0200,69.4900,68.3600,68.9100,6067999
2020-08-06,71.1900,71.3400,69.3500,70.1100,6786530
2020-08-05,71.7600,72.2200,69.7800,70.3700,7682251
2020-08-04,68.3700,70.4500,67.3000,70.2500,7627111
2020-08-03,69.2000,69.4000,67.4900,68.1500,6140288
2020-07-31,66.6100,69.2200,65.7600,69.2000,8989396
2020-07-30,66.2100,67.8600,64.5300,65.6600,7179225
2020-07-29,68.7800,68.8400,66.8500,67.8900,7333890
2020-07-28,67.8900,69.2300,67.2300,68.5900,6533364
2020-07-27,68.6900,70.3000,68.0900,69.0400,12918319
2020-07-24,66.2600,66.8000,65.8500,66.7500,6951011
2020-07-23,65.7000,67.0800,64.6350,65.7700,9992817
2020-07-22,64.7200,65.5500,63.9700,65.4700,7099405
2020-07-21,65.0000,65.4500,63.8600,64.2900,7196000
2020-07-20,63.4800,64.4400,63.2100,64.1900,7338500
2020-07-17,62.0800,63.1600,61.7700,62.9200,6962700
2020-07-16,61.8100,62.6100,61.2100,61.5500,6165200
2020-07-15,61.6500,62.1800,60.4100,62.1400,5705300
2020-07-14,59.3700,61.8000,59.0500,61.7700,6881600
2020-07-13,62.5700,62.7300,59.4600,59.5400,8324400
2020-07-10,62.6300,63.0500,61.6200,61.8800,6189000
2020-07-09,64.2700,64.5400,61.5600,62.7300,8702200
2020-07-08,63.7900,64.2400,62.7000,63.4300,10902300
2020-07-07,60.8600,62.6400,60.8400,62.4700,9097300
2020-07-06,61.8500,62.3100,60.5000,61.1800,8335700
2020-07-02,60.8900,61.9900,60.2200,60.9600,8075700
2020-07-01,61.7700,61.7700,59.6000,61.3600,10870900
2020-06-30,59.5700,61.9700,59.1800,61.7400,9284100
2020-06-29,59.4800,59.9500,58.6600,59.5400,7236440
2020-06-26,58.3900,60.0900,57.6900,59.3400,18586600
2020-06-25,58.4700,58.7100,57.4700,58.5900,6045600
2020-06-24,58.7300,59.5500,57.7700,58.4100,8164900
2020-06-23,59.5700,59.9000,58.6700,58.9100,12777600
2020-06-22,58.3400,59.8900,57.8100,58.2200,14243300
2020-06-19,56.5100,57.4000,55.7700,56.9200,19096800
2020-06-18,55.6200,56.6300,55.2400,55.5300,9728800
2020-06-17,56.2700,56.9400,55.2300,55.5800,10072300
2020-06-16,56.9000,57.5700,55.5100,55.9500,10933300
2020-06-15,54.0900,57.1400,53.1600,56.8500,12170800
2020-06-12,56.8800,56.9900,55.1200,55.4500,8706500
2020-06-11,59.1500,59.8800,54.9900,56.0400,15915100
2020-06-10,58.2500,58.8600,55.7700,58.7300,12081200
2020-06-09,57.1100,57.4500,55.7300,57.1700,11910600
2020-06-08,54.3900,55.6400,53.5000,55.5400,9502300
2020-06-05,53.9600,54.9800,52.3300,54.7600,13454200
2020-06-04,57.0000,57.6600,55.4100,55.9000,10132800
2020-06-03,56.8900,57.6500,55.1600,56.0200,11839500
2020-06-02,60.9000,60.9100,57.9500,58.4700,7525700
2020-06-01,58.9500,60.5100,58.8100,60.4900,8050300
2020-05-29,60.0000,60.3000,58.3900,58.4700,23792900
2020-05-28,60.1400,60.3800,57.9400,58.7200,8497400
2020-05-27,57.1100,58.7400,55.7500,58.7300,14701700
2020-05-26,61.7300,61.7500,59.0000,59.2100,11325300
2020-05-22,64.3400,64.9800,62.7800,63.0500,4513000
2020-05-21,65.0000,65.0400,62.3000,63.4800,7481000
2020-05-20,67.3800,67.7500,65.5100,65.7200,7607900
2020-05-19,66.6200,69.1300,66.3500,67.3800,7241600
2020-05-18,68.1400,68.7700,65.8800,66.2600,8210800
2020-05-15,67.9600,68.4700,67.0000,67.9000,7419300
2020-05-14,64.1700,67.1000,64.0800,66.6400,8611300
2020-05-13,63.3400,64.5000,62.5800,63.8900,6876200
2020-05-12,63.2000,64.4700,62.3500,62.4800,5181700
2020-05-11,64.0700,64.8100,61.8300,62.9500,5997300
2020-05-08,64.9800,66.0600,64.0700,64.5500,6370900
2020-05-07,63.3400,65.3700,62.7200,64.5600,7032400
2020-05-06,64.0200,64.9300,62.2700,62.4300,7239500
2020-05-05,62.6900,65.0600,61.3300,64.9100,7367400
2020-05-04,62.1000,63.1300,61.2100,62.7400,8285100
2020-05-01,58.6500,61.3100,58.2100,60.9900,6214100
2020-04-30,61.2500,62.3100,59.3600,59.4800,6981800
2020-04-29,62.0100,62.8000,60.9200,62.3500,7349200
2020-04-28,61.5800,63.2400,60.9300,62.6700,6062200
2020-04-27,63.2600,63.6800,60.8600,62.6100,5424400
2020-04-24,63.5500,63.8800,61.7600,63.1100,6972400
2020-04-23,62.6400,64.6500,62.2100,62.4400,7648300
2020-04-22,60.9500,62.1500,60.5000,61.7300,8482400
2020-04-21,58.4900,60.0400,57.6400,59.2700,8977800
2020-04-20,59.1300,60.2200,58.5000,59.5400,8867500
2020-04-17,57.0800,59.4400,57.0800,59.2300,10473200
2020-04-16,57.8500,60.0000,57.8500,59.9000,7570800
2020-04-15,58.5400,59.7000,57.0600,58.2200,8304200
2020-04-14,60.0800,61.5300,58.8100,59.8900,11337500
2020-04-13,57.2200,60.4600,56.3300,59.7700,11329700
2020-04-09,51.1300,57.7000,51.1300,57.3100,15206700
2020-04-08,49.7900,50.7800,49.3600,50.5300,5422000
2020-04-07,50.0700,51.4100,49.3600,49.9600,7001900
2020-04-06,48.4300,51.1400,48.4300,50.1100,11003900
2020-04-03,48.2700,49.6000,47.0700,47.1500,7800400
2020-04-02,47.0700,49.7500,46.5600,48.2300,9184000
2020-04-01,45.0400,47.2900,44.7800,46.4700,8534100
2020-03-31,45.6800,47.7000,44.5900,45.2800,10537400
2020-03-30,46.4000,48.8000,45.6400,46.3600,8988400
2020-03-27,47.2600,48.8900,45.7100,46.3500,8734900
2020-03-26,48.1900,50.2900,46.9200,48.2800,10892400
2020-03-25,47.1500,48.9500,45.2700,47.5400,11293700
2020-03-24,45.1200,48.3000,43.6100,47.5000,11861300
2020-03-23,41.4400,43.9400,40.3900,41.6600,11250200
2020-03-20,42.3500,43.0200,39.1500,40.5600,11641500
2020-03-19,41.4400,46.3600,37.1300,41.7400,10520200
2020-03-18,44.4800,46.8700,40.0100,41.5700,12221100
2020-03-17,40.6000,46.4700,40.5800,45.8000,13940500
2020-03-16,34.3800,43.1900,33.0000,40.7300,17769500
2020-03-13,45.9100,46.2000,39.3900,39.5000,17784400
2020-03-12,41.3400,47.8500,39.5300,44.4400,14944800
2020-03-11,47.4600,48.3000,44.8600,46.0200,11533000
2020-03-10,48.5500,48.9100,46.3700,48.3800,13334700
2020-03-09,50.0000,50.5800,47.7500,47.7800,12440500
2020-03-06,52.1800,52.5000,50.1600,52.3500,12278100
2020-03-05,51.2100,52.2400,50.4300,52.0800,9960700
2020-03-04,50.2000,51.0700,48.5500,51.0000,10207100
2020-03-03,47.0500,50.9400,46.5400,49.7300,18278800
2020-03-02,45.6500,46.9100,45.3900,46.8300,12708700
2020-02-28,43.6900,44.9700,42.3700,44.6300,20172200
2020-02-27,49.9400,50.1700,46.4200,46.5300,13346800
2020-02-26,48.8800,49.8400,48.5100,49.4000,8875600
2020-02-25,49.5000,51.0700,49.0600,49.1400,11595000
2020-02-24,51.1500,51.3400,49.9800,50.2600,14746600
2020-02-21,48.9600,49.5900,48.3400,49.4400,10402900
2020-02-20,46.5900,48.9900,46.4000,48.1000,12255900
2020-02-19,45.7500,46.4200,45.6000,46.1700,8137500
2020-02-18,44.3100,45.7300,44.2600,45.5800,7514400
2020-02-14,43.8800,44.3400,43.8000,44.0700,6226600
2020-02-13,44.3500,44.3800,43.7800,44.0100,6076700
2020-02-12,44.1000,44.3600,43.6200,43.8900,4985100
2020-02-11,44.4100,44.6700,44.0600,44.2200,4584700
2020-02-10,44.0900,44.6400,44.0300,44.4200,4596500
2020-02-07,44.5800,44.6900,43.9300,44.0200,4691300
2020-02-06,44.3300,44.6000,44.1700,44.3900,4995000
2020-02-05,44.0700,44.4700,43.8500,44.3000,7317974
2020-02-04,44.9200,44.9700,43.5300,44.2300,10062600
2020-02-03,44.8200,45.7100,44.8000,45.5900,8395300
2020-01-31,44.9500,45.4100,44.8700,45.0600,7670900
2020-01-30,44.9000,45.2200,44.4300,44.9700,6521707
2020-01-29,44.3000,44.7100,44.0400,44.6200,4064400
2020-01-28,44.2100,44.4900,43.7400,44.3000,6324400
2020-01-27,44.8300,45.3600,44.2500,44.5600,7131800
2020-01-24,43.6500,44.3600,43.4600,44.2900,5677500
2020-01-23,43.2500,43.9300,43.1300,43.7000,5526700
2020-01-22,43.7400,43.8600,43.4200,43.7800,4257500
2020-01-21,43.2300,43.7600,43.0900,43.7100,7471400
2020-01-17,43.8400,44.0100,43.3600,43.4800,9702500
2020-01-16,43.4500,43.8400,43.0900,43.8200,5895500
2020-01-15,42.9900,43.6500,42.8700,43.5200,5997900
2020-01-14,42.2700,42.8500,42.1100,42.8300,6072600
2020-01-13,42.5300,42.9100,42.3600,42.4500,4808200
2020-01-10,41.7300,42.3500,41.7000,42.2700,6672600
2020-01-09,41.7400,42.2600,41.5500,41.6600,6096000
2020-01-08,43.2600,43.3900,41.9600,42.0800,9455300
2020-01-07,43.1600,43.5200,42.9800,43.2300,9378300
2020-01-06,43.7600,43.8500,42.9800,43.2600,10416400
2020-01-03,43.7500,44.0400,42.7900,42.8300,9148900
2020-01-02,43.5500,43.8800,43.1900,43.2200,6287500
2019-12-31,44.0000,44.0800,43.2200,43.4500,6608700
2019-12-30,42.8200,43.8900,42.8200,43.7500,5947800
2019-12-27,42.5600,43.0400,42.5500,42.7100,4971700
2019-12-26,42.4000,42.7300,42.2800,42.6900,4441100
2019-12-24,41.9500,42.3400,41.8200,42.1800,5370200
2019-12-23,41.0000,41.8300,40.8500,41.7700,8136500
2019-12-20,40.9400,41.2100,40.7700,40.9300,12074100
2019-12-19,41.0000,41.0700,40.6300,40.8800,5743300
2019-12-18,40.4700,40.9900,40.3500,40.9800,9230400
2019-12-17,41.1000,41.2100,40.4200,40.4700,6555500
2019-12-16,41.3900,41.4500,40.7400,40.9900,6745600
2019-12-13,40.7800,41.4100,40.6600,41.2900,5542900
2019-12-12,41.1000,41.2800,40.5700,41.1200,7604500
2019-12-11,40.3300,40.9500,40.1500,40.9000,7981800
2019-12-10,39.8100,40.0400,39.5900,39.9900,7025300
2019-12-09,40.1200,40.1900,39.5400,39.7200,6191700
2019-12-06,39.3800,40.0100,39.3800,39.8000,6397800
2019-12-05,39.1200,40.1900,39.0800,40.0000,9989100
2019-12-04,39.0900,39.5500,39.0300,39.1300,6389700
2019-12-03,39.0300,39.6100,38.8900,39.3800,9374200
2019-12-02,38.3000,39.0500,38.2500,38.7400,6762000
2019-11-29,38.1800,38.5700,38.1200,38.4000,2883900
2019-11-27,37.8300,38.3800,37.8300,38.1800,3772300
2019-11-26,37.8400,38.1500,37.6100,38.1400,11105300
2019-11-25,37.9100,38.2000,37.6900,37.7600,6133500
2019-11-22,38.2700,38.3300,37.8400,38.0900,3573000
2019-11-21,38.3700,38.5500,38.1000,38.2100,4116700
2019-11-20,38.4100,38.7500,38.0100,38.4700,5026500
2019-11-19,38.0300,38.7300,37.9300,38.3500,5652800
2019-11-18,37.5200,38.0800,37.4300,38.0600,4946200
2019-11-15,37.2800,37.6700,37.1900,37.6100,3475500
2019-11-14,37.5000,37.7700,37.3700,37.5400,3908500
2019-11-13,37.0300,37.6300,37.0300,37.3700,4728200
2019-11-12,36.8000,37.1200,36.4800,36.9000,4522000
2019-11-11,36.5100,36.9100,36.4600,36.7100,4957600
2019-11-08,36.2400,36.6900,36.0700,36.6100,8739900
2019-11-07,37.3700,37.3700,36.6400,36.9300,7555700
2019-11-06,37.7200,37.9200,37.3100,37.6500,5998000
2019-11-05,38.2500,38.9600,36.6400,37.5500,12383900
2019-11-04,39.5200,39.5900,38.8100,38.8900,7374600
2019-11-01,39.6800,39.8600,39.3300,39.6100,6446700
2019-10-31,39.1900,39.7600,39.0400,39.7300,5360500
2019-10-30,38.7500,39.3100,38.4800,39.0400,4983000
2019-10-29,38.4100,39.2700,38.2800,38.8400,4550200
2019-10-28,38.8100,38.9500,38.5300,38.8500,4266500
2019-10-25,39.6000,39.7800,38.9900,39.1800,4970300
2019-10-24,38.6000,39.2700,38.4500,39.1000,4402300
2019-10-23,38.4000,38.9000,38.0400,38.3800,5186200
2019-10-22,37.9700,38.4400,37.7100,37.8000,5796800
2019-10-21,38.6500,38.6500,37.7200,37.9600,4362000
2019-10-18,38.2900,38.6000,38.0800,38.4400,4616100
2019-10-17,37.8100,38.7900,37.6600,38.3100,4821800
2019-10-16,37.8500,37.8700,37.2600,37.8300,5139700
2019-10-15,37.7000,38.0899,37.6400,37.6900,4985292
2019-10-14,37.5700,38.1000,37.4500,38.0000,4264300
2019-10-11,38.4000,38.6600,37.5500,37.6200,9358600
2019-10-10,38.8900,39.0300,38.2200,38.9400,5189800
2019-10-09,38.8200,39.1100,38.5600,38.7800,4984800
2019-10-08,38.7300,38.9700,38.3500,38.9200,5972600
2019-10-07,37.9600,38.4500,37.7800,38.2600,4426800
2019-10-04,37.8800,38.5600,37.6100,38.3100,5038200
2019-10-03,38.1600,38.7700,37.9500,38.1200,5497600
2019-10-02,38.1200,38.3000,37.4800,37.8700,7175800
2019-10-01,37.5500,38.2200,37.4700,37.5600,7493200
2019-09-30,37.6300,38.3600,37.4500,37.9200,8069500
2019-09-27,38.7000,38.7900,38.3100,38.4000,9737400
2019-09-26,39.5900,39.8600,39.1400,39.3700,6263800
2019-09-25,40.1000,40.2000,39.1100,39.5700,5889800
2019-09-24,39.4500,40.6500,39.3600,40.2900,7122400
2019-09-23,39.8000,40.1600,39.5400,39.8500,6390400
2019-09-20,39.5000,39.9000,39.3000,39.8400,8300400
2019-09-19,39.3800,39.5800,39.1100,39.3900,4005200
2019-09-18,39.5300,39.7900,38.2900,39.0500,7375600
2019-09-17,38.6100,40.1700,38.5200,39.6000,10407300
2019-09-16,39.0500,39.2000,38.0800,38.4800,9420200
2019-09-13,38.7600,39.0200,38.1900,38.6200,9773600
2019-09-12,39.7200,40.1700,38.6200,38.6600,8816600
2019-09-11,38.4300,39.4800,38.3100,38.7200,7710000
2019-09-10,37.7600,38.5800,37.5500,38.1600,6777700
2019-09-09,39.2400,39.7500,37.7500,38.0600,8940800
2019-09-06,39.4400,39.5800,38.6200,38.6600,7188000
2019-09-05,40.7600,40.8000,38.9600,39.3400,10148300
2019-09-04,40.5200,41.0600,40.2600,41.0200,4671000
2019-09-03,40.0100,40.9300,40.0000,40.3900,7728300
2019-08-30,39.9600,40.2800,39.6300,39.8900,7082600
2019-08-29,40.9600,40.9700,39.7800,40.1100,6952000
2019-08-28,40.9600,41.2300,40.4700,40.8700,7510800
2019-08-27,39.6100,40.9900,39.5600,40.7500,9059900
2019-08-26,39.5500,39.9000,39.2100,39.4500,5598000
2019-08-23,38.8300,39.7000,38.5200,39.3000,10360100
2019-08-22,38.4300,38.7600,38.3000,38.4900,4176600
2019-08-21,38.3300,38.6500,38.2000,38.5300,4826200
2019-08-20,38.2600,38.8200,38.1900,38.5700,8847000
2019-08-19,38.0300,38.4900,37.8400,38.1300,5102000
2019-08-16,38.1500,38.6500,38.1000,38.5800,6727800
2019-08-15,37.8100,38.6900,37.7300,38.5200,6283300
2019-08-14,38.6000,39.2300,37.9600,37.9700,11955500
2019-08-13,39.1100,39.1100,37.2700,37.6600,10083500
2019-08-12,39.3400,39.4600,38.1300,38.4600,6174800
2019-08-09,39.2300,39.5000,38.9600,39.0300,6166300
2019-08-08,39.0300,39.4500,38.8000,39.2900,8680600
2019-08-07,38.8000,39.9400,38.7700,39.3500,15810900
2019-08-06,37.2800,38.0700,37.0400,37.9900,7883800
2019-08-05,37.9100,38.2600,37.2500,37.4200,10606100
2019-08-02,36.8300,37.2600,36.6600,36.9100,5882600
2019-08-01,35.9700,37.3900,35.6500,37.1500,11935000
2019-07-31,37.4800,37.6000,36.0300,36.5200,10687000
2019-07-30,37.8000,37.9300,37.3800,37.7300,4468900
2019-07-29,37.4800,37.7700,37.1900,37.7100,7817300
2019-07-26,38.0300,38.1900,36.9000,37.2800,10396600
2019-07-25,38.3300,39.6800,37.1200,38.2500,13468500
2019-07-24,39.5900,39.7600,39.1900,39.3000,7806900
2019-07-23,39.8400,40.3300,39.4900,39.6200,6647500
2019-07-22,39.3600,39.9100,39.1900,39.9000,6543100
2019-07-19,39.2800,39.8400,38.9100,39.2900,7218600
2019-07-18,38.8400,39.9800,38.6800,39.7000,9102600
2019-07-17,38.7900,39.3200,38.6300,39.0600,6436300
2019-07-16,39.1200,39.2400,38.5500,38.6900,6542500
2019-07-15,39.3800,39.4700,38.8500,39.1700,4264800
2019-07-12,39.3700,39.4900,39.1600,39.4200,4164500
2019-07-11,38.9800,39.4000,38.7500,39.2800,6613800
2019-07-10,38.9900,39.1300,38.7400,39.0500,6114200
2019-07-09,38.0200,38.7600,38.0000,38.7600,5115100
2019-07-08,38.5800,38.6700,38.0300,38.2900,4820500
2019-07-05,37.8700,38.5300,37.3600,38.4200,6581900
2019-07-03,38.5800,38.9100,38.2900,38.7600,5049300
2019-07-02,38.0400,38.5300,37.8000,38.4400,7180100
2019-07-01,37.6300,37.9900,37.2100,37.9100,8806600
2019-06-28,38.0400,38.4800,37.8700,38.4700,9132600
2019-06-27,37.8800,38.1300,37.6900,38.0800,7232900
2019-06-26,37.4500,38.3200,37.2100,38.2700,9849000
2019-06-25,38.6500,38.7400,37.9400,37.9400,13505400
2019-06-24,37.7400,38.4400,37.4200,38.4400,13605300
2019-06-21,37.6000,37.8800,37.2700,37.4900,19060400
2019-06-20,37.6000,38.4700,37.3700,37.5800,19911400
2019-06-19,35.7600,36.5000,35.6100,36.3600,11639810
2019-06-18,36.5000,36.6300,35.8100,36.0100,9141800
2019-06-17,35.9100,36.2500,35.6600,36.2200,7435200
2019-06-14,35.7600,36.2400,35.6900,35.9300,9563500
2019-06-13,35.5300,35.8400,35.3700,35.5500,8126100
2019-06-12,35.0900,35.6700,35.0900,35.4700,9086200
2019-06-11,35.2600,35.3900,34.8300,34.9200,15816500
2019-06-10,35.1400,35.3400,34.8400,35.2900,9607000
2019-06-07,35.4900,35.8500,35.2600,35.6700,11352300
2019-06-06,34.6100,35.4000,34.5100,35.3100,11645600
2019-06-05,34.5400,34.7500,34.0600,34.4900,10111000
2019-06-04,33.5000,34.3600,33.2500,34.3600,12264300
2019-06-03,33.3000,33.6300,32.8600,33.6300,11859600
2019-05-31,32.4600,33.4000,32.3700,33.0900,13522400
2019-05-30,31.7200,32.1700,31.6000,32.0900,6749100
2019-05-29,31.5800,31.7100,31.1000,31.6000,6370900
2019-05-28,31.7500,31.8800,31.4700,31.6700,11372900
2019-05-24,31.5400,31.9700,31.4700,31.9200,6135400
2019-05-23,31.6000,32.0300,31.3200,31.6400,8810000
2019-05-22,31.3700,31.5400,31.2100,31.3200,7263000
2019-05-21,30.9300,31.4500,30.8000,31.3400,7162200
2019-05-20,30.9000,31.4300,30.8000,31.1700,6864800
2019-05-17,30.4200,30.9800,30.3200,30.9200,6777900
2019-05-16,30.5000,30.7000,30.2100,30.5500,6742100
2019-05-15,30.9500,31.0100,30.6300,30.6900,9298100
2019-05-14,30.8500,30.8900,30.6200,30.8300,6982100
2019-05-13,30.4700,31.0800,30.2100,30.9100,9641700
2019-05-10,29.9800,30.3700,29.7700,30.1500,7544400
2019-05-09,30.1200,30.4600,29.8400,29.9300,6850800
2019-05-08,30.8600,31.1300,30.0100,30.2000,8983600
2019-05-07,30.0000,30.8300,29.8600,30.7200,13692300
2019-05-06,30.1100,30.1300,29.8200,29.9400,6190800
2019-05-03,30.4300,30.6400,30.1800,30.2200,7044100
2019-05-02,30.0400,30.4200,29.9400,30.1000,8289700
2019-05-01,30.9000,31.0700,30.0800,30.3200,7707000
2019-04-30,30.7400,31.0900,30.5300,31.0600,9588600
2019-04-29,31.3400,31.4500,30.5900,30.7600,13552700
2019-04-26,31.8700,31.9400,31.3700,31.4600,11462100
2019-04-25,32.8300,32.8300,31.1700,31.6300,11454200
2019-04-24,32.3600,32.6000,32.0800,32.2000,12384500
2019-04-23,32.2600,32.6400,32.2400,32.3700,11492700
2019-04-22,33.2400,33.2500,32.3500,32.5500,12610600
2019-04-18,34.1500,34.2200,32.8700,33.0400,26298500
2019-04-17,34.6400,34.9600,33.9700,34.1800,82542900
2019-04-16,35.1700,35.2200,34.6900,34.7900,11176500
2019-04-15,35.9800,36.2200,35.7800,36.1700,13278300
2019-04-12,36.1100,36.4200,35.6000,36.2500,10550700
2019-04-11,35.9300,36.2800,35.6500,35.9700,10950300
2019-04-10,36.5300,36.6900,36.2000,36.2700,6562100
2019-04-09,36.7000,36.7800,36.2100,36.6000,5079800
2019-04-08,36.7100,36.8300,36.3500,36.6600,6306500
2019-04-05,36.3500,36.5300,36.1100,36.5000,5761500
2019-04-04,35.9400,36.4900,35.6300,36.4800,10703000
2019-04-03,35.8700,36.1000,35.7100,35.9500,8077000
2019-04-02,35.5100,35.9200,35.3800,35.8300,11167100
2019-04-01,35.8400,36.0300,35.4300,35.6100,9228300
2019-03-29,35.8100,36.0300,35.6000,35.7700,9924500
2019-03-28,35.1700,35.9300,35.0600,35.5700,9611800
2019-03-27,35.6500,35.8400,35.3900,35.7100,11174200
2019-03-26,34.5400,35.5600,34.5400,35.5600,23925300
2019-03-25,34.8100,35.2800,34.5000,34.9000,26182900
2019-03-22,34.0500,34.8000,33.5500,34.5000,31349200
2019-03-21,33.8600,34.4800,33.5800,34.3300,15559800
2019-03-20,33.2000,33.9500,32.6600,33.8700,13382000
2019-03-19,33.2400,33.7900,33.1800,33.2800,9453900
2019-03-18,33.3200,33.3900,32.9500,33.0000,8772100
2019-03-15,33.5500,33.8900,32.9100,33.1400,14393100
2019-03-14,33.7800,34.0400,33.3900,33.4200,11498800
2019-03-13,34.7300,34.9400,34.2000,34.4100,17027300
2019-03-12,33.6300,34.6300,33.5200,34.5200,19818400
2019-03-11,33.2800,33.8100,32.4600,33.4500,40174200
2019-03-08,33.7500,34.0400,33.2100,33.7100,8988600
2019-03-07,33.0700,33.4200,32.9400,33.2200,16102400
2019-03-06,34.3800,34.4200,33.0900,33.1400,13029900
2019-03-05,34.3200,34.7500,34.2100,34.5000,8590900
2019-03-04,33.8000,34.5100,33.6600,34.4500,11457400
2019-03-01,33.8100,34.4800,33.6700,33.8200,11697700
2019-02-28,33.9200,34.3100,33.8000,34.1200,9454900
2019-02-27,34.8700,34.9000,33.8000,34.0200,13571800
2019-02-26,35.9800,36.2000,34.7300,34.9500,13697700
2019-02-25,36.3000,36.4900,35.4400,36.1000,14348900
2019-02-22,36.1900,37.6300,35.8300,36.4800,33898323
2019-02-21,35.7000,36.1000,34.4800,35.4100,12114563
2019-02-20,34.7600,35.8600,34.4000,35.3900,11681200
2019-02-19,33.6200,34.7400,33.0000,34.5300,10131300
2019-02-15,33.3800,33.4800,32.9600,33.2400,6160000
2019-02-14,33.1000,33.3100,32.7500,33.1100,7110100
2019-02-13,33.2800,33.6600,33.1200,33.2300,5427600
2019-02-12,33.8100,33.8100,33.2800,33.3900,5833400
2019-02-11,33.5200,33.8800,33.4100,33.6500,3945800
2019-02-08,33.8600,33.9800,33.5100,33.8400,4209200
2019-02-07,33.8700,34.2900,33.5800,33.7300,4099300
2019-02-06,33.8200,34.3100,33.8200,33.9800,4864300
2019-02-05,34.1000,34.1500,33.7000,34.1200,4709300
2019-02-04,33.4300,34.2100,33.3100,34.1600,5382900
2019-02-01,34.1300,34.1600,33.3600,33.8400,6208800
2019-01-31,33.8700,34.2500,33.5300,34.1100,8441500
2019-01-30,33.5800,34.1900,33.0600,33.7100,6900700
2019-01-29,33.3100,33.5900,32.7900,33.5400,8387900
2019-01-28,33.3400,33.5000,32.6700,32.9100,10985700
2019-01-25,32.6600,33.2000,32.5700,33.1600,10288800
2019-01-24,32.0000,32.2400,31.8400,32.1800,6683400
2019-01-23,31.9100,32.4800,31.7300,32.2000,8544500
2019-01-22,31.7600,32.1850,31.4500,32.1000,8188705
2019-01-18,31.5000,32.1400,31.3200,31.7700,8021500
2019-01-17,31.5500,31.6400,31.2100,31.6200,5386400
2019-01-16,31.0800,31.9600,31.0000,31.5600,8730200
2019-01-15,31.7700,31.9700,30.6700,31.0200,15514100
2019-01-14,32.8500,33.4900,31.6500,31.7800,28513700
2019-01-11,34.9100,35.1800,34.7400,34.8800,3821500
2019-01-10,34.3000,34.9300,34.1900,34.8200,5008400
2019-01-09,34.0200,34.5400,33.9700,34.3700,5259700
2019-01-08,33.6300,34.0800,33.3900,34.0700,6457200
2019-01-07,34.6700,34.9300,33.8000,33.9700,4868600
2019-01-04,33.9100,34.4900,33.2800,34.3800,8622600
2019-01-03,34.7400,34.8700,34.0500,34.3800,5763200
2019-01-02,34.4500,34.7800,33.9400,34.4800,4094800
2018-12-31,34.4700,34.7100,34.1200,34.6500,4149116
2018-12-28,34.8300,35.0800,34.2800,34.4700,5419457
2018-12-27,34.6600,34.9900,34.3400,34.9900,5537300
2018-12-26,34.8700,35.0400,34.0900,34.5300,5665200
2018-12-24,33.9800,34.6900,33.9100,34.5800,4266700
2018-12-21,34.2200,34.6700,33.4500,33.5300,16320500
2018-12-20,33.0000,34.3800,32.9300,34.0900,10570900
2018-12-19,34.2300,34.6700,32.0000,32.0900,10052400
2018-12-18,33.4500,34.6000,33.4500,34.1600,7394100
2018-12-17,33.5400,33.9300,33.4100,33.6100,6937061
2018-12-14,33.5700,33.7400,33.2100,33.3100,5086300
2018-12-13,34.1400,34.2400,33.6700,34.0400,5358900
2018-12-12,33.5000,34.2400,33.4500,34.0800,4670500
2018-12-11,33.7700,33.9400,33.2100,33.3400,5322100
2018-12-10,33.4100,34.4900,33.3300,33.5300,8010700
2018-12-07,32.9400,33.7200,32.5700,33.3900,6958000
2018-12-06,33.5600,33.8100,32.4200,32.6600,9165870
2018-12-04,33.4400,34.1300,33.3200,33.7900,6370900
2018-12-03,32.8000,33.3300,32.5900,33.2200,4446500
2018-11-30,32.1900,32.3800,31.7600,32.3400,7679800
2018-11-29,32.9100,32.9500,32.3400,32.3400,3673600
2018-11-28,32.0100,32.7200,31.6000,32.6900,4735200
2018-11-27,32.4300,32.6000,31.6500,31.9600,5086800
2018-11-26,32.5800,33.1300,32.3100,32.4700,4285100
2018-11-23,33.3400,33.3400,32.3500,32.4600,2598279
2018-11-21,32.9600,33.7000,32.9600,33.5900,4663300
2018-11-20,33.1500,33.1500,32.3700,32.9000,4627100
2018-11-19,33.2900,33.7000,32.6400,32.7900,5785500
2018-11-16,33.3400,33.6500,33.1400,33.3200,6020500
2018-11-15,32.5100,32.9400,32.3100,32.8600,5725000
2018-11-14,31.5200,32.7500,31.3400,32.4000,6549200
2018-11-13,31.5500,31.7400,30.9300,31.4100,5414300
2018-11-12,31.9500,31.9600,31.4100,31.5300,5148500
2018-11-09,31.9700,32.2700,31.5100,32.0200,4082800
2018-11-08,32.4200,32.6700,32.1300,32.4200,3802100
2018-11-07,32.5100,32.7900,32.1200,32.5000,5072200
2018-11-06,32.5000,32.5200,32.0400,32.3100,3806800
2018-11-05,32.4600,32.6700,31.8800,32.3900,4309400
2018-11-02,31.9200,32.4900,31.7200,32.4200,5260800
2018-11-01,31.5100,32.1800,31.2600,32.0600,5395100
2018-10-31,30.6800,30.9300,30.0600,30.9200,8680500
2018-10-30,30.6800,31.2800,30.4700,31.0000,6532300
2018-10-29,30.1100,31.4000,29.7000,30.7600,6416300
2018-10-26,29.8500,30.9900,29.7100,30.0000,9291100
2018-10-25,31.2100,31.7300,29.0600,29.6000,13657700
2018-10-24,32.2600,32.5200,31.6000,31.7600,6791000
2018-10-23,32.7200,32.7900,31.7700,32.4100,9212500
2018-10-22,32.0900,32.3500,31.4300,31.9700,6233800
2018-10-19,32.4600,32.7000,32.0600,32.1900,5932400
2018-10-18,31.9600,32.8600,31.7400,32.3700,6171900
2018-10-17,32.2100,32.7200,31.0000,32.1100,5330800
2018-10-16,32.8400,32.9400,31.9700,32.2900,4732600
2018-10-15,32.5600,33.2500,32.4900,32.6600,6878000
2018-10-12,32.3900,32.5400,31.3700,32.0400,9036300
2018-10-11,31.1700,32.9000,30.9000,32.7200,12410800
2018-10-10,30.5700,30.8400,30.0200,30.5600,6746100
2018-10-09,30.4500,30.5400,29.9400,30.1100,4048800
2018-10-08,30.0100,30.5600,29.7600,30.5200,5122300
2018-10-05,30.5000,30.7500,30.4500,30.5800,5168000
2018-10-04,30.5500,30.6900,30.1100,30.3700,4330300
2018-10-03,31.3100,31.5900,30.4700,30.4800,5430300
2018-10-02,30.6200,31.3200,30.5200,31.1700,7426700
2018-10-01,30.2000,30.4900,30.0200,30.3500,3437300
2018-09-28,30.2300,30.5600,30.0900,30.2000,4704400
2018-09-27,29.5900,30.3100,29.3000,29.9800,7219900
2018-09-26,31.1100,31.1100,29.8300,29.8700,8672800
2018-09-25,31.2400,31.7300,31.0200,31.2500,6117900
2018-09-24,31.6900,32.0900,31.0600,31.0900,8393900
2018-09-21,31.2100,31.7700,31.0900,31.5600,11595500
2018-09-20,31.8500,31.9400,31.2400,31.5000,5490800
2018-09-19,31.2100,31.7500,31.0200,31.5200,5752500
2018-09-18,30.8100,31.0900,30.5600,30.8500,3992100
2018-09-17,30.5300,30.7900,30.3000,30.6400,4716200
2018-09-14,30.1200,30.7800,30.1200,30.3800,5611900
2018-09-13,30.5600,30.9000,29.7500,30.2200,5274500
2018-09-12,29.3600,30.4400,29.3200,30.1600,6621300
2018-09-11,29.5100,29.8300,29.1600,29.6300,4991036
2018-09-10,29.9800,30.1300,29.6500,29.7400,4148600
2018-09-07,30.0600,30.3300,29.8500,30.1300,4473100
2018-09-06,30.2900,30.4900,30.0200,30.2400,5304100
2018-09-05,30.4600,30.4700,30.0000,30.1300,6077500
2018-09-04,30.5900,30.6400,30.0300,30.0900,7235800
2018-08-31,30.7500,31.4300,30.7300,31.0300,5266400
2018-08-30,31.5300,31.5500,30.7900,31.0500,6160800
2018-08-29,31.7900,31.9000,31.6300,31.7400,4871800
2018-08-28,32.4300,32.4900,31.6900,31.8400,4710500
2018-08-27,32.1000,32.4900,32.0300,32.2500,4579700
2018-08-24,31.9700,32.5200,31.8200,32.0300,5403900
2018-08-23,32.0100,32.0600,31.4600,31.6600,7476200
2018-08-22,32.2200,32.4700,32.1000,32.3200,4961800
2018-08-21,31.9900,32.0300,31.6100,31.9500,4545800
2018-08-20,32.2800,32.4600,31.6700,31.8900,6189700
2018-08-17,31.7400,32.3600,31.4500,32.0600,9395900
2018-08-16,31.9700,32.3600,31.5500,31.6000,10189800
2018-08-15,33.4700,33.6500,31.5800,31.8000,11054700
2018-08-14,34.7800,34.8100,33.8700,33.9400,5080979
2018-08-13,35.3700,35.7200,34.4800,34.6500,5416900
2018-08-10,35.5600,35.9600,35.3900,35.6000,3537700
2018-08-09,36.2100,36.4100,35.6800,35.7100,5359600
2018-08-08,36.2000,36.4000,36.0000,36.1600,4406700
2018-08-07,36.5000,36.6100,35.9800,36.0700,5070000
2018-08-06,36.2900,36.7500,36.1200,36.2100,4999200
2018-08-03,36.4200,36.8200,36.2000,36.4600,5108400
2018-08-02,36.1700,36.4600,36.0200,36.2300,4546000
2018-08-01,36.5000,36.7500,36.2200,36.4400,3800600
2018-07-31,36.7400,36.8700,36.3600,36.6800,4952300
2018-07-30,36.7800,36.9900,36.5700,36.7300,3860400
2018-07-27,37.9000,37.9200,36.7600,36.8900,4662700
2018-07-26,37.1800,38.6300,36.8000,37.8100,6702200
2018-07-25,37.3500,37.4900,36.9500,37.4700,4076800
2018-07-24,36.8900,37.3000,36.7000,37.1300,5169800
2018-07-23,36.9500,37.3700,36.5200,36.5700,4837000
2018-07-20,37.2200,37.3700,36.8500,37.0200,3575100
2018-07-19,36.6500,37.5000,36.6000,37.0100,4391500
2018-07-18,36.6000,37.3500,36.5400,37.1800,4088500
2018-07-17,36.2600,37.1400,36.2100,36.9400,4662500
2018-07-16,36.7700,36.8400,36.3700,36.5000,3121300
2018-07-13,36.9100,37.0700,36.7600,36.8400,2089100
2018-07-12,37.2700,37.5000,37.0900,37.1300,2671400
2018-07-11,37.5700,37.6400,36.9600,37.0700,4640300
2018-07-10,37.4100,37.9600,37.2800,37.9100,4242800
2018-07-09,38.2600,38.4000,37.5300,37.7900,4166500
2018-07-06,38.1900,38.2500,37.7400,37.8300,4052500
2018-07-05,37.9000,38.6000,37.8300,38.4300,3650300
2018-07-03,37.9700,38.6000,37.5600,37.6400,3885700
2018-07-02,37.4700,37.8300,37.2300,37.5500,2813100
2018-06-29,37.0600,38.1400,36.9500,37.7100,4935900
2018-06-28,37.2600,37.2600,36.8800,37.0000,4037100
2018-06-27,37.0100,37.4900,36.9500,36.9800,2638900
2018-06-26,36.6500,37.3700,36.6000,37.1700,3771100
2018-06-25,37.1600,37.4000,36.7500,36.9900,4024800
2018-06-22,37.2300,37.6100,37.1600,37.4600,5713600
2018-06-21,37.9000,38.0000,36.8600,37.0200,5091600
2018-06-20,38.4900,38.6100,37.8700,37.9500,3791300
2018-06-19,38.1800,38.5800,38.0600,38.3500,3981800
2018-06-18,38.2700,38.5600,38.1900,38.4300,3530500
2018-06-15,38.8000,38.8000,38.0200,38.4000,11737300
2018-06-14,38.9900,39.1900,38.8100,39.1600,3762800
2018-06-13,38.9600,39.0500,38.4300,38.7000,4064700
2018-06-12,38.8900,39.1300,38.5700,38.7900,4227900
2018-06-11,38.3300,38.6900,38.1800,38.5700,2947000
2018-06-08,38.5900,38.5900,38.2100,38.3800,3657100
2018-06-07,38.8000,38.9200,38.4300,38.5800,3642300
2018-06-06,38.4800,38.6900,38.2000,38.6600,6265900
2018-06-05,38.3200,38.8500,38.2600,38.5500,2979400
2018-06-04,38.7900,38.8300,38.1500,38.2500,3367100
2018-06-01,38.8900,39.0500,38.4400,38.6400,4140000
2018-05-31,39.3300,39.3500,38.7300,38.9300,6983900
2018-05-30,39.0200,39.3400,38.7700,39.1900,2619200
2018-05-29,39.0100,39.6500,38.8700,38.9300,4862700
2018-05-25,39.8300,39.9500,39.2600,39.4400,3788600
2018-05-24,39.6200,40.0300,39.5800,39.9700,3585900
2018-05-23,38.7700,39.6300,38.7700,39.5900,4073200
2018-05-22,39.3300,39.4900,38.7700,38.7900,3305900
2018-05-21,39.1800,39.4100,38.7700,39.3700,2758100
2018-05-18,39.2100,39.2900,39.0000,39.1600,3623700
2018-05-17,39.7100,39.7100,39.1900,39.3600,3091000
2018-05-16,39.4900,39.7400,39.4100,39.6900,3167500
2018-05-15,39.6800,39.7400,38.9700,39.5100,4709400
2018-05-14,40.5300,40.8400,40.1600,40.3900,3820800
2018-05-11,40.4200,40.6400,40.1300,40.3900,3015800
2018-05-10,40.1300,40.5400,40.1200,40.4200,3093200
2018-05-09,39.9300,40.2900,39.7900,39.9600,3096200
2018-05-08,39.6400,39.9800,39.2100,39.9800,3732200
2018-05-07,39.6500,40.2400,39.6300,39.8700,3164200
2018-05-04,39.5300,39.7500,39.4400,39.6500,3746800
2018-05-03,39.5200,39.8600,39.2800,39.8100,4935500
2018-05-02,39.4200,39.6100,38.8500,39.1900,6061900
2018-05-01,39.0200,39.2800,38.6700,39.2200,4192400
2018-04-30,40.3100,40.3500,39.2600,39.2900,5900800
2018-04-27,40.7500,40.9100,40.3400,40.6600,3454400
2018-04-26,40.5500,41.2000,40.1500,40.7700,2880000
2018-04-25,40.5500,41.0600,40.3500,40.5200,5238300
2018-04-24,41.2300,41.4900,40.8600,41.0500,4052400
2018-04-23,40.8600,41.2100,40.5500,41.0600,3383700
2018-04-20,41.7200,41.8100,41.1800,41.3500,3779900
2018-04-19,41.3300,41.9600,41.2400,41.9400,5464700
2018-04-18,41.7500,41.9000,40.9800,41.0900,7317000
2018-04-17,41.4700,41.7900,41.2300,41.3800,4155300
2018-04-16,41.7500,41.8600,41.1200,41.4200,3876100
2018-04-13,40.8800,41.9800,40.8800,41.6000,5578000
2018-04-12,40.3100,40.7400,39.8300,40.4000,5722200
2018-04-11,40.0000,41.1400,39.8500,40.6400,9123700
2018-04-10,38.7900,39.7100,38.7500,39.4700,4794700
2018-04-09,39.3500,39.3500,38.1700,38.5800,5983100
2018-04-06,39.4000,39.6100,39.0500,39.2900,4107000
2018-04-05,38.7900,39.3800,38.6400,39.2700,4815300
2018-04-04,39.2000,39.2800,38.8400,38.9900,4202800
2018-04-03,39.1500,39.1500,38.6000,38.8300,3488800
2018-04-02,39.3900,39.6200,39.1800,39.2700,4128400
2018-03-29,38.2700,39.1700,38.2700,39.0700,4651000
2018-03-28,38.8300,38.9000,38.2200,38.3900,5371500
2018-03-27,39.4600,39.6400,38.9000,39.0300,5860182
2018-03-26,39.1500,40.0300,39.1500,39.8900,7543550
2018-03-23,38.2600,39.1700,38.1600,38.7600,6774027
2018-03-22,38.2600,38.4500,37.5900,37.6100,4713603
2018-03-21,37.5100,38.5300,37.3300,38.2200,5089346
2018-03-20,37.4400,37.5400,37.1900,37.3000,3478240
2018-03-19,37.3900,37.6000,37.1100,37.4700,5000652
2018-03-16,37.4000,37.6300,36.9600,37.3900,10243733
2018-03-15,37.8300,38.0800,37.2700,37.3100,4154487
2018-03-14,38.3100,38.5400,38.0700,38.1900,3307287
2018-03-13,38.0800,38.4700,38.0100,38.2200,3811644
2018-03-12,37.3100,38.0300,37.2800,37.9800,3640797
2018-03-09,37.6500,37.8500,37.2400,37.7100,5614341
2018-03-08,37.7200,37.8900,37.3200,37.6600,4095074
2018-03-07,38.5900,38.8800,37.6100,37.7000,5732367
2018-03-06,38.6300,39.1600,38.4200,38.8500,6411500
2018-03-05,37.7900,38.3700,37.4800,38.2800,4398500
2018-03-02,38.2800,38.5900,37.9300,37.9300,5202900
2018-03-01,38.0400,38.2700,37.1400,38.1100,6502700
2018-02-28,38.4800,39.0500,38.1700,38.2000,6166161
2018-02-27,39.1000,39.3100,38.1600,38.4400,5333684
2018-02-26,39.0200,39.3700,38.6500,39.3200,4740877
2018-02-23,37.8000,38.7500,37.6900,38.6900,4778106
2018-02-22,37.9700,38.7300,37.5800,37.6300,4903517
2018-02-21,38.5800,39.1300,38.0900,38.1600,5689805
2018-02-20,38.7400,39.0900,38.1900,38.3900,5698252
2018-02-16,39.1400,39.3900,38.6800,39.1100,5395581
2018-02-15,39.2000,39.4300,38.4800,39.4100,5359797
2018-02-14,36.9300,39.3100,36.8500,39.0000,8173046
2018-02-13,36.9300,37.2300,36.7400,37.0200,5274888
2018-02-12,36.9000,37.1900,36.4200,36.9100,6252815
2018-02-09,36.8800,36.8800,35.9800,36.7600,10984050
2018-02-08,37.1900,37.2300,36.5500,36.6100,13369643
2018-02-07,37.6200,37.8600,36.8800,37.0300,8713819
2018-02-06,37.4100,37.8300,37.0200,37.6300,8927804
2018-02-05,39.1700,39.4800,37.7600,37.8000,8332843
2018-02-02,39.8800,39.8900,38.9000,38.9700,5737415
2018-02-01,40.2300,41.0200,40.1700,40.3600,4338278
2018-01-31,40.3900,40.6100,39.8300,40.5100,5864924
2018-01-30,40.1200,40.5500,39.6500,40.1000,4143044
2018-01-29,40.7800,40.9200,40.0400,40.0800,4134315
2018-01-26,40.8500,41.3000,40.8300,41.0500,3011298
2018-01-25,41.7500,41.9300,40.6700,40.7700,5664777
2018-01-24,41.1700,42.0400,41.1700,41.5700,7979187
2018-01-23,39.5300,40.4400,39.1000,40.3200,3165329
2018-01-22,39.5500,39.6900,39.2400,39.6600,2634266
2018-01-19,39.6400,39.6400,39.2300,39.4700,3960089
2018-01-18,39.4800,40.0000,39.1700,39.2400,4590507
2018-01-17,39.6900,40.2500,39.4100,39.4500,5191040
2018-01-16,39.7900,40.2200,39.1300,40.0000,6914852
2018-01-12,39.0400,39.8400,38.8600,39.7900,5064915
2018-01-11,38.4100,38.9000,38.4000,38.8400,3508752
2018-01-10,38.4700,38.5000,38.0800,38.3400,3512437
2018-01-09,38.1500,38.3200,37.9500,38.1100,3880930
2018-01-08,38.3500,38.5200,37.9600,38.3600,4608294
2018-01-05,38.1800,38.4300,38.0200,38.4000,2870878
2018-01-04,37.7500,38.2600,37.3700,38.2600,3872274
2018-01-03,38.2100,38.2600,37.4900,37.8400,5073799
2018-01-02,37.8700,38.3000,37.8200,38.1600,4994590
2017-12-29,37.7000,37.7700,37.3700,37.5200,2720781
2017-12-28,37.8100,37.8100,37.3300,37.5100,2244850
2017-12-27,37.6200,37.8400,37.4500,37.6000,3517376
2017-12-26,37.0000,38.0400,36.9200,37.5700,4347701
2017-12-22,36.8600,36.9900,36.7100,36.9200,2216189
2017-12-21,36.5800,36.9300,36.5500,36.7300,3601930
2017-12-20,36.4800,36.7200,36.1100,36.6100,2812962
2017-12-19,36.5500,36.7800,36.1700,36.3500,3149138
2017-12-18,36.0500,36.9600,36.0000,36.6500,4439361
2017-12-15,36.2100,36.2900,35.8400,35.8700,10444970
2017-12-14,35.7500,36.0800,35.3800,35.9000,4411686
2017-12-13,34.6500,36.0200,34.5700,35.7500,6954217
2017-12-12,34.6200,34.6800,34.2000,34.5900,6460864
2017-12-11,35.1800,35.7500,34.5200,34.6700,7802954
2017-12-08,35.8300,36.2000,35.1700,35.4000,5300884
2017-12-07,35.5300,36.1300,35.4501,35.9200,4046354
2017-12-06,36.2500,36.3999,35.7800,35.8300,5797417
2017-12-05,36.6000,36.7950,36.0700,36.2000,5979490
2017-12-04,37.2400,37.2400,36.6600,36.8400,3760074
2017-12-01,37.0700,37.6100,36.7800,37.1900,5074427
2017-11-30,36.3500,37.2000,36.3500,36.9900,9251904
2017-11-29,36.7000,36.9100,36.3200,36.6000,4229114
2017-11-28,37.1300,37.5900,37.0900,37.1400,4032366
2017-11-27,36.9700,37.1100,36.6708,37.1000,4758077
2017-11-24,36.7300,37.0600,36.6550,36.6800,1705593
2017-11-22,36.5400,36.9200,36.4700,36.7100,4137215
2017-11-21,36.4900,36.7400,36.3000,36.3700,3855615
2017-11-20,36.1500,36.4900,36.0600,36.3300,2971914
2017-11-17,36.1300,36.3200,35.9300,36.2100,3137696
2017-11-16,36.0700,36.2000,35.8500,36.0900,2738818
2017-11-15,36.4700,36.4800,35.9399,36.0800,4065480
2017-11-14,35.5600,36.3450,35.4900,36.2800,4080106
2017-11-13,35.5900,36.0150,35.5000,35.7100,3310186
2017-11-10,35.8400,36.0800,35.4950,35.5200,4614299
2017-11-09,36.2200,36.4200,35.7400,35.8800,4036076
2017-11-08,36.2400,36.4900,36.1400,36.3100,3161189
2017-11-07,36.3800,36.5450,35.9950,36.0400,4314616
2017-11-06,36.1300,36.8000,36.1200,36.3700,3354689
2017-11-03,36.3700,36.4850,35.7600,36.0400,3428045
2017-11-02,35.8200,36.5000,35.7650,36.4800,5462943
2017-11-01,36.3600,36.4600,35.5900,35.6900,3998615
2017-10-31,36.1900,36.2999,35.8800,36.1600,4103668
2017-10-30,35.8000,36.3900,35.6200,36.2300,4162260
2017-10-27,35.7400,36.3500,35.6700,35.8000,4175380
2017-10-26,37.0100,37.1900,35.0700,35.8100,8556347
2017-10-25,37.0800,37.1800,36.1900,36.7700,7528840
2017-10-24,37.3200,37.5700,37.1000,37.1300,4013199
2017-10-23,37.4900,37.6800,37.1750,37.3700,4216379
2017-10-20,37.8700,37.9700,37.5500,37.7900,3467808
2017-10-19,38.0800,38.2600,37.7400,37.8400,3081239
2017-10-18,38.1100,38.3600,37.8600,37.8600,3320050
2017-10-17,37.6700,38.4600,37.5500,38.3500,3917430
2017-10-16,38.7500,38.7500,37.8500,37.9900,3928594
2017-10-13,38.6800,38.8462,38.3200,38.5900,2228827
2017-10-12,38.1000,38.5300,37.9800,38.3900,2743021
2017-10-11,38.0900,38.3300,37.4850,38.0800,3372173
2017-10-10,38.5200,38.5700,37.8400,37.9000,2692590
2017-10-09,38.2600,38.4400,38.1750,38.2800,2014118
2017-10-06,37.9100,38.1700,37.3799,38.0600,5160086
2017-10-05,38.1200,38.3000,37.9000,37.9500,2438591
2017-10-04,38.3000,38.4800,37.7600,38.0800,2984917
2017-10-03,38.0300,38.2700,37.8800,38.2300,2655897
2017-10-02,37.3300,37.9800,37.3300,37.8800,3448398
2017-09-29,37.6900,37.6900,37.2601,37.5100,2766553
2017-09-28,37.2200,37.8200,37.1200,37.6200,5976889
2017-09-27,37.2100,37.5000,36.8800,37.2100,6557817
2017-09-26,38.2700,38.5700,37.8750,37.9700,5111704
2017-09-25,37.8500,38.6600,37.6600,38.6300,4043849
2017-09-22,37.5400,37.9700,37.5400,37.8900,2854380
2017-09-21,37.1400,37.9200,37.0700,37.4300,4399450
2017-09-20,38.2700,38.7050,37.1500,37.6300,6177615
2017-09-19,37.8100,38.1500,37.7500,38.0900,3404249
2017-09-18,37.6300,37.9508,37.6100,37.7800,4079155
2017-09-15,38.1100,38.1400,37.5500,37.8500,4817003
2017-09-14,37.6800,38.2400,37.4100,38.0600,7732818
2017-09-13,38.1500,38.2600,37.7350,37.8800,3821257
2017-09-12,38.1400,38.4300,37.9600,38.3500,2809680
2017-09-11,38.8100,39.2800,38.0050,38.2200,5772968
2017-09-08,39.4800,39.5500,39.0300,39.3100,5476964
2017-09-07,38.7100,39.6250,38.6000,39.6000,5870077
2017-09-06,38.7200,38.9500,37.9900,38.3800,6312598
2017-09-05,38.9800,39.1100,38.4101,38.7500,6590870
2017-09-01,38.5900,38.8200,38.2200,38.6600,3950158
2017-08-31,38.1400,38.4300,38.0600,38.3400,6006392
2017-08-30,37.9800,38.1050,37.8000,38.0600,3991473
2017-08-29,38.8900,38.8900,37.7700,38.0400,7078794
2017-08-28,37.2700,38.9100,37.2400,38.3000,8987942
2017-08-25,37.0000,37.3400,36.9800,36.9900,4156927
2017-08-24,36.9400,37.0950,36.6400,36.8200,4816427
2017-08-23,36.5600,37.0000,36.5600,36.9800,2969492
2017-08-22,36.5100,37.1300,36.4000,36.5000,3407707
2017-08-21,35.9900,36.7900,35.9200,36.6100,4852496
2017-08-18,36.4400,37.3000,35.7800,35.8300,7421115
2017-08-17,36.2100,36.2100,35.8800,36.0500,4969187
2017-08-16,35.7500,36.2300,35.6100,36.1300,4690947
2017-08-15,35.4500,35.9400,35.2200,35.7700,3863802
2017-08-14,36.3000,36.3500,35.8600,36.0200,5172864
2017-08-11,36.4900,36.7400,36.2800,36.5300,4370099
2017-08-10,36.5000,36.6600,36.2800,36.4400,4594127
2017-08-09,36.2700,36.3300,35.7200,36.1000,4510180
2017-08-08,36.2900,36.3800,35.5000,35.7400,4744042
2017-08-07,36.1500,36.4400,35.9700,36.1700,3290892
2017-08-04,36.2900,36.5500,35.9000,36.1500,4070584
2017-08-03,36.7900,37.0700,36.5600,36.5900,4405559
2017-08-02,36.7100,37.1400,36.4900,36.8700,3854043
2017-08-01,37.1000,37.2500,36.7801,36.9800,5267360
2017-07-31,37.0700,37.3300,36.8100,37.1700,5294834
2017-07-28,36.6400,37.1300,36.3600,37.0600,4310984
2017-07-27,37.2700,37.3500,36.3500,36.4400,7499784
2017-07-26,35.9300,37.3000,35.8200,36.9600,7639094
2017-07-25,34.5800,36.6352,34.5000,36.2400,8889549
2017-07-24,34.3900,34.4700,33.8900,33.9000,4838842
2017-07-21,34.1500,34.4600,34.0300,34.3900,4453172
2017-07-20,33.8200,34.3150,33.7100,33.9200,5914318
2017-07-19,33.6600,34.0600,33.6200,33.8800,4074811
2017-07-18,33.8800,33.9600,33.4900,33.7100,5599069
2017-07-17,33.4700,33.9910,33.4200,33.7300,3465743
2017-07-14,33.4200,33.6400,33.2400,33.3000,4318698
2017-07-13,33.1500,33.4500,32.9000,32.9400,3915746
2017-07-12,33.3500,33.4800,33.0700,33.1700,3972977
2017-07-11,32.5300,33.0100,32.1850,32.9500,3961430
2017-07-10,31.9400,32.6650,31.7000,32.5300,4396599
2017-07-07,32.1500,32.3500,31.8600,32.0300,4117394
2017-07-06,32.5600,32.7200,32.2100,32.2800,3849879
2017-07-05,32.1300,32.9901,32.0045,32.6800,8012203
2017-07-03,31.7800,31.9700,31.4200,31.8900,4024563
2017-06-30,32.2300,32.5300,32.1200,32.3900,4430935
2017-06-29,32.8200,32.8200,32.2000,32.2300,5846832
2017-06-28,33.1800,33.4300,32.6650,33.0400,3794205
2017-06-27,34.0200,34.0200,32.9900,33.0700,5678454
2017-06-26,33.4900,34.0850,33.4302,33.7700,3288554
2017-06-23,33.8400,33.9400,33.6400,33.8100,4225573
2017-06-22,33.3800,33.6700,33.1500,33.5000,3539903
2017-06-21,32.8800,33.2250,32.6800,33.1500,2643686
2017-06-20,32.8300,32.9957,32.5500,32.8400,3270926
2017-06-19,32.7700,33.1153,32.5550,32.8800,4357640
2017-06-16,33.1500,33.2500,32.7100,32.8400,7167572
2017-06-15,33.4500,33.8000,32.9200,33.0400,6785939
2017-06-14,35.0700,35.1100,33.5000,33.7200,6495962
2017-06-13,34.3000,34.8269,34.2400,34.4800,3926635
2017-06-12,34.0000,34.6300,33.9600,34.3800,4358345
2017-06-09,34.5300,34.8300,34.1800,34.3000,4609478
2017-06-08,35.2800,35.2900,34.8400,35.0200,5657248
2017-06-07,35.2700,35.5610,34.8000,35.5100,4612081
2017-06-06,34.2900,35.4250,34.0600,35.4000,8024596
2017-06-05,34.0500,34.1300,33.5500,33.8400,3103023
2017-06-02,34.3000,34.6600,33.6900,34.0300,4521921
2017-06-01,33.5800,34.2200,33.5800,34.0200,3672440
2017-05-31,33.9500,34.3850,33.9000,34.1500,6508282
2017-05-30,33.7700,34.1050,33.7500,33.9700,3816921
2017-05-26,33.7200,34.2850,33.6000,34.1100,4549316
2017-05-25,33.5100,33.6900,33.1300,33.4300,3660473
2017-05-24,32.9600,33.7000,32.7200,33.6600,5903327
2017-05-23,33.7600,33.9700,32.9600,33.0500,4613233
2017-05-22,33.8700,34.0300,33.6400,33.6800,3863789
2017-05-19,33.4600,33.6800,33.3200,33.6300,5040531
2017-05-18,34.0200,34.1200,33.2500,33.3100,5675227
2017-05-17,34.2700,34.8100,34.1600,34.2600,6445440
2017-05-16,33.8800,33.9600,33.6350,33.7500,3930763
2017-05-15,34.1600,34.1600,33.6000,33.8700,3960264
2017-05-12,33.7800,34.0300,33.5600,33.7500,4557019
2017-05-11,33.0600,33.6400,32.8000,33.4800,5227912
2017-05-10,33.1000,33.1600,32.6000,32.9500,4372243
2017-05-09,32.4100,32.8300,32.3200,32.7600,3116803
2017-05-08,32.8800,32.8800,32.2900,32.6800,3303450
2017-05-05,32.4200,33.0700,32.3501,32.7300,3994656
2017-05-04,32.2800,32.5050,32.1200,32.2800,6785799
2017-05-03,32.9200,33.3600,32.6500,32.6900,5595790
2017-05-02,32.7000,33.0900,32.5000,33.0100,5389732
2017-05-01,33.6500,33.8600,32.6100,32.6800,6648944
2017-04-28,32.9700,33.9600,32.8900,33.8100,9427748
2017-04-27,32.8000,33.1300,32.4200,32.9100,11626694
2017-04-26,32.8500,33.0200,32.2800,32.9800,8567379
2017-04-25,33.7500,33.7500,32.0300,32.8900,12615266
2017-04-24,33.5700,34.1800,33.5000,33.7100,8432485
2017-04-21,33.5900,34.4400,33.5000,34.1300,7208182
2017-04-20,33.5800,34.1300,33.3600,33.6700,6495953
2017-04-19,34.2100,34.2900,33.3500,33.5200,7183680
2017-04-18,34.5500,34.5800,34.0000,34.3200,5122561
2017-04-17,34.4500,34.8850,34.3800,34.5900,4234999
2017-04-13,35.2000,35.2100,34.2500,34.5000,4889442
2017-04-12,35.1500,35.4200,34.4754,35.0800,4701151
2017-04-11,35.0000,35.5300,34.5400,35.1300,6272235
2017-04-10,34.0500,34.6900,33.8400,34.6100,3640173
2017-04-07,34.9700,34.9700,34.0800,34.3100,5300175
2017-04-06,34.2800,34.2900,33.8400,34.1700,3456204
2017-04-05,33.7400,34.5800,33.6900,34.3100,4764791
2017-04-04,34.0300,34.1900,33.8400,34.1900,4432347
2017-04-03,33.0500,33.9200,32.9500,33.8900,4680115
2017-03-31,32.8700,33.4000,32.6100,32.9600,4907407
2017-03-30,32.9200,33.1600,32.7900,32.9300,3199027
2017-03-29,32.9000,33.3200,32.8000,33.1900,3646732
2017-03-28,34.0000,34.2100,32.6400,33.0000,7314405
2017-03-27,34.0500,34.2700,33.7400,33.9100,8041100
2017-03-24,33.4900,33.7800,33.2800,33.4800,3728519
2017-03-23,33.9400,34.1700,33.0200,33.6200,6515675
2017-03-22,34.2300,34.5600,33.6300,33.8400,5400324
2017-03-21,33.5200,34.3500,33.5200,34.0300,7806761
2017-03-20,32.9100,33.5600,32.7300,33.5600,4462366
2017-03-17,32.9800,33.5000,32.7800,32.8400,12153981
2017-03-16,34.2400,34.4900,32.6900,32.8100,9823178
2017-03-15,32.6200,34.2200,32.2500,34.1000,7677220
2017-03-14,32.9500,33.2699,32.1500,32.4000,5640019
2017-03-13,33.2000,33.2300,32.6900,33.0200,5140182
2017-03-10,32.8300,33.1700,32.5700,32.9400,5165246
2017-03-09,32.8100,33.1300,32.5400,32.6000,6002571
2017-03-08,32.5300,33.5300,32.4800,32.8900,6441961
2017-03-07,32.6900,33.3500,32.5600,32.9800,6985485
2017-03-06,33.7300,33.8200,32.7500,33.0100,6954520
2017-03-03,33.5000,34.3050,33.3300,34.0700,7793012
2017-03-02,33.9000,34.1500,33.4500,33.6000,7457937
2017-03-01,33.7400,34.7100,33.3500,34.4200,7990391
2017-02-28,34.4500,35.0100,34.0100,34.2400,9200102
2017-02-27,35.8800,36.2400,33.7800,33.9700,9435925
2017-02-24,36.3100,36.9000,35.9500,36.0800,6940289
2017-02-23,36.5000,36.9900,35.8300,35.8600,6375965
2017-02-22,36.5000,37.0900,35.1500,36.0000,10081934
2017-02-21,36.5100,37.4900,36.1800,37.4400,5838565
2017-02-17,37.6400,37.6500,36.8100,37.0100,5687859
2017-02-16,37.3700,37.6900,37.2600,37.5700,5791343
2017-02-15,36.7300,37.1600,36.4100,37.0300,4339803
2017-02-14,37.6000,37.6800,36.7650,37.0900,5607481
2017-02-13,37.4200,37.5700,37.1400,37.3800,5312389
2017-02-10,36.9600,37.7200,36.7500,37.6500,5166439
2017-02-09,37.9900,38.0100,37.0700,37.2000,5051106
2017-02-08,37.5900,37.8700,37.2100,37.8500,6187131
2017-02-07,37.7300,37.7864,37.1200,37.3200,5430097
2017-02-06,37.2700,37.9400,36.8800,37.9400,7001692
2017-02-03,36.4800,37.2000,36.3100,36.7600,4651749
2017-02-02,36.7700,36.8800,36.1600,36.6800,6435359
2017-02-01,35.7400,36.0300,35.1733,35.8700,5210134
2017-01-31,35.8300,36.3500,35.8100,36.2800,7725198
2017-01-30,34.7100,35.4900,34.5900,34.9700,5456379
2017-01-27,34.2600,34.6700,34.2600,34.3800,4464932
2017-01-26,34.2000,34.2650,33.6300,34.1900,7629256
2017-01-25,35.3500,35.5800,34.4700,34.9500,9617704
2017-01-24,35.8900,36.9250,35.8300,36.0400,8576829
2017-01-23,35.3900,35.9950,35.0300,35.8800,5879543
2017-01-20,34.9100,35.3900,34.7400,35.0400,6267274
2017-01-19,34.7800,35.4400,34.6800,34.9300,6274068
2017-01-18,35.2000,35.9500,34.9000,35.2600,7530280
2017-01-17,35.6400,35.8400,34.9200,35.1400,6762671
2017-01-13,34.0000,34.6500,33.7500,34.5300,5209574
2017-01-12,35.2200,35.3539,34.1400,34.4700,7438878
2017-01-11,34.7800,34.7900,33.5200,34.3700,10796695
2017-01-10,35.6500,36.1700,34.8500,35.0800,7583382
2017-01-09,36.0800,36.1600,35.2100,35.3600,9028455
2017-01-06,36.0000,36.4900,34.9900,35.4200,7380014
2017-01-05,35.6000,37.2500,35.5900,36.5700,10484364
2017-01-04,34.9000,34.9950,34.1900,34.9600,7551779
2017-01-03,34.1200,35.0000,33.9500,34.6300,8000925
2016-12-30,35.4100,36.0850,34.0700,34.0700,11056177
2016-12-29,33.2700,35.3100,33.1500,35.2700,12097002
2016-12-28,32.6100,32.8700,32.2800,32.7800,6162676
2016-12-27,32.8100,33.2400,32.1700,32.5900,5522720
2016-12-23,31.4700,32.5550,31.4500,32.4600,4801714
2016-12-22,31.4000,31.8800,31.2700,31.4400,4499824
2016-12-21,31.8800,31.9550,31.2400,31.5500,5305752
2016-12-20,31.1700,31.7600,30.8500,31.6600,5781062
2016-12-19,31.7100,32.0800,31.3000,31.7800,6990002
2016-12-16,31.2700,31.8000,30.9300,31.6600,16748544
2016-12-15,30.8200,31.3700,30.4000,30.9100,11613757
2016-12-14,34.0800,34.4300,31.6500,31.6800,12005242
2016-12-13,32.5700,33.9400,32.4700,33.8700,8398128
2016-12-12,33.0700,33.1100,32.4700,32.6000,7251347
2016-12-09,33.6100,33.6600,32.5900,32.7900,9196191
2016-12-08,33.7300,34.0600,33.4700,33.8700,6026549
2016-12-07,33.4500,34.0200,33.2500,33.6200,8641193
2016-12-06,33.4000,33.8600,32.9000,33.0200,7289501
2016-12-05,32.7100,33.9700,32.6500,33.4800,9297174
2016-12-02,32.5500,33.6700,32.1500,33.5800,8707646
2016-12-01,32.1000,32.8500,31.5200,32.2700,13594357
2016-11-30,33.0000,33.2000,31.8048,32.4400,12803067
2016-11-29,32.7500,33.8300,32.5500,33.5500,7872884
2016-11-28,32.2500,33.5000,32.0600,33.4500,8924866
2016-11-25,31.7200,32.1500,31.5600,31.9200,3520709
2016-11-23,31.6800,31.9400,30.8200,31.5000,9091025
2016-11-22,33.3700,33.3900,32.1200,33.2000,7886042
2016-11-21,33.1100,33.4100,32.7500,33.0700,5606443
2016-11-18,32.5100,33.3400,32.2500,32.6900,8559091
2016-11-17,33.8900,34.2700,32.1700,32.7000,8020381
2016-11-16,33.8200,33.8900,33.0500,33.7600,6465839
2016-11-15,32.3600,34.0300,32.2500,33.9100,9748480
2016-11-14,31.2400,32.7600,30.1900,32.6000,13662149
2016-11-11,34.3800,34.5600,31.3600,31.5900,15364107
2016-11-10,36.8800,36.9000,34.3900,34.6800,11043430
2016-11-09,38.2500,38.4000,36.2400,37.0400,11900546
2016-11-08,36.5800,37.0500,35.6400,36.0600,7005416
2016-11-07,36.8200,36.8200,35.8100,36.4900,8040394
2016-11-04,37.6100,37.9549,37.1900,37.8000,5716418
2016-11-03,37.3800,37.9000,37.0100,37.7500,4604237
2016-11-02,38.5600,38.8700,36.9400,37.1800,8628380
2016-11-01,37.7000,38.4650,37.2300,37.9500,10721019
2016-10-31,35.5900,37.0950,35.2600,37.0400,8032704
2016-10-28,34.9000,35.9200,34.5700,35.3800,6244888
2016-10-27,36.0600,36.3800,34.1500,34.7900,8294739
2016-10-26,36.4600,36.6700,35.7600,36.1800,4602013
2016-10-25,35.9700,36.9600,35.7900,36.5900,6185160
2016-10-24,36.5700,36.6700,35.5600,35.8400,5191940
2016-10-21,36.8000,37.0000,36.0000,36.3500,4813940
2016-10-20,36.9700,37.1500,36.3500,37.0100,5314908
2016-10-19,36.8800,37.1600,35.9400,36.9800,7041434
2016-10-18,35.6000,36.2900,35.2500,36.1700,6027543
2016-10-17,34.6500,35.3300,34.5900,35.0300,4987508
2016-10-14,34.3500,35.0200,34.2200,34.2300,4875268
2016-10-13,34.9000,35.6500,34.3000,34.8100,5922542
2016-10-12,33.9300,34.7900,33.7150,34.5200,5932192
2016-10-11,33.9200,34.4400,33.2900,33.8500,7894688
2016-10-10,34.1900,34.5600,33.7850,34.0600,4365770
2016-10-07,34.7800,34.8500,33.5700,33.9700,8301998
2016-10-06,33.6200,34.2800,33.4700,34.0500,10482122
2016-10-05,34.6500,35.1000,34.0100,34.5900,8820415
2016-10-04,36.6800,36.8700,34.0000,34.2500,13009219
2016-10-03,39.0400,39.3300,37.8550,38.1000,5285443
2016-09-30,39.4800,39.8700,39.1350,39.2900,6140455
2016-09-29,38.9700,39.3600,38.5790,39.0500,4168431
2016-09-28,38.3900,39.3650,37.8100,39.2100,4896198
2016-09-27,38.8700,38.8700,37.9100,38.4800,6278148
2016-09-26,39.5400,40.0450,39.2400,39.2600,5351459
2016-09-23,40.4100,40.9100,39.3100,39.5600,7188590
2016-09-22,41.5100,41.9700,40.2500,40.7700,7111518
2016-09-21,38.8400,41.1500,38.6800,41.0300,11186172
2016-09-20,38.3800,38.6700,37.7800,38.1500,5386610
2016-09-19,38.7900,38.8800,38.2200,38.4300,5123270
2016-09-16,38.8300,38.9400,37.8600,38.2600,12826627
2016-09-15,38.3800,39.4000,38.2300,39.2000,7326896
2016-09-14,39.1800,39.4600,38.0750,38.6000,7504610
2016-09-13,39.8800,40.0590,38.5600,39.0200,6053504
2016-09-12,38.7500,40.5800,38.4000,40.3600,7326380
2016-09-09,41.2800,41.3000,39.1400,39.3000,7819721
2016-09-08,41.9700,42.6900,41.4700,41.5900,4776771
2016-09-07,41.7600,42.1200,41.1300,42.0900,5033421
2016-09-06,41.0900,42.0000,40.2600,42.0000,7722809
2016-09-02,40.2900,40.9900,39.8700,40.5200,8111806
2016-09-01,38.0300,39.4400,37.6200,39.4300,7784101
2016-08-31,38.0200,38.5600,37.7600,38.2400,8366162
2016-08-30,40.4600,40.5600,38.2700,38.6000,8804161
2016-08-29,39.5700,41.1400,39.5200,40.9100,5954956
2016-08-26,40.7800,41.4500,39.4800,39.9300,7098838
2016-08-25,39.9100,40.9700,39.5874,40.1600,8047920
2016-08-24,42.5000,42.5000,39.5900,39.8500,11352907
2016-08-23,43.7600,43.8250,43.0800,43.1500,3991580
2016-08-22,43.4900,43.7300,43.0600,43.3200,4926735
2016-08-19,43.6500,44.3100,43.2500,44.1700,5301596
2016-08-18,44.3300,44.7000,43.8400,44.4300,4809563
2016-08-17,44.0500,44.3500,42.9250,44.0000,8498587
2016-08-16,45.0100,45.1000,43.8500,44.2900,7402753
2016-08-15,45.1600,45.4500,44.7900,44.9200,3575691
2016-08-12,45.9800,46.0700,44.9700,45.1700,4100274
2016-08-11,45.6900,45.9100,45.2000,45.4300,4913008
2016-08-10,45.7600,46.0200,44.8700,45.5700,6344544
2016-08-09,44.7700,45.4700,44.4800,45.0000,5432539
2016-08-08,44.1300,45.0900,44.1300,44.6500,5148744
2016-08-05,43.7900,44.4900,43.5900,44.4300,7108746
2016-08-04,45.0900,45.4400,44.8350,44.9100,5411421
2016-08-03,45.6800,45.6800,44.7100,45.0200,6818223
2016-08-02,44.8800,45.9100,44.5700,45.8600,10251924
2016-08-01,43.7800,44.2400,42.9500,44.1600,5979641
2016-07-29,43.0400,44.1700,42.6600,44.0000,9260846
2016-07-28,42.4500,42.8100,41.7700,42.6700,6206952
2016-07-27,41.3700,42.5900,40.6500,42.3200,9394248
2016-07-26,40.3900,41.2850,40.1700,41.1300,5569677
2016-07-25,41.0500,41.0500,39.6600,40.1300,5869816
2016-07-22,40.3600,41.4850,40.2300,41.2700,6333104
2016-07-21,40.2900,40.8690,39.7600,40.5200,9353364
2016-07-20,40.6800,40.6900,39.0500,39.2900,9367576
2016-07-19,41.4200,41.5600,41.0003,41.3900,5212556
2016-07-18,41.4200,41.6300,40.9300,41.6300,4372680
2016-07-15,41.2400,41.5700,41.0400,41.3300,5246798
2016-07-14,40.1600,41.6800,39.9300,41.6200,7146424
2016-07-13,40.6400,41.2700,40.5700,40.8800,8628857
2016-07-12,40.6700,40.9500,39.9100,39.9600,9417789
2016-07-11,40.6500,41.0900,40.3700,41.0600,6749582
2016-07-08,40.7200,41.3899,40.2050,41.1400,10810226
2016-07-07,40.7900,41.2700,40.2400,40.9600,9383516
2016-07-06,41.0200,41.4600,40.5200,41.4200,10744621
2016-07-05,40.9800,40.9900,39.5400,40.3800,8247544
2016-07-01,39.8600,40.4900,39.4700,40.3400,9936950
2016-06-30,38.2300,39.2450,37.7650,39.1200,8520005
2016-06-29,37.6500,37.9600,37.5000,37.6900,7937007
2016-06-28,36.9200,37.7700,36.7800,37.1700,7983345
2016-06-27,37.6900,38.4500,36.8500,37.6900,10242443
2016-06-24,38.5000,38.6800,36.6400,37.1900,13571573
2016-06-23,35.4100,35.8700,35.0900,35.3900,5104674
2016-06-22,34.7600,35.8200,34.4900,35.7200,6744886
2016-06-21,34.5800,35.2199,34.2900,34.8300,5811701
2016-06-20,34.6900,35.4900,34.5400,35.3300,8017141
2016-06-17,36.1100,36.2900,35.1400,35.6500,16488609
2016-06-16,37.3300,37.3900,35.3550,35.6100,9760469
2016-06-15,35.2100,36.7100,35.0900,36.2400,8275606
2016-06-14,36.0300,36.0600,34.7700,35.1500,7210714
2016-06-13,36.8300,37.0000,35.5300,35.8900,7232894
2016-06-10,35.9900,36.8150,35.4100,35.7900,7896079
2016-06-09,35.4800,35.9650,35.3000,35.9000,6228142
2016-06-08,36.1100,36.4100,35.2800,35.3800,8405243
2016-06-07,35.0700,35.3700,34.8000,34.9500,6455655
2016-06-06,35.3000,35.6797,34.7600,35.4300,9725891
2016-06-03,33.8700,35.4600,33.7400,35.4000,11520883
2016-06-02,32.2700,32.6900,31.6800,32.3500,7453320
2016-06-01,32.5200,32.9700,32.0600,32.6600,8143340
2016-05-31,31.8300,33.0600,31.6200,32.4100,18529862
2016-05-27,32.2400,32.9500,31.6900,31.9600,8676778
2016-05-26,32.7900,33.0800,32.0750,32.4500,7888920
2016-05-25,31.5800,32.6599,30.8600,32.3800,10562254
2016-05-24,33.0700,33.2300,31.7000,31.7400,11534619
2016-05-23,33.0600,34.3000,32.8000,33.8300,7533311
2016-05-20,34.3800,34.5800,32.8800,33.7300,9888721
2016-05-19,32.5300,34.3540,32.3700,34.1400,10224041
2016-05-18,34.9600,35.6600,33.4100,33.5200,12197828
2016-05-17,35.1700,35.7500,34.7200,35.5500,9320737
2016-05-16,34.6900,35.5400,34.6500,35.4200,12033176
2016-05-13,33.4100,34.2350,33.1600,34.0700,8377490
2016-05-12,34.0400,34.2300,33.0300,33.2100,6572002
2016-05-11,33.8500,34.7000,32.7400,33.8800,9857573
2016-05-10,31.9400,33.1700,31.7300,33.0300,8040613
2016-05-09,32.8800,32.8900,31.8000,31.8300,8816029
2016-05-06,33.2700,34.6200,33.2700,34.1300,7152678
2016-05-05,32.7500,33.3000,32.3700,32.8600,6033363
2016-05-04,33.3800,33.8400,32.0400,32.3500,7702358
2016-05-03,34.5000,34.5924,33.3900,33.8300,7433030
2016-05-02,35.0600,35.2000,33.9300,34.3400,8473798
2016-04-29,33.3200,34.9900,33.3100,34.9700,11695433
2016-04-28,32.1800,33.6000,32.1700,32.9900,8569629
2016-04-27,32.1200,32.3350,31.2500,32.1000,8637783
2016-04-26,31.6800,32.1031,31.1900,31.9700,7012576
2016-04-25,31.3400,31.5900,30.8500,31.1100,5659188
2016-04-22,31.8500,32.3499,30.6700,31.2300,7738160
2016-04-21,30.9600,32.5800,30.9600,32.1900,12797752
2016-04-20,30.7700,31.7500,30.2200,30.4500,10380085
2016-04-19,30.2800,31.1100,30.0900,30.9100,8563970
2016-04-18,29.2800,29.5300,28.8099,29.4600,6009157
2016-04-15,28.9100,29.4700,28.5100,29.3700,6765225
2016-04-14,29.5200,29.6400,28.2550,28.6800,8802770
2016-04-13,30.4100,30.4700,29.3500,29.4800,9739341
2016-04-12,31.2300,31.2500,30.0000,30.6300,9658470
2016-04-11,29.5600,31.1500,29.3500,31.1100,12275282
2016-04-08,28.1200,29.3600,28.1100,29.1000,7872672
2016-04-07,28.1200,28.5500,27.9300,27.9600,8748647
2016-04-06,27.0000,27.7500,27.0000,27.7400,5366413
2016-04-05,26.8300,27.3300,26.4950,27.3000,6211329
2016-04-04,26.6000,26.6100,26.1200,26.3000,4141762
2016-04-01,26.0000,26.6600,25.6300,26.6200,6322213
2016-03-31,26.9700,27.1000,26.4200,26.5800,5123364
2016-03-30,26.7300,26.9000,26.1900,26.7500,8418762
2016-03-29,25.7800,27.0300,25.5100,26.9500,8561233
2016-03-28,25.6900,25.7700,25.3250,25.7000,4736186
2016-03-24,25.1400,25.4900,24.5900,25.4000,9239970
2016-03-23,26.5500,26.5600,24.9600,24.9800,13197868
2016-03-22,28.1500,28.2905,27.0800,27.3900,6044803
2016-03-21,27.6300,28.0900,27.4000,27.7900,5992872
2016-03-18,27.4600,28.2800,27.4200,27.7900,11861211
2016-03-17,27.8400,28.3935,27.4050,27.4600,9872259
2016-03-16,26.2000,27.6500,25.4650,27.5500,14623188
2016-03-15,25.8700,26.4800,25.8400,26.3700,6668135
2016-03-14,26.8800,27.1300,26.0800,26.1300,6631538
2016-03-11,27.1500,27.4900,26.3800,26.6800,9668241
2016-03-10,26.1500,27.6200,25.9900,27.3500,11884709
2016-03-09,25.4000,26.2700,24.8800,26.1400,9860321
2016-03-08,26.7900,26.9400,25.3700,25.8900,8073748
2016-03-07,26.4800,27.0931,26.0200,26.5300,9215072
2016-03-04,27.0300,27.9800,26.0700,26.1100,12895107
2016-03-03,26.2600,27.1300,26.1600,26.8200,8804167
2016-03-02,25.5100,26.4100,25.3100,26.2400,6976203
2016-03-01,26.2800,26.4600,25.0789,25.3900,11243822
2016-02-29,25.7100,26.3850,25.6350,25.8300,11024587
2016-02-26,25.1100,26.2450,25.1100,25.3500,11636761
2016-02-25,25.3100,25.9450,25.0300,25.8500,9888233
2016-02-24,25.9300,26.4000,25.2900,25.5800,12966927
2016-02-23,25.6200,25.8500,25.0800,25.3900,7551863
2016-02-22,24.0800,25.4900,24.0800,25.1200,11150072
2016-02-19,24.9200,25.6000,24.7300,24.8400,8760995
2016-02-18,24.2100,25.3300,23.1200,25.0700,14700791
2016-02-17,24.7900,25.1500,24.1000,24.8400,11513303
2016-02-16,24.6600,25.4500,24.3500,24.5600,14389344
2016-02-12,24.8000,25.9500,24.5600,25.7800,13207850
2016-02-11,26.0000,26.1000,24.8200,25.0400,20253946
2016-02-10,23.8100,24.3800,22.7000,24.3100,16592781
2016-02-09,25.5600,26.0150,23.9600,24.3000,24511271
2016-02-08,25.0200,25.9400,24.8900,25.1900,20368613
2016-02-05,22.6100,24.5000,22.3100,24.4100,16839508
2016-02-04,22.8900,24.1500,22.7800,23.3800,19597281
2016-02-03,20.3100,22.3950,20.3000,22.3400,16125827
2016-02-02,20.2500,20.4100,19.6000,20.0700,6831853
2016-02-01,20.0200,20.6450,20.0200,20.5500,9039618
2016-01-29,19.4100,20.0700,19.3200,19.9600,8927103
2016-01-28,19.2500,19.7500,18.7200,19.5300,10090914
2016-01-27,18.5400,19.4800,18.1842,19.4400,13948010
2016-01-26,17.8400,18.8000,17.7600,18.5000,9004410
2016-01-25,16.9400,17.7990,16.8700,17.6700,9736522
2016-01-22,16.4300,16.9300,16.2700,16.6800,5609485
2016-01-21,16.4700,16.7700,16.0500,16.6900,6599555
2016-01-20,16.6100,16.7200,16.0800,16.5600,10009535
2016-01-19,17.8100,17.8500,16.0600,16.3100,11851070
2016-01-15,17.6500,17.8699,17.4500,17.7000,10141624
2016-01-14,17.1700,17.6000,16.9300,17.2700,7699787
2016-01-13,17.0700,17.6100,17.0400,17.4800,8065246
2016-01-12,17.1200,17.1800,16.3800,17.0100,13887782
2016-01-11,18.1200,18.2400,16.6550,17.0100,8515104
2016-01-08,18.5100,18.7800,17.9000,18.0100,8792216
2016-01-07,18.8000,19.1100,18.2200,18.8600,12351449
2016-01-06,18.7100,19.0500,18.5300,18.5600,6267622
2016-01-05,18.5700,18.5700,18.1300,18.4200,5330942
2016-01-04,18.4400,18.7500,18.1600,18.4400,6578657
2015-12-31,17.7200,18.0500,17.6700,17.9900,4189021
2015-12-30,17.7100,17.8100,17.6200,17.7700,3502173
2015-12-29,18.1400,18.1700,17.8700,18.0300,4034875
2015-12-28,18.2900,18.4100,17.7400,17.9100,3948019
2015-12-24,18.2900,18.6100,18.2300,18.5400,2068276
2015-12-23,17.8600,18.2500,17.7600,18.1400,6848821
2015-12-22,17.5300,17.8900,17.4800,17.8000,4186812
2015-12-21,18.0900,18.2500,17.5000,17.6500,5473056
2015-12-18,17.8000,18.1500,17.5800,17.7100,10217237
2015-12-17,18.4400,18.4400,17.5000,17.6100,9910891
2015-12-16,18.7900,19.2600,18.6500,19.0800,7860182
2015-12-15,18.4500,18.5800,18.0700,18.4000,5912664
2015-12-14,19.0600,19.1300,18.2200,18.3500,7854163
2015-12-11,19.1300,19.8000,18.9300,19.1300,7556167
2015-12-10,19.5000,19.7900,19.4200,19.4300,4774187
2015-12-09,19.7600,20.0400,19.2900,19.6000,7829201
2015-12-08,19.6100,19.7000,19.1500,19.3800,6702450
2015-12-07,20.0300,20.1700,19.5500,19.7500,10049820
2015-12-04,18.9400,20.4900,18.8700,20.4600,14378327
2015-12-03,18.0900,18.9400,18.0300,18.7300,8865885
2015-12-02,18.0600,18.3900,17.7700,17.8500,6891627
2015-12-01,18.2400,18.4500,17.8500,18.3900,8016229
2015-11-30,17.5900,18.5200,17.4800,18.4100,10282976
2015-11-27,17.5000,17.6300,17.2400,17.3900,5513746
2015-11-25,17.7100,18.2500,17.6700,17.9100,4456724
2015-11-24,17.8200,18.1450,17.5800,18.0000,6283912
2015-11-23,17.5400,17.6700,17.2300,17.5600,5308283
2015-11-20,18.1000,18.1800,17.5800,17.6800,7405103
2015-11-19,17.8000,18.1099,17.6400,18.0500,6775455
2015-11-18,17.0000,17.7200,16.8150,17.6300,7371493
2015-11-17,17.5100,17.6700,16.6500,16.8800,8350618
2015-11-16,17.5900,17.9050,17.5000,17.6300,6463970
2015-11-13,17.3300,17.5100,17.2300,17.5000,4715608
2015-11-12,17.3700,17.8700,17.0800,17.3300,7344681
2015-11-11,17.5900,17.8300,17.4400,17.7900,4115861
2015-11-10,17.5200,17.8000,17.2900,17.4600,5361223
2015-11-09,17.4900,17.9400,17.2600,17.8600,7296177
2015-11-06,16.9900,17.7000,16.8100,17.5400,10575647
2015-11-05,18.9600,18.9600,17.2600,17.5000,14930383
2015-11-04,19.3600,19.5100,18.9200,19.0100,5260911
2015-11-03,19.3500,19.4900,18.8800,19.2200,6163489
2015-11-02,19.3200,19.7600,18.9800,19.6300,6089444
2015-10-30,19.9100,20.1300,19.4600,19.4600,8352715
2015-10-29,19.4800,20.5700,19.4400,19.8900,12489670
2015-10-28,19.0800,20.3000,18.5500,19.1500,12237930
2015-10-27,18.7600,19.1400,18.5200,18.7700,4803249
2015-10-26,19.3700,19.4100,18.7900,18.8000,7455120
2015-10-23,19.2400,19.6400,19.0500,19.5500,7362081
2015-10-22,18.3800,19.1300,18.3100,19.0300,6150365
2015-10-21,18.7000,18.7300,18.2200,18.4200,4465375
2015-10-20,18.7600,19.1400,18.6200,18.8400,6231238
2015-10-19,18.8600,19.2050,18.4700,18.5500,5876699
2015-10-16,19.3700,19.4600,18.9601,18.9900,8790871
2015-10-15,19.2200,19.4400,18.9900,19.3000,9496251
2015-10-14,18.7800,19.5900,18.4800,19.4700,12990263
2015-10-13,18.4300,18.6100,18.1500,18.3700,8485231
2015-10-12,19.2600,19.2600,18.2600,18.4500,8544755
2015-10-09,19.3000,19.4600,18.7400,18.9300,8381314
2015-10-08,18.6900,19.4100,18.5000,18.6600,9874394
2015-10-07,18.4900,19.2050,18.4000,18.9400,12793936
2015-10-06,18.1200,18.6500,17.8800,18.3500,12085524
2015-10-05,17.1800,18.1300,17.1800,17.9500,11190679
2015-10-02,16.4400,17.1000,16.2900,17.0700,9780726
2015-10-01,16.2300,16.4400,15.7500,15.8400,6982583
2015-09-30,15.5800,16.1700,15.5600,16.0700,7588097
2015-09-29,16.0200,16.2500,15.7300,15.8200,5447013
2015-09-28,16.2100,16.2800,15.9500,16.0200,8044674
2015-09-25,16.3500,16.6700,16.3400,16.5900,8021356
2015-09-24,15.8500,16.8100,15.6200,16.7800,11653189
2015-09-23,15.8700,15.8700,15.4500,15.5500,6135529
2015-09-22,16.2200,16.3600,15.4000,15.5900,11093992
2015-09-21,16.7800,16.9800,16.6050,16.6300,7641390
2015-09-18,17.6200,17.6500,16.7400,16.9800,20343886
2015-09-17,16.7600,17.4700,16.5700,17.2400,10181897
2015-09-16,16.2000,17.0700,16.1600,16.9400,7901338
2015-09-15,15.8400,16.3450,15.7900,15.9700,6661226
2015-09-14,16.0200,16.1900,15.7100,15.8900,7727934
2015-09-11,15.4300,16.2900,15.4300,16.2400,8944666
2015-09-10,15.7300,15.9100,15.5000,15.5600,6763368
2015-09-09,15.6900,16.0850,15.5500,15.6200,6041061
2015-09-08,15.8200,16.0250,15.5900,15.9600,7169673
2015-09-04,16.0200,16.0500,15.4600,15.7000,8313622
2015-09-03,15.9800,16.7100,15.9200,16.1900,7666110
2015-09-02,16.7800,16.8800,16.0200,16.2100,8052217
2015-09-01,16.9900,17.4400,16.6300,16.7300,6844789
2015-08-31,17.0000,17.2500,16.6800,17.0700,8089798
2015-08-28,16.7200,17.3700,16.6300,17.1700,9334460
2015-08-27,15.7600,16.8200,15.7100,16.7000,11330682
2015-08-26,16.1000,16.1100,15.3900,15.8100,12512288
2015-08-25,17.2400,17.2500,16.1050,16.1700,12012229
2015-08-24,17.7300,18.4799,16.7300,16.8900,14514002
2015-08-21,18.8500,18.9200,18.1000,18.1400,9452108
2015-08-20,18.3900,18.8000,18.1400,18.5500,10085094
2015-08-19,17.7400,18.0200,17.5430,17.9300,7384739
2015-08-18,17.5200,17.6800,17.3200,17.5400,5269519
2015-08-17,17.5700,17.9600,17.4500,17.8500,6796428
2015-08-14,17.7500,17.8116,17.2400,17.3500,5511911
2015-08-13,17.9700,18.0600,17.4600,17.4900,7245211
2015-08-12,17.3400,18.4400,17.3400,18.1400,14695514
2015-08-11,17.0000,17.1000,16.5800,17.0300,8891961
2015-08-10,16.2900,17.0700,16.0700,16.9500,11125375
2015-08-07,16.3700,16.7200,16.0800,16.1400,10186603
2015-08-06,16.4400,16.8700,16.2600,16.3600,9789154
2015-08-05,16.6500,16.9400,16.3100,16.3500,7465171
2015-08-04,16.6200,16.8400,16.2200,16.4000,9922497
2015-08-03,17.0900,17.2000,16.3900,16.4200,9042095
2015-07-31,17.8000,17.8000,17.1100,17.1700,10194085
2015-07-30,17.3500,17.7100,17.0500,17.2900,8478910
2015-07-29,17.7300,17.8700,17.2500,17.6700,11012079
2015-07-28,17.4400,17.6900,17.1500,17.6400,10645587
2015-07-27,17.6800,18.1500,17.1000,17.2200,11115033
2015-07-24,17.5200,17.9500,17.3600,17.8000,16378166
2015-07-23,18.7200,18.7400,17.5900,17.6000,14277032
2015-07-22,18.3200,18.9300,18.2200,18.5200,9766302
2015-07-21,18.5400,19.0800,18.3101,18.7400,14139177
2015-07-20,19.9600,20.0000,18.1200,18.1600,20495762
2015-07-17,21.1600,21.2000,20.6500,20.6900,7170718
2015-07-16,21.7000,21.7600,21.3300,21.3800,6842056
2015-07-15,22.0800,22.1500,21.7700,21.8000,4801446
2015-07-14,22.5000,22.6100,22.1000,22.1500,6344983
2015-07-13,22.3200,22.5550,21.8400,22.5000,5319312
2015-07-10,22.7500,22.9200,22.4300,22.5200,3260391
2015-07-09,22.8100,22.9000,22.3600,22.5900,3421179
2015-07-08,22.5500,22.7850,22.4000,22.5200,5278117
2015-07-07,23.3300,23.4700,22.4000,22.4100,10422886
2015-07-06,23.4700,24.0700,23.4400,23.8600,4706195
2015-07-02,23.3000,23.7050,23.2000,23.6700,4138079
2015-07-01,23.2500,23.4000,22.9500,23.1300,5159738
2015-06-30,23.4100,23.6050,23.1000,23.3600,5751521
2015-06-29,23.9100,24.0200,23.4300,23.5300,4722220
2015-06-26,23.8800,24.0500,23.7300,23.8300,3064705
2015-06-25,24.1100,24.1700,23.8100,23.9400,4113679
2015-06-24,24.2100,24.3900,23.9850,24.1200,3704935
2015-06-23,23.9200,24.4100,23.9100,24.1300,6100299
2015-06-22,24.2700,24.2900,23.8700,23.9500,6546023
2015-06-19,24.9500,25.0650,24.4500,24.6500,9280148
2015-06-18,24.9400,25.0900,24.7900,25.0000,7229359
2015-06-17,24.0400,24.6600,23.6350,24.5300,9398926
2015-06-16,24.0300,24.1500,23.8800,23.9400,5179818
2015-06-15,23.5400,24.4700,23.5000,24.0300,11170031
2015-06-12,23.5600,23.8600,23.4600,23.5500,8713357
2015-06-11,23.6600,23.8400,23.4900,23.6600,11342172
2015-06-10,24.0300,24.1300,23.6500,23.7000,38742225
2015-06-09,25.4200,25.9000,24.3700,24.4100,13320746
2015-06-08,25.9600,25.9700,25.6000,25.8400,3283767
2015-06-05,26.4200,26.4500,25.4800,25.9100,6117600
2015-06-04,26.1200,26.8100,26.0100,26.8000,5709673
2015-06-03,26.8600,27.0100,26.1400,26.3800,7394390
2015-06-02,27.3000,27.3400,26.9300,26.9500,4595095
2015-06-01,27.3500,27.4800,27.0050,27.1700,3644824
2015-05-29,27.4000,27.5600,27.1800,27.2400,5183098
2015-05-28,27.0800,27.5100,26.7700,27.4700,7655976
2015-05-27,26.6400,27.0900,26.4100,27.0300,4155407
2015-05-26,26.6200,26.7150,26.1000,26.5500,5750719
2015-05-22,26.9200,27.2700,26.8400,27.0100,3198109
2015-05-21,27.6200,27.6400,26.8500,27.0000,4965097
2015-05-20,27.1500,27.9000,27.1200,27.6600,5589132
2015-05-19,27.1800,27.4500,26.9800,27.0500,8448438
2015-05-18,27.6400,27.7150,27.3800,27.5500,3465918
2015-05-15,27.0800,27.7900,26.9900,27.6900,7154739
2015-05-14,27.5300,27.7700,27.1500,27.2000,4711620
2015-05-13,27.0300,27.6400,26.9600,27.3100,11211795
2015-05-12,26.6200,26.6600,26.3500,26.6500,5909101
2015-05-11,26.1700,26.3800,25.9600,26.3600,5557054
2015-05-08,25.9600,26.3200,25.7400,26.0400,4377481
2015-05-07,25.3100,25.8400,25.3000,25.8200,6652034
2015-05-06,26.1900,26.2300,25.5450,25.6500,4704528
2015-05-05,26.7400,26.7400,25.7500,25.9500,5919492
2015-05-04,26.6600,26.8000,25.9700,26.0500,5824243
2015-05-01,26.1700,26.5300,26.1200,26.4900,4582092
2015-04-30,25.9200,26.5300,25.6000,26.4900,6897195
2015-04-29,26.2800,26.7900,26.0900,26.4800,8159091
2015-04-28,25.7500,26.3800,25.6700,26.3500,7311021
2015-04-27,25.4700,26.3600,25.2700,25.5900,11701781
2015-04-24,24.3300,25.3800,24.2500,24.9800,12018899
2015-04-23,23.0200,23.5500,22.8800,23.4500,6326916
2015-04-22,23.4000,23.4900,22.5800,22.7700,5681212
2015-04-21,23.4700,23.6000,23.2700,23.5100,3883842
2015-04-20,23.4000,23.6100,23.3100,23.5200,5034611
2015-04-17,23.6500,23.9400,23.4400,23.5700,4912096
2015-04-16,23.6700,24.0400,23.5300,23.6200,6928613
2015-04-15,22.9000,23.5600,22.8300,23.5500,9440771
2015-04-14,22.5900,22.8900,22.5200,22.8200,5499405
2015-04-13,22.6700,22.8200,22.4300,22.5700,6968223
2015-04-10,22.5200,22.6100,22.2800,22.3300,4290524
2015-04-09,21.8900,22.3400,21.7600,22.2300,5125425
2015-04-08,22.3300,22.3800,21.8400,22.0800,5819037
2015-04-07,22.4900,22.5300,22.1400,22.1700,6258442
2015-04-06,23.0200,23.0950,22.4900,22.5800,8637113
2015-04-02,22.6800,22.9100,22.1499,22.3400,6505052
2015-04-01,21.8300,22.7700,21.7900,22.7200,6842522
2015-03-31,22.1200,22.2100,21.6800,21.7100,5269203
2015-03-30,21.9400,22.2650,21.7500,22.0200,3584892
2015-03-27,22.1900,22.5100,22.0800,22.2300,5659656
2015-03-26,22.9200,23.0800,21.9300,22.1600,7907348
2015-03-25,23.0300,23.2000,22.4700,22.4800,5973654
2015-03-24,23.1700,23.2000,22.7800,22.8600,6394046
2015-03-23,23.1500,23.2900,22.8500,23.1400,7510464
2015-03-20,22.9000,23.3300,22.8900,22.9500,17041580
2015-03-19,23.1400,23.3000,22.6600,22.8200,7612262
2015-03-18,21.9500,23.0700,21.8800,22.8700,8972341
2015-03-17,22.0400,22.4500,21.8550,22.1200,8400026
2015-03-16,22.1300,22.3800,21.8500,22.3000,5585397
2015-03-13,22.3000,22.3800,21.6550,22.3000,6589084
2015-03-12,22.4500,22.6300,22.0000,22.2900,6081515
2015-03-11,21.7200,22.4800,21.5000,22.2400,9245418
2015-03-10,22.3000,22.9300,21.6400,21.7700,13440897
2015-03-09,23.2800,23.3800,22.2300,22.4200,9893343
2015-03-06,24.3000,24.4100,23.1400,23.3000,11443728
2015-03-05,25.3100,25.6500,25.2000,25.3000,3450516
2015-03-04,25.5100,25.7050,25.0900,25.1900,7142054
2015-03-03,25.9300,26.3350,25.5200,25.6200,7914920
2015-03-02,26.4000,26.5100,25.6000,25.8900,7679297
2015-02-27,26.4000,26.7000,26.2600,26.3300,5931795
2015-02-26,26.3400,26.5500,26.1200,26.3100,6210645
2015-02-25,26.0000,26.1300,25.8200,26.0500,7922965
2015-02-24,25.2100,25.9100,25.2000,25.8100,5847896
2015-02-23,25.5200,26.1300,25.2500,25.9600,7609649
2015-02-20,25.1800,26.3800,25.0700,25.5800,13558258
2015-02-19,24.8100,25.0200,24.3850,24.4600,8870079
2015-02-18,24.1500,24.8500,23.8500,24.7400,8069782
2015-02-17,24.3400,24.6000,24.1700,24.1900,6205214
2015-02-13,24.7500,25.0600,24.6600,24.7800,5186788
2015-02-12,24.4100,24.7000,24.1100,24.5100,4488646
2015-02-11,24.4300,24.6000,24.0900,24.1400,5087339
2015-02-10,24.2900,24.5700,23.9600,24.4100,6217377
2015-02-09,24.2300,24.7400,24.1650,24.6100,5873551
2015-02-06,24.0000,24.3000,23.5900,24.0500,8316619
2015-02-05,24.5500,24.8600,24.3700,24.8200,6029502
2015-02-04,24.8200,25.0300,24.5000,24.8200,7070011
2015-02-03,24.8400,25.0650,24.1400,24.6200,9038078
2015-02-02,24.7400,25.2000,24.5600,25.1100,7496977
2015-01-30,24.1900,25.2200,23.9200,25.1500,11593149
2015-01-29,23.6100,24.3400,23.4200,24.1700,8849962
2015-01-28,24.8900,25.0500,24.0250,24.2600,11251272
2015-01-27,24.6700,25.2500,24.5299,25.1400,10774534
2015-01-26,23.8200,24.6300,23.3500,24.4900,11187793
2015-01-23,24.1400,24.4300,23.6700,24.1500,12056412
2015-01-22,24.3100,24.6900,23.9800,24.2900,13132423
2015-01-21,23.7700,24.4400,23.4300,24.3200,16959847
2015-01-20,22.8500,23.7200,22.7200,23.5700,17805262
2015-01-16,21.7200,22.2900,21.4900,22.2900,17596208
2015-01-15,20.7500,21.9000,20.6500,21.5100,16717705
2015-01-14,20.5300,20.7400,19.4200,19.7600,13541883
2015-01-13,21.5000,21.5300,20.2200,20.3600,12197184
2015-01-12,20.8600,21.4000,20.6800,21.1900,9233764
2015-01-09,20.2100,20.7300,20.1701,20.7200,7473173
2015-01-08,20.1000,20.3800,19.8900,19.9800,7803436
2015-01-07,20.0400,20.5200,19.7400,20.0900,8172062
2015-01-06,19.6500,20.6600,19.6200,20.2700,13197692
2015-01-05,19.5100,19.6000,18.8600,19.4600,7508108
2015-01-02,18.6500,19.3850,18.6000,19.3400,6535481
2014-12-31,19.1600,19.2300,18.8000,18.9000,6613304
2014-12-30,18.8600,19.4900,18.8100,19.2600,7763850
2014-12-29,18.7100,18.8500,18.5000,18.5900,6872811
2014-12-26,19.0500,19.1400,18.7250,18.8500,5454697
2014-12-24,17.9700,18.7100,17.9700,18.5700,3269903
2014-12-23,18.1100,18.6600,17.9500,18.0400,6756955
2014-12-22,18.8000,19.1700,18.0100,18.1600,12123371
2014-12-19,19.2900,20.0900,19.1200,19.1200,28755521
2014-12-18,18.7700,19.4300,18.6500,19.3900,10238695
2014-12-17,17.8300,18.5800,17.7900,18.5000,10957470
2014-12-16,18.3000,18.3700,17.6000,17.7800,11298576
2014-12-15,18.6400,18.9900,17.9100,17.9200,11147773
2014-12-12,19.5400,19.5400,19.0200,19.0500,8692578
2014-12-11,19.2500,20.0400,19.1000,19.5700,9181103
2014-12-10,20.0600,20.3490,19.4300,19.4500,8606160
2014-12-09,19.5200,20.4500,19.4300,20.0100,11862357
2014-12-08,19.1900,19.5300,18.6700,19.0800,10800183
2014-12-05,18.9400,19.1400,18.7200,19.0300,6889732
2014-12-04,19.5900,19.6900,19.2000,19.2700,6810290
2014-12-03,19.3900,19.8350,19.3000,19.6300,7863809
2014-12-02,19.2700,19.5650,18.9300,19.1800,9039895
2014-12-01,18.8900,19.8600,18.8700,19.6600,13529082
2014-11-28,18.9400,19.0600,18.3600,18.4000,6808252
2014-11-26,19.6900,19.7300,19.4100,19.5300,5101444
2014-11-25,19.1900,19.7300,19.1500,19.7100,17163756
2014-11-24,19.5400,19.6350,19.1100,19.1700,11115629
2014-11-21,20.0700,20.0700,19.2700,19.6900,9471807
2014-11-20,19.3400,19.7050,19.2200,19.5800,6906434
2014-11-19,19.9500,19.9700,19.0100,19.1100,14203581
2014-11-18,19.5700,19.9600,19.3400,19.9000,10335899
2014-11-17,19.2100,19.3600,18.6600,19.2400,10062027
2014-11-14,17.9000,19.2000,17.7500,19.1500,13315511
2014-11-13,18.7000,18.8300,18.1500,18.2400,7134625
2014-11-12,18.9500,19.0400,18.1800,18.4600,8325917
2014-11-11,18.1500,18.8700,18.1500,18.7000,9720895
2014-11-10,19.0200,19.0200,17.9900,18.0600,9858428
2014-11-07,18.5000,19.2100,18.4700,19.1900,11441992
2014-11-06,17.9800,18.5600,17.9800,18.2000,9735814
2014-11-05,18.0900,18.6100,17.7700,17.8300,15489779
2014-11-04,18.9700,19.1500,18.6000,18.6600,9628242
2014-11-03,18.8500,19.1900,18.5300,19.1200,13148338
2014-10-31,19.5000,19.7000,18.5100,18.7600,22967313
2014-10-30,20.5900,20.6900,20.0700,20.3300,13824345
2014-10-29,21.6600,21.6900,20.7200,20.8100,13815520
2014-10-28,21.8000,21.9000,21.4500,21.8500,5637575
2014-10-27,21.8500,21.9000,21.4907,21.6300,6782016
2014-10-24,22.0000,22.1101,21.7300,21.9500,7961487
2014-10-23,22.4300,22.5100,21.8100,22.0000,9837138
2014-10-22,22.7900,23.0700,22.5900,22.5900,5775335
2014-10-21,23.0100,23.1800,22.8350,22.9000,4777738
2014-10-20,22.6600,22.9100,22.4800,22.8500,4655012
2014-10-17,22.7200,22.7900,22.3200,22.4000,6338299
2014-10-16,22.4500,22.9900,22.3900,22.7200,6736083
2014-10-15,22.5400,23.1000,22.4300,22.7000,7639940
2014-10-14,22.7200,23.2100,22.6300,22.7900,7158354
2014-10-13,22.4000,23.1600,22.3900,22.5200,6861491
2014-10-10,22.5300,22.9100,22.0700,22.2100,7234456
2014-10-09,23.5800,23.5800,22.0300,22.4500,12920050
2014-10-08,22.6900,23.7100,22.1520,23.6400,10617130
2014-10-07,23.2300,23.2300,22.4400,22.5500,8235114
2014-10-06,22.8500,23.2200,22.6300,23.1500,6769787
2014-10-03,23.0300,23.0600,22.5000,22.7000,11052669
2014-10-02,23.1200,23.4600,22.8800,23.2800,8723099
2014-10-01,23.2000,23.3300,22.9400,23.0100,6802387
2014-09-30,23.3400,23.5900,22.9000,23.0500,9251151
2014-09-29,23.8900,23.8900,23.4700,23.4800,5172908
2014-09-26,23.9000,23.9000,23.5100,23.8100,3972985
2014-09-25,23.6700,24.0100,23.4300,23.9100,5492696
2014-09-24,23.7100,24.2000,23.7100,23.8400,4184738
2014-09-23,23.9200,24.2700,23.6600,23.9900,8027034
2014-09-22,24.1000,24.1700,23.5100,23.6600,5775611
2014-09-19,24.5300,24.5500,23.9000,24.2100,8798300
2014-09-18,24.5300,24.5900,24.1800,24.4900,6698700
2014-09-17,25.0400,25.0700,24.6200,24.6700,7590900
2014-09-16,24.9600,25.3400,24.7600,25.0400,7402600
2014-09-15,25.1000,25.1200,24.7900,25.0200,4427000
2014-09-12,25.4100,25.5000,24.9200,25.1700,7362700
2014-09-11,25.3700,25.6200,25.0950,25.5900,6588700
2014-09-10,25.3900,25.5600,25.1800,25.3700,6760700
2014-09-09,25.4600,25.6100,25.2100,25.5400,5863800
2014-09-08,25.8600,25.8900,25.0270,25.2900,6349300
2014-09-05,25.6200,26.0200,25.5100,25.9700,6141200
2014-09-04,26.3500,26.5000,25.4900,25.6000,7383200
2014-09-03,26.3400,26.5200,26.1800,26.3100,5301500
2014-09-02,26.6500,26.8500,26.2300,26.4100,7019500
2014-08-29,26.6600,27.2000,26.6000,27.0900,3845500
2014-08-28,26.8700,26.9900,26.5900,26.8600,4512500
2014-08-27,26.4500,26.7500,26.3900,26.5200,3286000
2014-08-26,26.3300,26.5700,26.2800,26.5000,3469700
2014-08-25,26.3600,26.3700,25.7900,25.9800,4030900
2014-08-22,26.6500,26.6500,26.2500,26.3900,3772900
2014-08-21,26.3100,26.6900,26.0700,26.6100,6841100
2014-08-20,26.7700,26.9500,26.6100,26.7300,3957700
2014-08-19,26.9500,27.0150,26.7050,26.8300,4134500
2014-08-18,26.8700,26.9300,26.5300,26.8200,4734100
2014-08-15,26.5800,26.9950,26.5800,26.8900,5380700
2014-08-14,27.1200,27.3200,26.8600,27.0500,4960400
2014-08-13,27.1400,27.3999,26.9900,27.0700,4977500
2014-08-12,26.6500,27.3500,26.6100,27.0600,8333600
2014-08-11,26.3700,26.6300,26.3000,26.5300,3771200
2014-08-08,26.3200,26.5000,26.1100,26.3900,4405000
2014-08-07,26.2800,26.2800,26.0000,26.1800,5331100
2014-08-06,26.2000,26.5400,25.9100,26.0800,8999700
2014-08-05,25.3800,25.9300,25.2700,25.7800,5626900
2014-08-04,25.1700,25.7350,25.1700,25.6300,7706500
2014-08-01,25.1400,25.3600,24.7700,25.2000,6341600
2014-07-31,25.2800,25.4101,24.9100,24.9100,6438900
2014-07-30,25.6000,25.7300,25.0350,25.5900,5270700
2014-07-29,25.6800,25.7600,25.5300,25.5400,6562500
2014-07-28,25.0800,25.7100,25.0300,25.6400,5554600
2014-07-25,24.6600,25.2300,24.6000,25.1500,5551100
2014-07-24,25.0400,25.0900,24.6500,24.7800,6670800
2014-07-23,25.3800,25.4600,25.1300,25.1900,4503600
2014-07-22,25.3300,25.5491,25.2400,25.4100,4117400
2014-07-21,25.4200,25.6000,25.0700,25.3600,4550500
2014-07-18,25.1500,25.5300,24.9100,25.4200,1294904
2014-07-17,25.3000,25.6400,25.1100,25.4500,1449292
2014-07-16,24.8800,25.6100,24.8800,25.2200,8407700
2014-07-15,25.3700,25.5200,24.6600,24.6900,10524900
2014-07-14,25.1900,25.6400,25.0300,25.3200,5713900
2014-07-11,25.4900,26.1700,25.4300,25.9300,6778900
2014-07-10,25.9700,26.0400,25.3000,25.4400,9974300
2014-07-09,24.9900,25.6900,24.9500,25.5300,9526200
2014-07-08,24.8700,24.9600,24.4800,24.8000,7248800
2014-07-07,24.9900,25.1401,24.6800,24.7300,5365600
2014-07-03,25.1400,25.2100,24.8700,25.1900,3839500
2014-07-02,25.1100,25.5000,25.0500,25.3600,4465700
2014-07-01,25.4800,25.7200,24.7800,25.0800,5854500
2014-06-30,25.0300,25.5400,24.8200,25.4400,6524100
2014-06-27,25.0000,25.3590,24.8800,25.1900,5096300
2014-06-26,24.7900,25.0900,24.4600,25.0700,6636700
2014-06-25,24.7000,25.0300,24.5400,24.8800,5317400
2014-06-24,25.2800,25.4200,24.6700,24.6900,5886500
2014-06-23,24.8100,25.2514,24.5800,25.1900,5643800
2014-06-20,24.5300,24.9200,24.2900,24.8600,14264600
2014-06-19,24.0700,24.5900,23.9100,24.5400,12448000
2014-06-18,23.3300,23.7400,23.2300,23.7400,5886600
2014-06-17,22.9900,23.4300,22.8900,23.3100,4414800
2014-06-16,23.5000,23.5200,23.0700,23.1600,4283300
2014-06-13,23.2400,23.4800,22.9100,23.4000,4684200
2014-06-12,23.1500,23.4600,23.0700,23.3000,6296500
2014-06-11,22.8500,23.1900,22.8500,23.0900,5646100
2014-06-10,22.7800,23.0200,22.5700,22.7800,5020200
2014-06-09,23.0900,23.1200,22.6100,22.6700,4583400
2014-06-06,22.9600,23.1900,22.8000,23.1100,3680600
2014-06-05,22.9100,23.1625,22.6700,23.0200,5021100
2014-06-04,22.7300,23.0800,22.6000,22.8900,4973900
2014-06-03,22.5200,22.8300,22.2149,22.8200,5428700
2014-06-02,22.7800,22.9300,22.4500,22.5800,4135700
2014-05-30,22.6900,22.9000,22.5400,22.8900,4975300
2014-05-29,22.3000,23.0100,22.2600,22.7600,5895600
2014-05-28,22.5800,22.6200,22.2200,22.4800,7531000
2014-05-27,23.2200,23.2200,22.6100,22.6800,7567000
2014-05-23,23.3700,23.6200,23.3400,23.4000,3652600
2014-05-22,23.7100,23.7500,23.3100,23.3600,3741000
2014-05-21,23.5100,23.6100,23.4200,23.5900,4098300
2014-05-20,23.3200,23.6800,23.2800,23.6200,4102100
2014-05-19,24.1200,24.1300,23.2700,23.3400,8432700
2014-05-16,24.2400,24.2400,23.7700,23.9900,4389500
2014-05-15,24.3800,24.5500,24.1400,24.2900,4184200
2014-05-14,24.9100,24.9900,24.5900,24.6300,3563600
2014-05-13,24.4900,24.9700,24.4900,24.6800,3201300
2014-05-12,24.3200,24.6700,24.3200,24.5100,4430800
2014-05-09,24.0300,24.1200,23.7100,24.0200,3506000
2014-05-08,23.9900,24.1900,23.7800,24.0000,4286800
2014-05-07,24.2700,24.2900,23.7800,24.0100,8356600
2014-05-06,24.8200,24.8200,24.5000,24.6000,3488900
2014-05-05,25.0200,25.0200,24.7100,24.8500,3882000
2014-05-02,24.5700,24.9410,24.4000,24.7200,5708400
2014-05-01,24.6900,24.8900,24.3300,24.5300,6982900
2014-04-30,24.8600,25.0600,24.5600,24.8300,6504900
2014-04-29,24.6900,25.2700,24.6900,25.0200,10763100
2014-04-28,25.1800,25.3900,24.6100,24.6700,16927700
2014-04-25,25.6900,26.5000,25.6100,26.4500,11559300
2014-04-24,25.6200,25.8000,25.2700,25.4900,11984900
2014-04-23,25.0000,26.2600,24.9700,25.9200,12694800
2014-04-22,24.9800,25.2000,24.3150,25.0400,13739800
2014-04-21,25.4500,25.4600,24.6000,25.0500,16057500
2014-04-17,23.7400,23.9000,23.5000,23.5400,5468600
2014-04-16,23.8600,24.0200,23.5100,23.7500,5348200
2014-04-15,23.8000,23.9400,23.2800,23.8400,9240500
2014-04-14,24.5600,24.7400,24.2900,24.4100,6516200
2014-04-11,24.7400,24.7800,24.1000,24.2300,6458000
2014-04-10,25.1900,25.5100,24.6650,24.7900,6729000
2014-04-09,24.8300,25.3600,24.5700,24.9900,6965400
2014-04-08,24.8200,25.0610,24.6700,24.9500,6538100
2014-04-07,24.2700,24.8500,24.2100,24.4400,6916400
2014-04-04,24.4200,24.6450,24.0500,24.1100,6420000
2014-04-03,24.0600,24.1800,23.8250,24.1000,5475600
2014-04-02,23.8100,24.4600,23.7300,24.2400,7225200
2014-04-01,23.5200,23.7400,23.4000,23.4500,7455800
2014-03-31,23.9000,24.1000,23.3100,23.4400,7717300
2014-03-28,23.0100,24.1300,22.9200,23.9200,11288800
2014-03-27,22.9700,23.1500,22.6600,22.9400,12025500
2014-03-26,23.8900,24.0200,23.0000,23.0700,8926600
2014-03-25,24.0000,24.1930,23.8000,23.9200,5266400
2014-03-24,24.4500,24.6000,23.7500,23.8900,7845800
2014-03-21,24.9000,24.9000,24.3600,24.5500,12369300
2014-03-20,24.2600,24.9800,24.1900,24.5800,10636100
2014-03-19,24.9800,25.3400,24.4400,24.5000,8475400
2014-03-18,25.4400,25.6200,25.1999,25.2700,8310400
2014-03-17,25.9300,26.3700,25.5700,25.7700,11182900
2014-03-14,25.7700,26.2000,25.7200,26.1800,15073600
2014-03-13,25.0700,25.5300,24.8800,25.4800,8367300
2014-03-12,24.6800,25.1200,24.5900,25.0100,7971800
2014-03-11,24.3900,24.5500,24.0900,24.3500,8690800
2014-03-10,24.5600,24.6500,23.9400,24.3100,6126400
2014-03-07,24.5800,24.6400,23.8800,24.6000,9691100
2014-03-06,24.6700,25.0800,24.5300,24.9300,6717000
2014-03-05,24.2000,24.6600,24.0800,24.5800,8442200
2014-03-04,23.4300,24.2000,23.2800,24.1400,8861600
2014-03-03,23.9100,24.2500,23.4400,23.6300,9904400
2014-02-28,23.5600,23.6000,23.0200,23.2600,11152800
2014-02-27,23.6100,24.0750,23.3700,23.5900,8345300
2014-02-26,23.6600,23.9100,23.4000,23.5600,9645600
2014-02-25,23.6000,24.0800,23.5600,23.7500,10137900
2014-02-24,23.4600,23.8200,23.2900,23.6700,10767300
2014-02-21,24.0250,24.0900,22.7100,23.3800,23007300
2014-02-20,23.7200,24.5467,23.6400,24.4600,9989000
2014-02-19,24.1100,24.3201,23.6800,23.7700,9775000
2014-02-18,24.2600,24.3300,23.7500,24.2100,11650600
2014-02-14,24.1100,24.2250,23.4100,23.8300,13663900
2014-02-13,22.6600,23.5600,22.4600,23.5300,11128800
2014-02-12,22.8700,22.9400,22.3000,22.5100,11854300
2014-02-11,22.3100,23.0300,22.3100,22.9000,13940600
2014-02-10,21.7900,22.4300,21.7500,22.2000,12039500
2014-02-07,21.1000,21.6500,21.0200,21.5200,10569100
2014-02-06,20.9000,21.2600,20.7850,21.0100,9252400
2014-02-05,21.4000,21.4550,20.8600,20.8700,10105900
2014-02-04,20.9200,21.3100,20.9000,21.1800,13731400
2014-02-03,21.7000,21.8500,21.0000,21.0200,18057400
2014-01-31,23.7000,23.7400,21.2700,21.6000,35120000
2014-01-30,23.8400,24.3900,23.8000,24.1000,10652900
2014-01-29,25.0800,25.2200,24.3200,24.8700,10610400
2014-01-28,24.3400,24.7600,24.0800,24.6600,6615700
2014-01-27,24.6700,24.7100,24.1600,24.1800,9801600
2014-01-24,25.4600,25.6500,24.4600,24.8800,10538500
2014-01-23,24.8100,25.5000,24.7500,25.1700,10906700
2014-01-22,24.6800,24.7000,24.0901,24.3900,8278800
2014-01-21,24.3500,25.1200,24.2900,24.8200,10718900
2014-01-17,24.1800,24.8800,24.1700,24.5500,12786900
2014-01-16,23.8500,23.9600,23.5500,23.9500,6367800
2014-01-15,23.2700,23.8100,23.2200,23.5800,6889500
2014-01-14,23.7600,24.1200,23.2500,23.4100,9800500
2014-01-13,23.9600,23.9600,23.5300,23.8800,8471700
2014-01-10,23.6800,24.0400,23.5600,23.8000,8471900
2014-01-09,23.2900,23.4100,23.1201,23.2000,7136000
2014-01-08,23.6900,23.7300,23.3300,23.4000,8027400
2014-01-07,23.8500,23.9800,23.5100,23.9500,8783800
2014-01-06,24.2500,24.5400,24.0000,24.0800,9276100
2014-01-03,24.1700,24.2850,23.8800,23.9200,10233600
2014-01-02,23.4700,24.2700,23.4100,23.9600,12162400
2013-12-31,22.7500,23.2000,22.6300,23.0300,12182100
2013-12-30,23.4200,23.4200,22.9100,22.9300,8049100
2013-12-27,23.4500,23.6400,23.2900,23.5900,6062200
2013-12-26,23.4000,23.5900,23.2000,23.3300,8403900
2013-12-24,22.5000,23.1700,22.4900,23.1500,4842300
2013-12-23,22.5500,22.7700,22.4000,22.4900,7755900
2013-12-20,22.8400,22.9200,22.4500,22.6400,13475100
2013-12-19,22.7800,22.8500,22.3400,22.7600,11081500
2013-12-18,23.2200,23.6450,23.0600,23.1400,12813700
2013-12-17,23.1200,23.3600,23.0150,23.1100,8124700
2013-12-16,23.3200,23.5800,23.0100,23.1600,11719500
2013-12-13,23.5100,23.5490,23.2000,23.2800,8165300
2013-12-12,23.0000,23.4300,22.6800,23.2800,11035700
2013-12-11,24.1399,24.1400,23.3823,23.4700,8634900
2013-12-10,24.2700,24.5700,24.1500,24.1800,10227300
2013-12-09,23.1700,23.6800,23.1300,23.6000,8322100
2013-12-06,23.3700,23.5600,22.9700,23.0200,11527900
2013-12-05,23.2500,23.6900,23.0400,23.2000,11670500
2013-12-04,23.5600,24.2100,23.3500,23.8800,13170100
2013-12-03,23.6400,23.7700,23.2000,23.3800,11841600
2013-12-02,24.4600,24.6000,23.7900,23.8300,11139500
2013-11-29,24.8200,25.2000,24.7900,24.8300,4849700
2013-11-27,24.9900,25.2200,24.3500,24.6200,9522300
2013-11-26,25.1100,25.2700,24.5800,24.7200,13528800
2013-11-25,25.4300,25.7500,24.6800,25.5300,12263000
2013-11-22,25.9900,26.2400,25.6590,25.7400,6181100
2013-11-21,26.2000,26.2300,25.7100,25.8600,9806100
2013-11-20,27.0100,27.0900,26.2600,26.3900,8685300
2013-11-19,26.9700,27.3700,26.9100,27.3500,5138400
2013-11-18,27.7600,27.8100,26.9400,27.0400,6433000
2013-11-15,28.1500,28.4473,27.7900,27.7900,6057200
2013-11-14,27.5500,28.2000,27.5200,28.0700,8665100
2013-11-13,27.1000,27.3799,27.0000,27.3000,5809900
2013-11-12,27.4200,27.5400,26.7800,26.9800,7685600
2013-11-11,27.3400,27.6500,26.7400,27.5800,6432500
2013-11-08,27.0700,27.5900,26.5001,27.5700,8202700
2013-11-07,27.6900,28.0800,27.2800,27.3500,7975800
2013-11-06,27.6400,28.0800,27.5200,27.9200,7479900
2013-11-05,27.2300,27.5800,26.9900,27.3500,7843800
2013-11-04,26.3900,27.4200,26.2700,27.3300,10078400
2013-11-01,26.9700,27.0600,25.8750,25.9800,15062000
2013-10-31,27.5300,27.6600,26.9300,27.2600,9309500
2013-10-30,28.0400,28.4700,27.0600,28.0400,9020400
2013-10-29,28.0100,28.2200,27.5248,27.6500,6604700
2013-10-28,27.8500,28.5000,27.5100,28.0800,9074300
2013-10-25,27.5000,28.0200,27.3700,27.8300,8791900
2013-10-24,27.7200,28.1550,27.5900,27.6500,14327200
2013-10-23,28.4000,28.4868,27.2800,27.2900,9154900
2013-10-22,27.7500,28.7100,27.7500,28.4600,9769000
2013-10-21,27.0600,27.5100,27.0100,27.5000,5203900
2013-10-18,27.1200,27.2900,26.8110,26.9200,5134000
2013-10-17,26.8800,27.4200,26.6500,27.0600,9440300
2013-10-16,26.0100,26.2700,25.7100,25.8800,7096000
2013-10-15,25.5600,26.1600,25.3300,26.1000,11650500
2013-10-14,25.9200,26.0200,25.5700,25.7400,6981400
2013-10-11,25.8700,25.9200,25.5000,25.6200,11408700
2013-10-10,26.5800,26.6400,26.0200,26.3000,7409600
2013-10-09,26.1900,26.7600,25.8100,26.5000,9555800
2013-10-08,27.2100,27.4700,26.2850,26.3500,7929900
2013-10-07,26.9500,27.2800,26.8500,27.1700,6380400
2013-10-04,26.9600,27.0700,26.5700,26.8000,5443100
2013-10-03,27.4100,27.6800,26.9401,26.9600,6794300
2013-10-02,27.4800,27.7900,27.3300,27.5300,9921000
2013-10-01,27.4100,27.5000,26.7300,27.2100,13805800
2013-09-30,27.7400,28.3850,27.7000,28.1000,8034800
2013-09-27,28.3900,28.8075,27.8300,27.9800,8100700
2013-09-26,28.3600,28.6900,27.7800,28.1700,6432700
2013-09-25,28.1600,28.8300,27.9500,28.3100,8089000
2013-09-24,27.7000,28.2897,27.3900,28.0000,8518800
2013-09-23,28.1300,28.7500,27.7900,27.8800,8632000
2013-09-20,29.5200,29.5200,28.0700,28.0700,17722800
2013-09-19,30.9200,30.9700,29.3300,29.7800,10494600
2013-09-18,28.3900,31.1200,28.1200,30.8700,14837700
2013-09-17,28.2900,28.5200,27.9800,28.5200,6111900
2013-09-16,28.2000,28.7600,27.9800,28.1300,9132100
2013-09-13,28.1500,28.6750,27.7300,28.2000,10398900
2013-09-12,28.7000,28.8600,28.2000,28.2300,10800600
2013-09-11,29.2300,29.6300,29.0300,29.4600,7355300
2013-09-10,29.9000,29.9600,29.1500,29.2000,9572700
2013-09-09,30.4900,30.7500,30.0700,30.3800,6395900
2013-09-06,30.7900,31.1750,30.3400,30.4300,7376400
2013-09-05,31.4600,31.5300,30.2000,30.3000,10800900
2013-09-04,31.1700,31.7000,30.8500,31.6200,7005300
2013-09-03,32.0000,32.1800,31.2700,31.4700,7680500
2013-08-30,31.3800,32.1400,31.2700,31.7700,7643400
2013-08-29,31.1300,32.1200,30.7200,31.8300,9469700
2013-08-28,32.3700,32.9600,31.2300,31.3400,9748100
2013-08-27,34.0800,34.2700,32.0200,32.1100,10083100
2013-08-26,33.1900,33.8400,32.7700,33.2900,7491500
2013-08-23,32.1400,33.6300,32.0700,33.0000,7098100
2013-08-22,32.3100,32.9500,32.0100,32.1700,6518400
2013-08-21,32.5800,32.7700,31.8200,31.8400,6597900
2013-08-20,32.0500,33.1200,31.9400,32.8100,7176100
2013-08-19,32.3700,32.7700,31.9100,32.0800,6790300
2013-08-16,33.3500,33.9000,32.1400,32.3800,13106500
2013-08-15,31.5900,33.3750,31.4500,33.2200,13749600
2013-08-14,30.3200,32.1000,30.2200,31.9400,12370000
2013-08-13,30.7600,30.7600,29.8600,30.0800,7900400
2013-08-12,30.3900,31.2400,30.3000,30.9000,11570000
2013-08-09,28.7300,29.7800,28.2100,29.5100,10213500
2013-08-08,26.8000,29.0300,26.7150,28.7800,13608600
2013-08-07,26.6100,27.0400,26.4300,26.4800,8278700
2013-08-06,28.1000,28.1500,26.6100,26.6300,13002500
2013-08-05,28.7900,29.1600,28.3700,28.4800,6594900
2013-08-02,29.6000,30.1700,28.7100,28.7900,9403600
2013-08-01,30.2400,30.3500,29.5000,29.5900,8153400
2013-07-31,30.0300,30.5800,29.4400,30.0000,9465100
2013-07-30,29.8900,30.3400,29.6100,30.1500,7056400
2013-07-29,30.3800,30.5000,29.6000,30.1100,9565100
2013-07-26,29.4300,30.4400,28.5000,30.3800,10739900
2013-07-25,29.3700,30.7200,29.2600,29.9300,8694700
2013-07-24,31.0400,31.0500,29.0900,29.6100,9222400
2013-07-23,30.3400,31.4100,29.9500,31.1400,8952400
2013-07-22,29.8500,30.6800,29.7500,30.3500,9264600
2013-07-19,28.4400,28.9500,28.2000,28.6900,8712200
2013-07-18,28.3100,28.4450,27.7600,28.0600,5414900
2013-07-17,28.6400,29.0000,28.0000,28.0300,8000800
2013-07-16,27.7800,28.7400,27.7300,28.4500,9430000
2013-07-15,27.5500,27.6900,27.1600,27.5700,5790000
2013-07-12,27.9400,27.9400,27.1310,27.4300,7776300
2013-07-11,27.6700,28.3000,27.4000,28.1200,12726700
2013-07-10,27.0900,27.1900,26.4700,26.6100,11386200
2013-07-09,27.2200,27.5000,26.5800,27.0700,12729200
2013-07-08,28.1700,28.2600,27.0000,27.0200,10252300
2013-07-05,28.1100,28.1200,26.9700,27.7800,10035900
2013-07-03,29.4000,29.8099,28.8250,29.0200,6099300
2013-07-02,29.9000,30.1200,28.8550,29.1700,10360500
2013-07-01,30.3100,30.6899,29.1599,30.1800,12430700
2013-06-28,27.5800,30.2520,27.4400,29.9500,21341900
2013-06-27,27.6100,28.2300,27.3200,27.7100,12906200
2013-06-26,27.9500,28.0800,27.0700,27.2200,14951800
2013-06-25,29.1800,29.4500,28.4100,28.9300,9037700
2013-06-24,29.4500,29.6300,28.2900,29.0200,10225900
2013-06-21,30.0000,30.3700,28.8500,30.0500,14879100
2013-06-20,30.7400,30.8300,29.3950,29.7500,16749000
2013-06-19,32.6200,33.2300,31.8200,31.9000,6878300
2013-06-18,33.2300,33.2700,31.9700,32.5900,6809100
2013-06-17,33.2400,33.6300,33.1500,33.4400,4215100
2013-06-14,33.8100,33.8900,33.0100,33.1900,4417400
2013-06-13,33.0500,33.7000,32.7100,33.6600,5896800
2013-06-12,32.9400,33.5400,32.6500,33.3300,6374800
2013-06-11,33.3300,33.7300,32.7600,32.8100,6223000
2013-06-10,33.6700,34.1500,33.4300,33.9000,5114900
2013-06-07,34.4100,34.4200,33.7000,34.1100,6447800
2013-06-06,34.4600,35.3400,34.3800,34.9500,7140200
2013-06-05,34.5600,35.1400,34.1600,34.6000,6812300
2013-06-04,34.4700,34.6300,33.5800,34.4500,6600500
2013-06-03,34.4000,35.4400,34.3000,34.8800,8026900
2013-05-31,34.1300,34.2900,33.6700,34.2800,9006700
2013-05-30,33.6900,34.4800,33.6300,34.3400,9522000
2013-05-29,32.2200,33.1300,32.1200,33.1000,7391200
2013-05-28,32.0100,32.6500,31.5200,32.0500,6157100
2013-05-24,32.1500,32.5900,31.6450,31.9700,6072700
2013-05-23,32.4200,32.7400,31.8000,32.2200,6920900
2013-05-22,32.4300,33.1200,31.5100,31.9600,9599200
2013-05-21,31.5900,32.2200,31.3900,31.9400,8498600
2013-05-20,30.6600,32.3860,30.4200,32.2800,11313000
2013-05-17,31.2700,31.3200,30.3000,30.6300,12107700
2013-05-16,31.1700,31.9100,30.6300,31.4300,9623800
2013-05-15,32.2100,32.2780,31.4450,31.5700,9295900
2013-05-14,32.5400,33.0800,32.3500,32.5100,5164800
2013-05-13,32.9400,32.9400,32.3100,32.6200,4807800
2013-05-10,32.5000,33.1200,32.1000,33.1200,7016700
2013-05-09,33.4300,34.2500,32.9400,33.1600,7043100
2013-05-08,32.8700,34.0700,32.7800,33.9100,6976400
2013-05-07,32.6900,32.7390,32.0800,32.4500,8649200
2013-05-06,33.2900,33.4800,33.0400,33.0700,4865200
2013-05-03,32.7800,33.4300,32.7000,33.0000,6972900
2013-05-02,32.7900,32.9900,32.1900,32.6600,6347700
2013-05-01,32.1500,32.9650,31.7600,32.5900,10649200
2013-04-30,33.1400,33.3200,31.3300,32.4000,17564300
2013-04-29,33.8400,34.2700,33.6400,33.9700,5832700
2013-04-26,34.5000,34.5400,33.2300,33.4700,9658200
2013-04-25,34.8800,35.1300,34.2300,34.3300,11158100
2013-04-24,33.2700,34.5000,33.0500,34.3300,10937500
2013-04-23,33.1200,33.1600,31.7700,32.4300,10156600
2013-04-22,33.4300,33.9200,32.8000,33.4000,9701500
2013-04-19,33.4000,33.5700,32.3000,32.9800,9134700
2013-04-18,32.6100,33.1100,32.2000,32.7700,11663400
2013-04-17,33.6600,33.8200,32.1300,32.3600,15992800
2013-04-16,34.6900,34.8400,33.5300,33.7800,13910200
2013-04-15,34.3600,34.7400,33.5100,33.9200,22564900
2013-04-12,38.1100,38.2100,36.3500,36.3700,14376900
2013-04-11,39.0700,39.3200,38.5900,38.6500,6476300
2013-04-10,39.6700,39.8500,38.8550,38.9900,7059800
2013-04-09,39.1300,40.6400,39.0200,40.0300,8586900
2013-04-08,39.3600,39.5200,38.7400,39.0100,6577400
2013-04-05,39.7600,40.3200,39.1500,39.3700,8500500
2013-04-04,38.4100,39.2800,38.0700,39.1200,7520600
2013-04-03,39.6900,40.0100,38.3200,38.4700,11822400
2013-04-02,41.0000,41.1000,39.7500,39.8300,7999100
2013-04-01,42.0000,42.0000,41.2200,41.3900,4399700
2013-03-28,41.5100,41.9400,41.3400,41.8900,6398800
2013-03-27,41.1300,41.8600,40.9300,41.7400,5638800
2013-03-26,40.9700,41.1299,40.5300,41.0800,5625900
2013-03-25,41.5600,41.6200,41.0600,41.0900,5565100
2013-03-22,41.2200,41.6490,41.1400,41.6100,4541000
2013-03-21,40.6300,41.8350,40.6000,41.4500,8801600
2013-03-20,40.3400,40.6400,40.1101,40.3800,4253300
2013-03-19,39.8500,40.7200,39.8000,40.3700,6912800
2013-03-18,40.1300,40.7000,39.9900,40.0300,5614200
2013-03-15,39.5400,39.8400,39.4100,39.6800,9668800
2013-03-14,38.9200,39.6500,38.8500,39.5900,6235500
2013-03-13,39.7700,39.8000,38.8800,38.9900,7470500
2013-03-12,39.3400,40.1982,39.3400,39.6600,6667400
2013-03-11,39.2300,39.4300,38.7700,38.8900,5498600
2013-03-08,39.7600,40.0800,39.2000,39.2500,10081300
2013-03-07,40.1500,40.8800,39.8800,39.9300,7757700
2013-03-06,38.5800,40.0400,38.5000,40.0100,9569600
2013-03-05,39.2900,39.3500,38.5500,38.6000,8589700
2013-03-04,39.6400,39.7400,38.6000,39.0000,9782800
2013-03-01,40.3700,40.5900,39.5600,39.6200,9494800
2013-02-28,40.6400,40.8400,40.1300,40.2900,10834000
2013-02-27,41.2200,41.2500,40.5800,40.6200,8863800
2013-02-26,41.1500,41.7200,40.8300,41.4400,9945400
2013-02-25,41.1900,41.6000,40.8000,40.9600,8504300
2013-02-22,41.5600,41.7600,40.7300,40.8200,10384700
2013-02-21,40.6900,41.4800,40.5100,40.5500,10184000
2013-02-20,42.5400,42.5400,40.4400,40.5600,14308300
2013-02-19,43.0800,43.3900,42.7900,42.9000,8078800
2013-02-15,43.6800,43.8000,42.7900,43.2700,13871700
2013-02-14,44.9400,45.0850,44.3800,44.5500,7641300
2013-02-13,45.2600,45.4800,44.8200,44.8500,5481500
2013-02-12,44.4000,45.3000,44.3750,45.2800,6451100
2013-02-11,44.5700,44.6700,44.1500,44.4900,4172000
2013-02-08,45.1800,45.2700,44.7700,44.9300,4763200
2013-02-07,44.7900,45.8200,44.5100,45.2500,5097500
2013-02-06,44.2200,45.1700,44.2000,45.0400,4981000
2013-02-05,44.3400,44.4700,44.0100,44.3300,4107800
2013-02-04,43.5900,44.5599,43.4300,44.1000,5975500
2013-02-01,43.6100,43.7200,43.0100,43.7100,6312700
2013-01-31,42.9700,43.3100,42.8500,42.9600,9403300
2013-01-30,43.8600,44.3300,43.1000,43.1200,8940800
2013-01-29,43.0100,43.6500,42.9850,43.3900,7142200
2013-01-28,43.4900,43.5100,42.5500,42.8200,6510500
2013-01-25,43.9600,44.1880,42.9600,43.3600,7200500
2013-01-24,44.6700,44.8400,43.8900,44.0100,5554200
2013-01-23,45.6200,45.7900,44.7000,44.7600,5962300
2013-01-22,44.9600,45.7100,44.5600,45.5800,7030700
2013-01-18,44.5600,45.2250,44.4600,44.8900,6738100
2013-01-17,45.0000,45.0000,44.0000,44.4400,6514500
2013-01-16,45.0200,45.1800,44.5800,44.7500,5166100
2013-01-15,45.4500,45.7400,44.8900,45.1900,4137000
2013-01-14,45.8600,45.8900,45.1400,45.3000,3366500
2013-01-11,46.0000,46.0300,45.3300,45.7600,3836700
2013-01-10,45.3500,46.1300,45.3500,45.9500,5371300
2013-01-09,45.3900,45.4900,44.6100,44.9000,5568600
2013-01-08,45.0000,45.9300,44.6600,45.5600,6373500
2013-01-07,45.6000,45.7600,44.9500,45.0100,4853400
2013-01-04,45.3000,46.0500,45.0850,45.9400,5834100
2013-01-03,46.7600,47.2500,45.5000,45.6200,6017100
2013-01-02,47.3400,47.5900,46.7500,46.9000,7254500
2012-12-31,44.9200,46.8300,44.8400,46.4400,6560100
2012-12-28,45.3500,45.8000,45.0000,45.0300,5169400
2012-12-27,44.9700,45.8700,44.7599,45.4700,6080200
2012-12-26,44.4000,45.3000,44.3800,45.0800,4841900
2012-12-24,44.5800,44.5800,43.8459,44.2300,2595400
2012-12-21,44.0000,45.0500,43.9100,44.5800,10630000
2012-12-20,43.3100,44.1400,42.9600,44.1000,8941100
2012-12-19,44.2000,44.4200,43.6898,43.7500,5181600
2012-12-18,44.6500,44.8650,43.7600,44.3599,6495800
2012-12-17,44.2400,44.7600,44.0700,44.6600,3888900
2012-12-14,44.0100,44.5200,43.7400,44.2900,4717200
2012-12-13,44.5800,44.8600,43.5100,44.1700,7910300
2012-12-12,45.2300,45.8100,45.0500,45.5000,6702400
2012-12-11,45.0800,45.5700,45.0000,45.2300,5880600
2012-12-10,44.8000,45.3600,44.8000,45.1100,5489800
2012-12-07,44.5500,44.7400,44.0700,44.4200,4693400
2012-12-06,44.0000,44.6200,43.8800,44.2900,4351100
2012-12-05,45.1400,45.1400,43.8500,43.9600,9197100
2012-12-04,44.8700,45.4400,44.6800,45.0900,7355500
2012-12-03,47.1300,47.1300,45.6400,45.6800,7060200
2012-11-30,47.0200,47.5400,46.4400,47.0900,6173800
2012-11-29,47.4700,47.7400,46.7500,47.0500,3979800
2012-11-28,46.1000,47.3400,45.9000,47.3100,5994800
2012-11-27,47.2900,47.3300,46.8100,47.0000,5556500
2012-11-26,47.2500,47.3700,46.7100,47.3700,4957300
2012-11-23,47.3400,47.8000,46.8700,47.6900,2431100
2012-11-21,46.5000,47.3200,46.2300,47.0800,3884700
2012-11-20,46.6100,46.7500,46.2000,46.6200,5066300
2012-11-19,46.8800,47.0800,46.4900,46.7900,5804800
2012-11-16,45.4800,46.2300,45.0000,46.1200,7602500
2012-11-15,45.8100,45.9900,44.5000,45.5300,8333000
2012-11-14,47.3800,47.5100,45.6900,45.7918,7164400
2012-11-13,47.3300,47.8800,47.0600,47.1900,4236900
2012-11-12,48.1500,48.3200,47.6100,47.7100,3057600
2012-11-09,49.0300,49.0300,47.9000,48.0700,5069500
2012-11-08,48.5600,49.5770,48.2300,48.8086,5731200
2012-11-07,48.7600,49.0700,47.8300,48.7400,6314500
2012-11-06,48.6100,48.9200,48.2200,48.5000,7029900
2012-11-05,49.1200,49.5600,48.2400,48.3900,7063600
2012-11-02,52.0400,52.1300,48.7200,48.7400,12215700
2012-11-01,54.2200,54.3000,52.7000,53.2200,7396200
2012-10-31,53.7300,54.9600,53.3000,54.5800,4999900
2012-10-26,53.6400,53.8800,52.9500,53.3100,4328900
2012-10-25,53.0800,53.7900,53.0800,53.5600,5038000
2012-10-24,54.1300,54.3500,52.5500,52.5800,6108600
2012-10-23,54.6200,54.8200,53.8000,53.8300,3977600
2012-10-22,54.7300,55.7600,54.6100,55.4900,3356500
2012-10-19,54.8600,55.3100,53.9600,54.9000,5358900
2012-10-18,55.6500,55.8800,54.9100,54.9700,4050400
2012-10-17,55.7800,56.3800,55.0600,56.0600,3666500
2012-10-16,55.3100,55.9700,54.9900,55.8800,3618200
2012-10-15,54.6200,55.0300,53.9400,54.6000,4065100
2012-10-12,55.4200,55.7501,54.9000,54.9400,4263600
2012-10-11,55.1000,55.8300,54.8300,55.3500,3504500
2012-10-10,54.4000,55.0600,54.1700,54.8500,3933300
2012-10-09,55.8100,56.2800,54.4900,54.5000,4271000
2012-10-08,55.4500,56.0100,55.1200,55.7600,2130900
2012-10-05,56.2400,56.6300,55.4900,55.8500,2983600
2012-10-04,55.7800,56.6400,55.7800,56.2400,4922300
2012-10-03,55.8100,55.9500,55.2100,55.4700,2763500
2012-10-02,55.8900,56.0900,55.1650,55.6700,3482400
2012-10-01,56.7000,56.8500,55.6000,55.7000,5560400
2012-09-28,56.2500,56.5200,55.5700,56.0150,4925100
2012-09-27,55.7400,56.6700,55.2000,56.5400,5804300
2012-09-26,54.4700,55.8500,53.8000,55.2600,6099000
2012-09-25,55.9500,56.5600,55.0400,55.0650,6491900
2012-09-24,55.6000,55.8100,55.0300,55.2600,6804200
2012-09-21,57.9300,57.9300,56.2250,56.3100,14268700
2012-09-20,56.4000,56.7900,56.0100,56.6200,7821100
2012-09-19,57.1000,57.3500,56.5300,56.8500,5921900
2012-09-18,56.6100,57.1500,56.1300,56.7700,7249100
2012-09-17,57.0500,57.6700,56.2400,56.9600,7270500
2012-09-14,56.3700,57.6500,56.3200,57.2000,12656400
2012-09-13,52.4200,55.8500,51.9500,55.4500,12625900
2012-09-12,52.3500,52.7550,51.0500,52.5600,5975300
2012-09-11,51.6600,52.5800,51.6600,52.0000,5498900
2012-09-10,51.4700,52.0000,51.1000,51.3600,4493000
2012-09-07,52.0700,52.5000,51.5200,51.6900,6099400
2012-09-06,50.1800,50.9000,49.6800,50.9000,6194200
2012-09-05,49.6100,49.8550,49.0799,49.6200,3781400
2012-09-04,50.5600,50.5900,49.3550,49.4700,5474400
2012-08-31,48.8000,50.7500,48.7200,50.6800,7457500
2012-08-30,48.5400,48.8300,48.3200,48.5500,3358400
2012-08-29,48.8400,49.0700,48.3300,48.4700,4726100
2012-08-28,49.0800,49.3400,48.7300,48.8400,3110000
2012-08-27,49.4600,49.6800,49.0100,49.0400,4199800
2012-08-24,48.9400,49.4500,48.6500,49.2300,2922200
2012-08-23,49.7500,49.9800,48.8700,49.0400,6176800
2012-08-22,48.2400,49.3600,47.8000,49.3000,4673700
2012-08-21,48.6100,49.2900,47.9400,48.2500,4765600
2012-08-20,47.2500,48.0300,47.0100,47.9300,3929900
2012-08-17,47.6700,47.9900,47.0900,47.1600,4131900
2012-08-16,46.7800,47.8100,46.5500,47.5900,3539000
2012-08-15,46.2300,46.6600,45.8200,46.6300,3545000
2012-08-14,46.6900,47.1284,46.2200,46.3400,3018000
2012-08-13,47.5700,47.7000,46.7000,46.9200,3324400
2012-08-10,47.2600,47.7800,47.0000,47.4800,6272100
2012-08-09,46.9800,47.6300,46.6100,47.2000,3018800
2012-08-08,46.5400,47.3100,46.4900,46.9200,5831100
2012-08-07,46.3100,46.7800,46.1200,46.6300,4158300
2012-08-06,44.8500,46.9200,44.8400,46.1200,5192800
2012-08-03,44.1000,44.9200,43.8000,44.6700,5556800
2012-08-02,44.2400,44.6450,43.6200,43.6200,4869800
2012-08-01,44.3100,45.4300,43.8800,44.4100,6832100
2012-07-31,45.3000,45.7000,44.4400,44.4700,4638300
2012-07-30,44.1300,45.7400,44.0200,45.2600,6119800
2012-07-27,44.3200,44.5600,42.9500,44.5250,13160300
2012-07-26,45.9200,46.2500,45.3000,46.0900,5557700
2012-07-25,45.1700,46.4600,44.7900,45.8000,5842100
2012-07-24,44.6100,44.8300,44.1000,44.3300,4511300
2012-07-23,44.8300,45.0600,44.3100,44.5000,3640000
2012-07-20,44.9800,45.5200,44.8000,45.1500,4052800
2012-07-19,44.8900,45.4500,44.5200,45.1500,4999500
2012-07-18,44.8100,45.0000,44.3700,44.6600,4069500
2012-07-17,45.4100,45.5000,44.4300,45.0700,4185500
2012-07-16,46.1200,46.2300,45.3700,45.5000,3356300
2012-07-13,45.6700,46.3500,45.5500,46.1600,3564300
2012-07-12,45.4500,45.8400,44.7500,45.4600,5831000
2012-07-11,46.2500,46.2700,45.6500,45.9800,6325300
2012-07-10,47.9800,48.3400,46.3100,46.4200,4714000
2012-07-09,47.8000,48.0900,47.3900,47.7200,4349300
2012-07-06,48.3900,48.6600,47.5600,47.9100,3458400
2012-07-05,49.4100,49.6700,48.8300,49.0400,3265000
2012-07-03,49.2300,49.8400,48.8900,49.7300,3261100
2012-07-02,48.2900,48.8800,47.9300,48.4900,4469300
2012-06-29,48.6500,48.6500,47.6400,48.5100,5682500
2012-06-28,47.2300,47.9500,46.4100,47.1200,6200300
2012-06-27,48.1000,48.2300,47.2700,48.1500,3682600
2012-06-26,48.3000,48.8000,47.3600,47.9350,5107400
2012-06-25,47.9300,49.2000,47.6501,48.7900,5573400
2012-06-22,47.8200,48.4900,47.2600,47.9600,4057900
2012-06-21,49.1400,49.3800,47.7900,47.8000,6609500
2012-06-20,50.2000,51.1700,49.4000,50.3600,6450400
2012-06-19,50.9900,51.0400,50.1100,50.7000,4758800
2012-06-18,50.0600,50.9700,49.5300,50.8500,5223500
2012-06-15,51.2200,51.3800,49.9700,50.2800,10072800
2012-06-14,50.9100,51.0198,50.0600,50.6900,6708700
2012-06-13,50.8100,51.3000,50.2800,50.7200,6130500
2012-06-12,49.9800,50.7000,49.6900,50.5200,5437400
2012-06-11,50.4000,50.7300,49.2150,49.4800,5097600
2012-06-08,49.7700,50.5300,49.1300,50.2800,4696500
2012-06-07,51.8800,52.2100,49.8300,50.6900,7845500
2012-06-06,52.2800,52.3300,50.7600,51.7000,8462300
2012-06-05,51.7300,51.9300,51.2500,51.3500,7253800
2012-06-04,50.6500,51.5900,49.5500,51.5500,8056900
2012-06-01,49.2400,51.1500,48.2300,50.3000,13108600
2012-05-31,47.9400,48.3700,46.6000,47.1600,7268700
2012-05-30,47.4400,48.7380,47.0900,47.8400,7980400
2012-05-29,49.5200,49.6500,47.6000,48.1800,7537600
2012-05-25,48.7700,49.3400,48.2200,48.8200,5337600
2012-05-24,48.8200,49.8400,47.7000,48.6300,9170900
2012-05-23,46.8800,48.7000,45.9600,48.5700,8840400
2012-05-22,47.5000,48.6600,46.8600,47.1900,7250500
2012-05-21,45.9600,47.5000,45.7500,47.3700,7566600
2012-05-18,45.9700,47.0000,45.4600,45.5800,8050700
2012-05-17,44.1900,46.1900,43.9000,45.2600,8353000
2012-05-16,43.3700,44.8300,43.2300,43.5100,8006800
2012-05-15,44.6200,45.1900,43.3400,43.3900,6589700
2012-05-14,44.6600,45.7300,44.0600,44.6700,6209300
2012-05-11,45.7900,46.3000,45.2700,45.3600,4868800
2012-05-10,47.0500,47.2200,46.0700,46.2000,5594100
2012-05-09,44.1300,47.2300,43.9500,46.5400,11233700
2012-05-08,45.3900,45.7200,44.2200,44.7600,9233700
2012-05-07,46.0900,46.4600,45.2500,46.1400,5340200
2012-05-04,45.6800,46.6700,45.4500,46.1600,7774300
2012-05-03,46.6300,46.8500,45.3400,45.5900,7101000
2012-05-02,47.7200,47.8300,46.6000,47.1000,4669100
2012-05-01,47.7000,48.3650,47.5600,48.0500,4476400
2012-04-30,47.6700,47.8900,47.0100,47.6500,5859800
2012-04-27,48.8500,48.9700,47.6100,47.8600,8647400
2012-04-26,47.5300,48.1000,46.9000,47.7300,6615200
2012-04-25,46.8100,47.6400,46.3200,47.4700,7026100
2012-04-24,46.5000,46.7800,46.0900,46.3700,4152700
2012-04-23,46.7800,46.7800,45.2200,46.3000,12620700
2012-04-20,47.8500,48.3500,47.2200,47.2500,5669300
2012-04-19,48.1600,48.5700,47.6500,47.8100,5223700
2012-04-18,48.0700,48.4000,47.5100,47.8900,5609200
2012-04-17,48.2700,48.8299,48.0800,48.3300,6295000
2012-04-16,48.6600,48.9300,48.0100,48.1700,6489500
2012-04-13,49.4800,49.9000,48.6800,48.6800,6706400
2012-04-12,48.0200,49.6000,47.8900,49.5500,7726600
2012-04-11,49.1000,49.1700,47.8000,48.0000,7874900
2012-04-10,47.9100,49.5500,47.8700,48.9700,10937500
2012-04-09,48.0000,48.5800,47.8000,48.0000,6859200
2012-04-05,48.6200,48.9800,47.4700,47.7300,8900000
2012-04-04,49.5100,49.5100,47.5900,48.5300,13609100
2012-04-03,51.9400,52.1500,49.8400,50.3400,9491700
2012-04-02,51.5600,52.4100,51.2100,52.1100,5477900
2012-03-30,51.6100,51.7000,50.6800,51.2700,6089300
2012-03-29,51.3000,51.3400,50.4700,51.3400,9081700
2012-03-28,52.3000,52.6000,51.3100,51.5000,7489600
2012-03-27,53.6000,53.6000,52.4500,52.4900,9123700
2012-03-26,54.0700,54.1500,53.1000,53.4500,8496100
2012-03-23,52.6400,53.9078,52.3300,53.3200,7213600
2012-03-22,52.6700,52.8500,52.0550,52.4100,7193600
2012-03-21,53.8000,54.1200,53.1500,53.1700,7848500
2012-03-20,53.0800,54.0000,52.5000,53.6800,8193300
2012-03-19,53.7800,54.3450,53.5000,53.5300,4868800
2012-03-16,53.4800,54.0900,53.1909,53.7500,12198000
2012-03-15,54.4000,54.9800,53.6900,53.8400,9902600
2012-03-14,54.1000,54.4800,53.3200,54.3000,14100200
2012-03-13,55.4000,55.7500,54.6900,54.8600,9769400
2012-03-12,56.7000,56.9000,55.6200,55.7500,7370500
2012-03-09,56.7000,57.8350,56.1100,56.8800,5463700
2012-03-08,57.1500,57.2400,56.1700,56.9500,4915200
2012-03-07,57.1100,57.2800,56.1500,56.6800,6565600
2012-03-06,56.9800,57.2700,55.8100,57.1700,8367900
2012-03-05,58.9400,59.0300,57.7100,57.9000,6068000
2012-03-02,59.3100,59.4700,58.5000,58.9600,4505500
2012-03-01,59.5900,60.6500,59.4000,59.6700,6618900
2012-02-29,62.1800,62.4300,59.0200,59.4250,10832100
2012-02-28,61.3300,62.1500,61.1100,62.0000,4832300
2012-02-27,61.7900,62.6000,61.4500,61.5200,5767200
2012-02-24,63.3500,64.2000,61.5700,62.5100,7321400
2012-02-23,62.9400,64.4300,62.7100,63.8000,7670100
2012-02-22,61.5800,63.2900,61.0100,62.7800,7221800
2012-02-21,60.4300,61.7200,59.7600,61.5400,6941600
2012-02-17,60.7800,60.9400,59.2000,59.4500,4004500
2012-02-16,59.6700,60.6600,58.7700,60.4300,4517100
2012-02-15,59.1400,60.3900,58.9700,59.6000,5421500
2012-02-14,59.5400,59.5500,58.0600,58.7700,5591900
2012-02-13,59.9600,59.9900,58.8800,59.4100,3307700
2012-02-10,59.8200,59.9100,59.0000,59.6200,4467900
2012-02-09,61.0700,61.3900,60.4700,60.6400,3848700
2012-02-08,60.9900,61.4500,60.4700,60.7000,3452700
2012-02-07,60.8500,61.5600,60.0100,60.8600,4805400
2012-02-06,60.7100,61.1400,60.3500,60.8900,4550200
2012-02-03,61.9100,62.0000,60.6700,61.0100,7863800
2012-02-02,61.4400,62.5000,61.3500,62.2900,6110700
2012-02-01,61.6800,61.9900,60.7100,61.1200,6307100
2012-01-31,62.0100,62.3000,61.0200,61.4800,6601600
2012-01-30,61.0200,61.7900,60.3800,61.2200,5747600
2012-01-27,60.3500,61.7900,59.9600,61.5100,5832100
2012-01-26,61.2800,61.5900,60.1200,60.4500,7635300
2012-01-25,57.4100,60.6400,57.2350,60.2500,12330400
2012-01-24,58.6500,58.8200,57.2500,57.4800,8289400
2012-01-23,59.4900,59.9800,58.9500,59.2600,6801200
2012-01-20,59.7200,60.1500,58.9300,59.2700,8319500
2012-01-19,59.9700,60.2900,58.6600,59.6000,9386200
2012-01-18,60.2400,60.7700,59.8797,60.3500,8127400
2012-01-17,63.5500,63.5500,60.3300,60.9400,9163100
2012-01-13,63.6800,63.9200,62.5600,63.3900,4206900
2012-01-12,63.5600,64.6200,63.5600,64.0400,5897100
2012-01-11,62.7700,63.4000,62.1500,63.3400,5040400
2012-01-10,62.2300,63.1000,62.1600,62.6500,6354100
2012-01-09,62.3000,62.3400,61.0200,61.4800,3825700
2012-01-06,62.4600,62.6300,61.3900,61.9700,4218400
2012-01-05,61.4800,62.4500,61.2000,62.1000,5545100
2012-01-04,61.7800,62.6100,61.4000,61.8900,4248400
2012-01-03,61.4100,62.3200,61.2200,62.0800,7418700
2011-12-30,60.7300,61.0900,59.6900,60.0100,3315600
2011-12-29,58.3600,60.5100,58.2500,60.3600,5366000
2011-12-28,61.1200,61.4100,59.0900,59.4200,5789000
2011-12-27,61.6200,62.0900,61.2100,61.3700,1999500
2011-12-23,61.3300,61.9000,60.8500,61.8800,2985200
2011-12-22,62.4600,62.6000,60.7600,61.0100,6230600
2011-12-21,62.4100,63.0000,62.0500,62.8800,4734600
2011-12-20,62.2100,62.9600,61.7800,62.6100,5239700
2011-12-19,62.1300,62.6700,60.8800,61.0500,6390000
2011-12-16,62.4400,63.2000,61.8500,62.1800,8353800
2011-12-15,62.1800,62.4000,61.0450,61.7600,6743200
2011-12-14,61.4900,62.8500,60.8400,61.6200,9997200
2011-12-13,64.9400,65.9500,62.8700,63.1500,6313800
2011-12-12,65.2400,65.5200,64.4700,65.2700,6738000
2011-12-09,66.1100,67.2100,66.0260,66.9400,3682200
2011-12-08,66.9100,67.4200,65.6600,66.0600,5731000
2011-12-07,67.0400,67.9700,66.8200,67.7100,4873200
2011-12-06,65.5400,67.7800,65.0400,67.1500,6040200
2011-12-05,66.6000,67.9500,65.8500,66.3400,6388400
2011-12-02,69.1600,69.1600,66.9200,67.0300,5812700
2011-12-01,68.8200,69.4000,67.9900,68.8100,5524700
2011-11-30,67.2300,69.0000,66.7800,68.8800,7430200
2011-11-29,65.5099,66.4500,65.0700,65.2900,4483400
2011-11-28,65.1600,65.8600,64.7400,65.2400,4604900
2011-11-25,64.2800,64.9000,63.6300,63.7700,2484700
2011-11-23,65.2000,65.4000,63.9000,64.2100,3986900
2011-11-22,65.9700,66.8100,65.3700,65.7900,4695900
2011-11-21,64.7100,65.6400,64.1200,65.2900,5980800
2011-11-18,66.5250,66.6300,64.9610,65.4600,3974700
2011-11-17,67.1800,67.7200,65.8300,66.2400,5742500
2011-11-16,69.1000,69.1100,67.8000,67.9900,4592200
2011-11-15,69.2700,70.2400,68.6800,69.6400,3366600
2011-11-14,70.3600,70.9600,68.8800,69.4800,3419700
2011-11-11,69.4900,71.0900,69.4700,70.4900,4320600
2011-11-10,69.7900,69.8200,67.9300,68.8300,5117300
2011-11-09,71.0300,72.4200,69.2400,69.2800,8700800
2011-11-08,71.9000,72.3500,70.9100,71.6100,7450300
2011-11-07,69.8600,72.2900,69.6900,72.1300,9089500
2011-11-04,68.7100,69.4500,68.2520,69.3800,5985700
2011-11-03,67.5600,69.5390,67.1000,69.3300,11412500
2011-11-02,66.5100,68.0200,65.6300,66.6200,8788000
2011-11-01,64.8100,67.0400,63.0900,65.6300,8750400
2011-10-31,66.9700,67.8700,66.2900,66.8300,8035700
2011-10-28,63.9800,68.7400,63.7300,68.4900,9500300
2011-10-27,66.3200,66.9500,64.6800,66.0600,8629600
2011-10-26,65.6700,66.6000,64.7700,65.7900,8982500
2011-10-25,63.4800,65.7400,62.5600,64.8400,8665200
2011-10-24,63.2700,64.0750,62.8600,63.8200,5471600
2011-10-21,62.7400,63.3700,62.0800,62.6300,6308300
2011-10-20,61.3500,62.6900,60.7800,61.6400,7924900
2011-10-19,65.3300,65.4900,61.8500,62.3200,7377300
2011-10-18,65.4900,65.8800,63.6000,65.5000,7289000
2011-10-17,66.7500,67.3900,65.9500,66.2000,5442300
2011-10-14,64.2000,66.8800,64.0299,66.8600,6443000
2011-10-13,63.7300,64.2800,62.6800,63.7500,4834400
2011-10-12,64.8500,65.0700,63.2300,64.0700,5503400
2011-10-11,64.8500,65.2620,63.8900,64.4400,4109800
2011-10-10,64.1000,65.3400,63.6600,65.2700,3755100
2011-10-07,64.5100,64.6200,62.0600,63.0900,4935000
2011-10-06,63.0800,64.1200,62.1500,64.0600,5780600
2011-10-05,61.0500,63.2300,60.4700,63.0100,7450700
2011-10-04,62.2800,62.7100,58.9500,61.2800,10505700
2011-10-03,64.3900,65.5900,63.2400,63.2700,7313700
2011-09-30,61.5600,65.5500,61.5000,62.9500,8535500
2011-09-29,62.2700,62.9500,61.1101,62.5200,5997000
2011-09-28,63.4800,64.6200,61.4500,61.5300,6453100
2011-09-27,66.4500,66.5400,63.0100,63.4500,8549600
2011-09-26,61.9700,64.5900,61.5300,64.3900,7917800
2011-09-23,63.1100,63.4900,61.1000,62.8600,11923700
2011-09-22,64.3600,65.8000,63.6400,65.2400,10166300
2011-09-21,68.9000,70.2299,67.5900,67.6800,8669300
2011-09-20,66.2300,71.2500,66.1000,69.9000,15162700
2011-09-19,66.1600,67.3700,65.9950,66.2700,7749200
2011-09-16,64.4600,65.7800,64.2500,65.7200,7531500
2011-09-15,63.2200,64.3100,62.3200,64.2900,6348800
2011-09-14,64.1400,64.4900,63.2500,64.1700,7624500
2011-09-13,63.8300,64.8200,62.3600,64.2700,8357100
2011-09-12,64.0000,64.7363,62.2300,64.0700,8063100
2011-09-09,65.2800,66.6100,64.6700,65.2600,8227300
2011-09-08,65.7200,66.3900,65.1200,65.6600,9297800
2011-09-07,63.3600,63.8300,61.7100,63.8100,10033300
2011-09-06,64.6000,65.7700,63.8100,64.5100,10378400
2011-09-02,63.6300,64.6400,63.2200,64.4700,10163500
2011-09-01,62.4500,63.1668,61.7600,62.4700,6029700
2011-08-31,63.1900,63.6500,61.9600,62.6200,9886600
2011-08-30,62.5800,63.4600,62.0200,63.1300,7469000
2011-08-29,62.5700,62.6000,61.0200,62.1500,4952200
2011-08-26,60.7000,62.1700,59.4576,62.1700,5934600
2011-08-25,58.9200,61.1000,57.9000,60.8300,7779000
2011-08-24,61.2600,61.4700,58.8100,60.2600,11700700
2011-08-23,61.6100,62.3600,60.3000,61.2500,10680400
2011-08-22,61.0000,63.5500,60.8700,62.8600,10455300
2011-08-19,59.4300,60.8100,59.4300,60.0800,9001600
2011-08-18,59.5100,59.9500,58.0500,58.4200,8280400
2011-08-17,58.9800,59.8700,58.7200,59.0600,4389500
2011-08-16,58.8600,59.9500,58.3200,58.7200,6993100
2011-08-15,57.5800,59.1300,56.5000,59.0200,7209300
2011-08-12,57.1600,57.7600,56.6100,57.4400,8706000
2011-08-11,55.8000,58.5300,55.3400,58.3000,12421800
2011-08-10,56.2700,57.0000,54.8800,55.8100,15745400
2011-08-09,55.0000,55.4400,52.9200,55.4000,15342700
2011-08-08,55.9900,57.3600,54.0600,54.1300,16853200
2011-08-05,54.7700,56.5200,53.3800,54.4100,12902000
2011-08-04,57.1800,57.6900,54.2000,54.4400,13339800
2011-08-03,56.3500,58.0500,56.3500,57.1200,9131600
2011-08-02,55.6100,56.8500,55.2000,56.1300,7399300
2011-08-01,55.6200,56.1400,55.0000,55.3300,6529400
2011-07-29,56.3700,57.4300,55.3700,55.6100,10222000
2011-07-28,58.3700,59.0200,57.1200,57.7300,6053900
2011-07-27,58.7800,59.0900,57.1400,57.3200,7817900
2011-07-26,58.4900,59.0900,58.0500,58.3800,4511100
2011-07-25,59.1300,59.5700,58.2300,58.4100,5580100
2011-07-22,58.7300,58.9335,58.1700,58.6600,4155200
2011-07-21,58.3100,58.6500,57.7500,58.5100,5244000
2011-07-20,57.3900,58.2300,56.7600,58.0200,4749300
2011-07-19,58.2600,58.3400,57.2400,57.7500,5554900
2011-07-18,58.0800,59.0000,57.6800,58.0900,7503900
2011-07-15,56.9200,57.6300,56.7700,57.3800,5183300
2011-07-14,57.3200,57.3200,56.4200,56.7500,5473700
2011-07-13,55.9300,57.4900,55.6627,56.7700,8484600
2011-07-12,54.2200,55.9200,54.1500,55.3200,7191300
2011-07-11,54.2400,55.1600,54.0600,54.2500,4344800
2011-07-08,55.1100,55.6000,54.4000,54.7600,4143600
2011-07-07,54.5700,55.5900,54.5700,54.9700,6651600
2011-07-06,54.7800,55.0000,53.6800,54.5500,6132800
2011-07-05,54.3100,54.8600,54.0200,54.3700,5187000
2011-07-01,53.7300,53.7800,52.7500,53.7400,4597400
2011-06-30,53.6300,54.1100,53.3500,53.9700,4097800
2011-06-29,53.0000,54.1000,52.9600,53.5200,6258900
2011-06-28,52.4700,52.8900,52.0300,52.7600,4177600
2011-06-27,51.9000,52.8000,51.7000,52.3200,3888300
2011-06-24,54.1500,54.1900,52.2300,52.2700,8958000
2011-06-23,53.0500,54.0400,52.7300,53.9800,5654800
2011-06-22,53.3100,54.6400,53.2200,54.0900,7211700
2011-06-21,52.0600,53.4500,52.0500,53.3000,5319500
2011-06-20,51.4200,52.2501,51.4100,51.8200,4053400
2011-06-17,51.8100,52.1200,51.1000,51.5900,7434200
2011-06-16,52.4500,52.7800,51.1800,51.6900,6325400
2011-06-15,51.8100,53.4800,51.6600,52.3100,7162600
2011-06-14,52.2300,52.7000,51.9500,52.3100,5547000
2011-06-13,52.3400,52.6100,51.5200,51.9000,4455900
2011-06-10,52.5000,52.6900,51.7300,52.1000,5474000
2011-06-09,52.5200,53.2400,52.1000,52.9200,4888400
2011-06-08,52.5400,52.7800,51.6900,52.3400,6779100
2011-06-07,53.6300,53.9200,52.8700,52.9400,6178400
2011-06-06,54.6900,54.8600,53.0200,53.4400,10883500
2011-06-03,55.0000,55.4800,54.6100,54.7500,5436500
2011-06-02,55.6000,56.0300,54.0000,55.1400,5844400
2011-06-01,56.0000,56.7000,55.5900,55.6700,7174400
2011-05-31,56.6100,56.8600,55.5600,56.5700,7166400
2011-05-27,56.1200,56.8800,56.1200,56.3900,4288500
2011-05-26,55.5900,56.0800,55.0400,55.8300,4294600
2011-05-25,55.4200,56.2500,55.1600,55.6100,5317300
2011-05-24,54.5000,55.6500,54.4000,55.2100,5827800
2011-05-23,54.3200,55.4300,54.0500,54.2700,6862800
2011-05-20,54.0900,54.8100,52.8800,54.0800,5753800
2011-05-19,53.5900,54.3700,53.5300,54.0600,3447400
2011-05-18,53.8900,54.2600,53.4200,53.8000,4312900
2011-05-17,52.7000,53.8500,52.5500,53.5300,5563900
2011-05-16,52.5200,54.2700,52.3100,52.9400,7110800
2011-05-13,53.3400,54.1600,52.1600,52.7800,5802200
2011-05-12,53.2700,53.9300,52.6400,53.2600,6349700
2011-05-11,54.4400,54.6500,52.9000,53.4100,6848800
2011-05-10,54.8900,54.8900,54.1314,54.6500,4114400
2011-05-09,54.1600,54.9200,54.1400,54.6800,4755700
2011-05-06,55.3700,55.8200,53.7200,53.7200,8570700
2011-05-05,56.0000,56.8499,54.1500,54.6900,8628900
2011-05-04,56.1400,56.8700,55.2200,56.4300,7915000
2011-05-03,57.4100,57.9300,55.7300,56.2200,8232900
2011-05-02,57.5400,58.4800,57.0900,57.5700,7426300
2011-04-29,58.7100,59.4000,58.0900,58.6100,9238800
2011-04-28,58.9700,59.6100,58.3600,58.7900,5829000
2011-04-27,58.0400,59.1700,57.1700,58.9500,6611700
2011-04-26,57.7300,57.8900,56.9500,57.8500,5700000
2011-04-25,59.4800,59.6100,57.7600,57.7900,5008300
2011-04-21,59.4300,60.4500,58.9300,59.2300,6264500
2011-04-20,59.3300,59.8700,58.3200,58.8500,7333900
2011-04-19,57.8700,58.6900,57.7300,58.6300,6914200
2011-04-18,58.0100,58.3900,57.2100,57.8700,7819200
2011-04-15,57.7900,58.3000,57.3100,57.7500,7179400
2011-04-14,56.4500,57.8500,56.3400,57.5300,6912000
2011-04-13,57.6500,57.7300,56.1600,56.3200,5913500
2011-04-12,56.4300,57.7300,56.3500,57.2400,6910700
2011-04-11,57.6400,58.6500,56.5400,56.9500,7780400
2011-04-08,58.8200,59.2800,57.5616,57.9900,8050300
2011-04-07,57.0700,58.7300,56.5800,58.2900,13159200
2011-04-06,57.1000,57.3100,55.9900,56.4500,8357500
2011-04-05,54.4800,57.0800,54.2000,56.9800,10468300
2011-04-04,54.4900,55.9200,54.4100,54.5900,5396400
2011-04-01,54.4300,54.7800,53.7200,54.3700,5227700
2011-03-31,54.4600,55.0800,54.1300,54.5800,5300900
2011-03-30,53.8700,54.3900,53.3300,54.1200,5848600
2011-03-29,53.3600,53.5400,52.6500,53.4900,7712500
2011-03-28,53.5750,54.0900,52.9800,53.2700,5254700
2011-03-25,54.7900,54.9900,53.6600,53.9600,6121300
2011-03-24,54.8500,55.6000,54.0900,54.5200,9189200
2011-03-23,53.2900,55.0201,53.1200,54.8300,9614900
2011-03-22,51.5800,53.5701,51.3700,53.1700,9104900
2011-03-21,51.5200,51.9400,51.0200,51.7000,6883100
2011-03-18,51.2700,51.9100,50.7600,50.8900,9396400
2011-03-17,50.8900,51.0400,50.1600,50.8200,7010300
2011-03-16,52.2800,52.3000,50.0500,50.3900,10137400
2011-03-15,50.6300,52.2500,50.5700,52.1000,8898800
2011-03-14,52.4200,52.7900,51.6700,52.3300,5916200
2011-03-11,51.3300,52.7050,51.1800,52.1200,6282200
2011-03-10,51.8300,52.3413,51.2900,51.4900,8470200
2011-03-09,53.0200,53.1200,51.6600,52.5800,10258300
2011-03-08,53.1800,53.4000,52.1100,53.0000,10470400
2011-03-07,55.1500,55.2200,53.6800,53.6800,7476900
2011-03-04,53.7100,55.0500,53.7100,54.2700,8284000
2011-03-03,54.2000,54.2000,52.6900,53.6000,13254600
2011-03-02,55.9800,56.3400,54.3300,54.7300,9317100
2011-03-01,55.8300,56.4700,55.6450,56.0900,8567300
2011-02-28,54.5200,55.2900,54.1400,55.2700,6338800
2011-02-25,54.9600,55.8400,54.0700,54.4600,9803600
2011-02-24,59.0800,59.1500,54.4700,54.7600,19107400
2011-02-23,58.7500,60.1900,58.5100,59.1100,8096500
2011-02-22,59.3200,59.8000,58.1200,58.1600,6974500
2011-02-18,59.0700,59.7100,58.4800,58.5000,7723400
2011-02-17,58.3200,59.0950,57.9500,58.9600,4240600
2011-02-16,58.2800,58.4200,57.5000,57.9700,4575500
2011-02-15,57.8400,58.4400,57.7600,58.0400,4948100
2011-02-14,57.1100,57.6200,56.9500,57.1900,3797000
2011-02-11,57.0900,57.7599,56.4700,56.8800,4953300
2011-02-10,57.4900,57.5500,56.5000,56.9800,6036400
2011-02-09,58.1800,58.5700,57.4400,57.8800,5448000
2011-02-08,57.9400,58.4550,57.8500,58.2700,5796100
2011-02-07,57.4000,57.7000,56.8500,57.1500,4310400
2011-02-04,58.0800,58.1000,56.6200,56.9700,7498500
2011-02-03,56.3200,57.5000,55.6500,57.3300,8866000
2011-02-02,56.8800,56.8800,55.4300,55.6500,5066100
2011-02-01,55.4500,56.5600,55.0700,56.5100,6310600
2011-01-31,54.9000,55.4800,54.5200,55.0700,8082800
2011-01-28,55.0500,56.2900,54.3000,55.0000,10467600
2011-01-27,56.8300,56.9500,55.0500,55.3700,8245400
2011-01-26,55.7600,57.0900,55.6000,57.0500,9059300
2011-01-25,54.9500,56.2200,54.8800,55.8800,8547800
2011-01-24,55.1700,56.2000,54.8600,55.1700,6873000
2011-01-21,55.3800,56.1500,55.0800,55.8400,8440700
2011-01-20,54.6500,55.9400,54.4100,55.7100,10674200
2011-01-19,56.9000,57.0100,55.2300,55.4600,8052200
2011-01-18,56.4700,56.7900,56.0400,56.5600,7646500
2011-01-14,56.4900,56.6100,55.1900,55.7200,10879000
2011-01-13,57.8900,57.9399,56.3900,56.8100,6962300
2011-01-12,58.1300,58.1700,56.9000,57.7900,9290500
2011-01-11,58.2800,58.3900,57.6800,58.2100,5643300
2011-01-10,57.5100,57.9400,56.7100,57.7500,6700200
2011-01-07,56.9500,58.2500,56.8800,56.8900,9066900
2011-01-06,58.0900,58.4700,56.3770,56.9400,12005600
2011-01-05,58.2800,58.5700,57.5900,58.1600,8811900
2011-01-04,59.8900,60.2600,58.2475,59.0800,11589600
2011-01-03,61.8500,62.2100,60.9500,61.0900,6080400
2010-12-31,61.2200,61.7200,61.1200,61.4300,2669100
2010-12-30,61.0100,61.4300,60.9000,61.0800,2843400
2010-12-29,61.5500,61.7700,61.0000,61.1900,3186200
2010-12-28,61.2600,61.8300,60.7400,61.5500,4429200
2010-12-27,60.1000,60.3100,59.5600,60.0900,2648200
2010-12-23,59.1100,60.6300,59.0208,60.0800,3272600
2010-12-22,59.8800,60.1200,59.2500,59.3100,3049900
2010-12-21,60.2500,60.2900,59.5800,60.0400,3110800
2010-12-20,59.9800,60.3200,59.0702,60.1900,5085200
2010-12-17,59.8000,60.0800,59.0200,59.4000,8012400
2010-12-16,60.3300,60.5600,59.2600,59.9000,6947300
2010-12-15,60.8000,61.6800,60.5000,60.5700,4690200
2010-12-14,61.7300,62.5800,61.0100,61.7400,6490400
2010-12-13,62.0100,62.6200,61.6600,61.8700,6063700
2010-12-10,59.8800,61.5500,59.7100,61.4200,5711100
2010-12-09,61.2600,61.3600,59.8500,60.2600,6954600
2010-12-08,61.9200,62.8200,60.6300,60.8300,7328800
2010-12-07,63.9600,64.0500,62.3300,62.5200,9307600
2010-12-06,62.5300,63.4800,62.4500,63.4500,5602100
2010-12-03,61.1800,62.6500,61.1700,62.3600,5974500
2010-12-02,59.8200,61.3400,59.8000,60.5100,5690600
2010-12-01,58.9300,59.7800,58.1800,59.6500,8669600
2010-11-30,58.6100,59.5700,58.3300,58.8300,8222100
2010-11-29,58.1700,58.3000,57.3100,58.0900,9757400
2010-11-26,59.0000,59.2900,58.3300,58.5400,3722300
2010-11-24,60.9100,61.1100,59.7500,59.9400,5007600
2010-11-23,60.9500,61.8300,60.5300,60.5900,6441500
2010-11-22,60.3300,61.1000,59.6500,60.9400,5580500
2010-11-19,60.2000,61.1600,60.0601,60.3400,5766000
2010-11-18,60.4700,61.0000,60.1900,60.3500,5990300
2010-11-17,59.5100,60.6700,59.3300,59.5900,5865600
2010-11-16,60.3500,60.9000,58.7600,59.3900,10433000
2010-11-15,61.4100,61.9800,60.5800,60.6600,4904800
2010-11-12,62.0300,62.8000,60.7100,61.5500,6020700
2010-11-11,62.6300,63.3000,61.7100,63.0200,5451400
2010-11-10,60.9000,62.4600,60.2500,62.3100,9321700
2010-11-09,63.3600,63.7800,59.9100,60.5100,12398100
2010-11-08,61.3500,62.8300,61.1500,62.6300,6699200
2010-11-05,61.0400,61.6600,60.6700,61.6200,7572600
2010-11-04,60.7300,61.5700,60.1600,61.5200,8650200
2010-11-03,59.5900,59.7400,57.9000,59.1100,9250300
2010-11-02,61.8700,61.9500,59.2500,59.8900,9117100
2010-11-01,61.4200,61.4300,60.5700,61.2300,5188500
2010-10-29,60.3700,61.1300,59.7700,60.8600,5248800
2010-10-28,58.8900,60.0600,58.7100,59.8100,6303000
2010-10-27,59.0600,59.0600,57.5200,58.4000,8498000
2010-10-26,58.9700,60.0700,58.5100,59.4600,5398700
2010-10-25,60.4800,60.8700,59.0700,59.3700,6353400
2010-10-22,59.3600,59.5000,58.7500,59.3700,5845300
2010-10-21,60.3800,60.9800,58.4100,59.2200,8737700
2010-10-20,60.0400,61.5300,59.9100,60.4800,5107800
2010-10-19,60.5001,60.9600,59.6400,59.9300,9397000
2010-10-18,61.6700,62.8200,61.2000,62.4900,5375300
2010-10-15,62.0800,62.1900,61.1000,61.8800,7883200
2010-10-14,63.2100,63.3000,62.1200,62.5400,7102000
2010-10-13,62.6400,63.6190,62.5400,63.1800,10258700
2010-10-12,61.9400,62.1300,61.1100,62.0000,5984600
2010-10-11,62.4300,63.0000,61.3500,62.5400,6223000
2010-10-08,63.1600,63.3200,62.6200,62.8900,6188000
2010-10-07,65.1700,65.1700,62.1400,63.0300,10353700
2010-10-06,63.9400,64.9600,63.4600,64.7200,5567300
2010-10-05,64.1200,64.9800,63.5700,63.6700,9484800
2010-10-04,63.4400,63.4900,62.0000,62.7400,4473800
2010-10-01,63.7300,64.2400,63.3400,63.6800,4762800
2010-09-30,63.9000,64.0500,61.8100,62.8100,7981500
2010-09-29,64.3800,64.4600,63.5000,63.9000,6368900
2010-09-28,61.8100,64.4500,61.3000,64.2300,8573200
2010-09-27,63.8200,63.8800,62.4700,62.6500,4877300
2010-09-24,64.5200,64.8700,63.1600,63.4000,5446900
2010-09-23,64.9800,65.2500,63.7800,63.8500,5909000
2010-09-22,64.5000,65.5000,64.3500,64.9400,7509700
2010-09-21,63.1000,64.4000,61.9600,64.1300,9340600
2010-09-20,63.0900,63.5000,62.7100,63.2700,4615700
2010-09-17,63.5500,63.6300,62.7100,63.0100,6148800
2010-09-16,63.6200,63.8500,62.5500,63.1800,6283900
2010-09-15,62.9000,63.3000,62.1800,62.9000,6725900
2010-09-14,61.3900,64.0300,61.3900,62.8500,12097700
2010-09-13,60.6900,61.1000,60.1000,60.4200,4157700
2010-09-10,59.9800,61.1300,59.9800,60.6800,3276500
2010-09-09,61.7200,61.8600,59.8600,60.2200,4849600
2010-09-08,62.0100,62.7000,61.4900,61.5700,4655400
2010-09-07,61.4500,62.5500,61.3700,62.0700,5205000
2010-09-03,60.1600,61.0000,59.9900,60.8700,4527800
2010-09-02,61.0900,61.5500,60.1800,61.5300,5216400
2010-09-01,61.8200,61.9200,60.1300,60.3200,8179100
2010-08-31,60.4000,61.9200,60.3700,61.3200,7704400
2010-08-30,59.6000,60.5400,59.4000,59.9200,3880600
2010-08-27,59.8300,60.0000,58.3600,59.9500,6290300
2010-08-26,58.9200,59.6450,58.7400,59.4400,5587700
2010-08-25,57.6000,58.9800,57.0600,58.7400,7057900
2010-08-24,56.5400,58.3800,55.8100,57.1200,7954200
2010-08-23,57.9000,58.0500,57.0600,57.5800,3697500
2010-08-20,57.9500,58.2400,57.2200,58.0200,4290800
2010-08-19,59.7900,60.2300,58.1500,58.4400,5396600
2010-08-18,57.8400,59.8600,57.6800,59.4900,6197200
2010-08-17,58.1000,58.6000,57.3000,58.3800,4984000
2010-08-16,57.3600,57.8300,57.0200,57.7100,3540900
2010-08-13,57.6600,57.9000,56.5600,56.7200,4437500
2010-08-12,56.8300,58.1600,56.7600,57.7500,6823500
2010-08-11,57.3600,57.7200,55.9500,56.0400,5593200
2010-08-10,56.6200,57.8300,56.1500,57.4000,5021000
2010-08-09,56.9800,57.3900,56.2200,57.2400,3673600
2010-08-06,57.3100,58.0000,56.9400,57.0400,5925000
2010-08-05,56.3000,56.7400,55.8000,56.7100,5252300
2010-08-04,56.3100,56.4800,55.9200,56.2500,7184700
2010-08-03,55.7300,56.1700,55.3600,55.4700,5999300
2010-08-02,56.8600,56.8800,54.9800,55.6000,6434700
2010-07-30,55.7900,56.2500,55.2300,55.9000,5176800
2010-07-29,55.6800,56.0700,55.2100,55.7200,6113700
2010-07-28,54.6200,55.8000,54.3000,55.4000,10937200
2010-07-27,57.2700,57.3600,54.7700,55.7800,14340800
2010-07-26,59.4100,59.5000,57.6200,58.1000,6309600
2010-07-23,59.0000,59.5900,58.7500,59.0500,5926900
2010-07-22,58.2000,59.5200,58.1900,59.0100,6279300
2010-07-21,59.2900,59.6200,57.8200,58.1700,6348900
2010-07-20,57.1500,59.2600,57.1300,58.9900,7606000
2010-07-19,58.5800,58.6000,56.2700,58.0200,10812100
2010-07-16,59.7300,59.9500,58.7600,58.9000,7822000
2010-07-15,61.8100,62.2000,60.1100,60.7000,7640700
2010-07-14,61.6100,62.6600,61.2000,61.7200,5525100
2010-07-13,62.7300,62.9900,61.6000,61.6800,6789200
2010-07-12,62.1800,62.5000,60.9600,61.5800,6303100
2010-07-09,61.5300,63.3800,61.3900,61.9300,8343600
2010-07-08,60.2000,60.4800,58.4700,60.3400,8286700
2010-07-07,58.6200,59.9900,57.8900,59.9900,8445400
2010-07-06,59.0500,59.6500,57.9000,58.6200,9416700
2010-07-02,59.3200,59.7600,58.6400,58.7600,6293400
2010-07-01,61.0500,61.6500,58.0300,58.9900,14453400
2010-06-30,61.1900,62.3700,60.7700,61.7400,11125700
2010-06-29,60.8400,62.0100,60.2800,61.1500,11602100
2010-06-28,61.7000,62.6200,60.6100,61.4600,12335600
2010-06-25,59.5500,62.1100,59.2900,61.6700,12202500
2010-06-24,58.8400,60.2000,58.8300,58.9500,9650100
2010-06-23,59.0100,59.4300,58.4300,59.0800,8806700
2010-06-22,59.6000,60.3900,59.4100,59.5200,6333600
2010-06-21,61.2000,61.5000,58.8500,59.4800,9978500
2010-06-18,60.7400,61.7800,60.0300,61.2500,11941200
2010-06-17,59.3800,59.9800,59.0900,59.6800,10187900
2010-06-16,55.9900,58.5500,55.9600,58.3300,11104600
2010-06-15,55.3500,56.5400,55.1300,56.3300,7307200
2010-06-14,55.4300,56.0100,54.7700,54.9400,7452200
2010-06-11,56.3700,56.6600,55.7400,56.2500,4793800
2010-06-10,55.9500,56.5700,55.4200,56.1100,7368200
2010-06-09,55.7800,56.4800,55.1800,55.7000,9132800
2010-06-08,55.6900,57.6100,55.5700,56.4500,11666200
2010-06-07,53.7000,56.0600,53.3000,55.1600,8728200
2010-06-04,53.7800,55.0400,53.4300,53.7150,8098500
2010-06-03,55.6800,55.7800,53.8400,54.3200,6484700
2010-06-02,54.8300,55.7400,54.3000,55.7100,7098200
2010-06-01,54.4900,55.8800,54.4600,54.6400,11191100
2010-05-28,53.9800,54.7800,53.6400,53.8200,6981000
2010-05-27,53.5900,55.1800,53.3400,54.9300,7712200
2010-05-26,54.1000,54.7900,53.1500,53.1600,8086000
2010-05-25,51.5200,53.6500,51.4000,53.5400,12299900
2010-05-24,53.1300,53.8000,52.3400,52.3400,7565600
2010-05-21,50.8700,52.6500,50.8600,52.3400,10800100
2010-05-20,53.4800,54.5000,52.0700,52.0700,16627100
2010-05-19,55.3500,55.9600,53.5900,54.5100,13683400
2010-05-18,56.6400,57.1400,55.5300,56.0600,11699200
2010-05-17,57.6800,58.0900,56.1200,57.0400,9074100
2010-05-14,58.3900,58.5300,56.5000,57.6800,13355900
2010-05-13,58.6800,58.8100,56.9400,57.1300,10198700
2010-05-12,58.8500,59.5749,58.2600,58.7100,13758200
2010-05-11,56.6600,59.0600,56.3700,58.2000,17782700
2010-05-10,53.4400,55.7000,53.2900,55.4900,10687000
2010-05-07,54.2900,55.1900,53.0000,53.3900,16292200
2010-05-06,53.7700,55.6900,52.2800,54.6400,16843100
2010-05-05,53.2800,54.4000,52.6400,53.5200,10603200
2010-05-04,54.8200,55.3500,53.2800,54.2800,8713700
2010-05-03,56.1300,56.2600,53.9200,54.9300,7583800
2010-04-30,56.5600,57.0500,55.8900,56.0800,7932800
2010-04-29,55.1000,56.5200,54.8300,55.8000,9360800
2010-04-28,53.4800,55.5400,53.3000,54.7700,11713700
2010-04-27,53.2200,53.8900,52.1300,53.2600,10748600
2010-04-26,52.9600,53.5700,52.8600,53.1900,4315200
2010-04-23,52.1400,53.2000,51.6150,53.1000,4940400
2010-04-22,51.2800,52.6200,51.0100,52.4400,5450100
2010-04-21,51.7600,52.3700,51.2200,51.9100,5226700
2010-04-20,52.4700,52.7500,51.3500,51.5300,5645700
2010-04-19,51.7500,52.2800,51.4000,52.2200,6581400
2010-04-16,52.4100,52.6900,51.1900,52.1500,10958600
2010-04-15,53.1600,53.6100,52.8200,53.0300,4097100
2010-04-14,53.8900,54.1200,53.2300,53.5500,4762700
2010-04-13,53.4100,53.8600,52.3600,53.7800,5534900
2010-04-12,54.1800,54.3500,53.3400,53.5500,5685200
2010-04-09,54.2400,54.4800,53.5500,54.2100,7144700
2010-04-08,53.7500,54.3000,53.2500,53.9000,6428700
2010-04-07,53.7700,54.8200,53.4700,54.0900,9056700
2010-04-06,53.6200,54.0700,53.1000,53.2700,6919200
2010-04-05,53.3700,53.9800,52.8600,53.8100,5516600
2010-04-01,51.5000,53.1600,51.1900,52.9100,7787200
2010-03-31,51.6400,51.8400,50.8200,50.9300,5625600
2010-03-30,50.4900,50.9500,50.2900,50.7400,6862500
2010-03-29,49.6900,50.4700,49.4500,50.3700,6441200
2010-03-26,48.6700,49.5900,48.2000,49.3800,6884300
2010-03-25,50.0400,50.2800,48.2800,48.3500,9640200
2010-03-24,50.5100,50.7200,49.6300,49.7200,8770300
2010-03-23,51.1800,52.0600,50.6000,51.4500,6236300
2010-03-22,50.0700,51.4400,49.8700,51.4000,6020300
2010-03-19,51.6400,51.7800,50.4400,50.7600,7829700
2010-03-18,51.4200,52.1900,50.9400,51.2700,6426500
2010-03-17,51.1800,51.8300,51.0300,51.2300,6066100
2010-03-16,50.7000,51.5000,50.4100,51.3400,8537300
2010-03-15,50.0500,50.2400,49.3400,49.7300,6028800
2010-03-12,50.5600,50.6900,49.5300,50.0400,5657200
2010-03-11,49.9000,50.5100,49.4100,50.4200,6454000
2010-03-10,51.1200,51.5850,49.9400,50.2700,9014400
2010-03-09,50.5200,51.7200,50.5200,51.1700,6957900
2010-03-08,51.6600,52.0000,50.8900,51.0600,5581200
2010-03-05,51.1500,51.7700,50.8600,51.5500,7407700
2010-03-04,51.6100,51.8400,50.3100,50.8600,10462900
2010-03-03,52.0300,52.5700,51.7100,51.9400,7710600
2010-03-02,50.5600,52.4000,50.5200,51.7000,11242500
2010-03-01,49.4600,50.4300,48.8500,50.2800,8046300
2010-02-26,49.1900,49.5000,48.3000,49.2800,7766600
2010-02-25,46.7900,49.5900,45.5800,49.0200,16562300
2010-02-24,46.3400,47.0100,46.0700,46.4800,8617800
2010-02-23,47.5600,47.9600,46.0900,46.5800,8061600
2010-02-22,48.5700,48.6900,47.4600,47.7300,6265300
2010-02-19,47.7600,49.0000,47.4700,48.5400,8567900
2010-02-18,47.3000,48.9500,47.3000,48.4100,10410600
2010-02-17,47.3200,47.8600,46.9200,47.2400,12083800
2010-02-16,47.7400,47.9700,46.8900,47.4200,11204300
2010-02-12,45.9700,46.6800,45.4900,46.5300,8136000
2010-02-11,45.5400,46.9325,45.1900,46.7600,11208700
2010-02-10,45.3200,45.8300,44.3300,45.3300,8631200
2010-02-09,45.1700,46.0700,44.8500,45.8200,12685300
2010-02-08,45.8200,45.9700,44.3800,44.4100,10289000
2010-02-05,43.3900,46.2900,43.1100,46.2300,17170600
2010-02-04,44.8050,45.0400,43.3900,43.5400,12661700
2010-02-03,45.2600,46.2800,45.2500,45.8700,10948900
2010-02-02,45.9000,46.0500,45.0000,45.2700,8713400
2010-02-01,43.4800,45.5400,43.4000,45.5400,11549200
2010-01-29,43.8700,44.4400,42.8000,42.8600,8932100
2010-01-28,44.6900,44.8700,43.0100,43.9900,10195200
2010-01-27,44.2500,44.5500,43.4100,44.1900,8942000
2010-01-26,43.7100,45.0400,43.6200,44.2400,8376100
2010-01-25,45.0600,45.0600,44.0200,44.1300,8405600
2010-01-22,44.0600,45.6900,43.8600,44.4300,13058700
2010-01-21,46.0400,46.2000,44.3500,44.4400,15469500
2010-01-20,47.1400,47.3300,45.2200,46.4100,12139900
2010-01-19,47.5400,48.4900,47.4800,48.4400,6408300
2010-01-15,47.9400,48.0700,47.1400,47.6100,9045000
2010-01-14,48.8000,48.9400,47.8621,48.4200,5055000
2010-01-13,48.7900,48.9900,47.7200,48.7500,5554900
2010-01-12,49.6500,49.8200,47.9300,48.5200,8458000
2010-01-11,50.9900,51.2500,49.9199,50.1800,6421400
2010-01-08,49.5100,49.7900,48.5600,49.6200,5953700
2010-01-07,49.5100,49.5100,48.6900,49.2900,7620300
2010-01-06,49.1700,50.0900,49.1200,49.6100,8018700
2010-01-05,48.4800,49.1300,47.7700,48.5800,7190500
2010-01-04,48.9000,49.1800,48.1900,48.4500,5625400
2009-12-31,47.9200,48.1900,47.2600,47.3100,3026500
2009-12-30,47.3700,47.8300,47.0600,47.5900,3405100
2009-12-29,47.9400,48.1600,47.3200,47.7600,4149000
2009-12-28,48.2200,48.4300,47.0150,47.8100,4610300
2009-12-24,48.4100,48.7100,47.8700,47.9800,2099400
2009-12-23,47.1000,48.5000,46.8299,48.0400,6834000
2009-12-22,47.0000,47.4500,46.3400,46.7500,9596600
2009-12-21,48.6600,48.6600,46.6000,46.9800,10587700
2009-12-18,47.7700,48.6600,47.5300,48.2600,14602700
2009-12-17,49.8400,50.1700,47.5000,47.6300,15988600
2009-12-16,50.9500,51.6200,50.3700,50.7100,5985400
2009-12-15,51.1300,51.9800,50.3900,50.5900,5902200
2009-12-14,51.5500,52.1200,51.2500,51.5700,5767400
2009-12-11,51.6000,52.2300,50.7900,51.1800,7973100
2009-12-10,51.9000,52.3800,51.1700,51.6900,7389400
2009-12-09,50.6300,51.8200,50.5600,51.7400,9282600
2009-12-08,51.0500,51.4000,50.0400,50.3300,8272400
2009-12-07,51.0000,52.9000,50.6100,51.8300,9528600
2009-12-04,53.1800,53.2600,50.6500,52.0500,16680500
2009-12-03,55.2000,55.8200,54.2700,54.5800,8852000
2009-12-02,56.0200,56.4100,55.3400,55.8300,10496000
2009-12-01,54.9000,56.4500,54.8400,55.6600,10244200
2009-11-30,53.0000,54.0600,52.8000,53.6400,6409400
2009-11-27,52.3500,54.1500,52.1800,53.3500,5970100
2009-11-25,53.9400,54.9400,53.7400,54.9000,8111200
2009-11-24,53.5400,53.5600,52.6600,53.3500,7877600
2009-11-23,53.8200,54.8700,53.1700,53.3400,9617900
2009-11-20,52.0100,52.6000,51.5500,52.2600,6994100
2009-11-19,52.0100,52.7900,51.0900,52.6600,7612700
2009-11-18,53.3000,53.8100,52.2600,52.7000,9697000
2009-11-17,51.6900,52.8200,51.4310,52.8200,6679200
2009-11-16,51.9900,53.0000,51.6400,52.3900,8988200
2009-11-13,49.7600,51.5800,49.7000,50.9900,8744600
2009-11-12,50.8100,51.1500,49.4200,49.6400,9969500
2009-11-11,51.6100,51.9700,51.0000,51.2400,10316200
2009-11-10,50.3500,50.9900,49.5600,50.4600,8253900
2009-11-09,50.0700,51.3000,50.0100,50.5600,11733700
2009-11-06,47.4100,49.5581,47.3500,49.0400,11746700
2009-11-05,47.4900,47.7000,46.7900,47.2500,7235100
2009-11-04,46.6700,48.0500,46.6500,47.3700,14633600
2009-11-03,43.1200,46.6200,43.0900,46.4800,14008700
2009-11-02,44.1500,44.8900,42.5100,43.5700,11030400
2009-10-30,42.6100,43.9000,42.0300,43.4600,11243900
2009-10-29,42.9800,43.6000,41.9100,43.0000,13358000
2009-10-28,43.1200,43.5900,41.4500,41.5000,9629900
2009-10-27,43.3300,43.7800,42.7500,43.2800,7466100
2009-10-26,44.8100,45.5200,42.9700,43.3400,9238300
2009-10-23,46.2200,46.4100,44.7700,44.9100,5786500
2009-10-22,45.4800,45.7400,44.6500,45.5200,6195700
2009-10-21,45.4200,46.9100,45.3100,45.5700,7407800
2009-10-20,47.0500,47.0500,45.1400,45.9900,6763600
2009-10-19,46.6700,47.0600,45.9600,46.9700,8133000
2009-10-16,46.5600,47.3000,46.2200,46.6400,7113500
2009-10-15,46.5200,47.1300,46.2400,46.5600,7091400
2009-10-14,47.9200,48.0000,47.2000,47.3500,7121200
2009-10-13,46.8800,48.2000,46.6900,47.6800,9646200
2009-10-12,47.0200,47.4000,46.0400,46.4800,5223700
2009-10-09,46.4600,47.1900,45.9000,46.5000,6658500
2009-10-08,47.0300,47.7000,46.1000,47.0100,11192900
2009-10-07,46.7400,46.9000,45.6300,46.5800,8182400
2009-10-06,44.7800,46.6700,44.6600,46.2100,13969600
2009-10-05,42.5400,43.5900,42.1600,43.2000,7172200
2009-10-02,42.2200,43.3500,41.9500,42.1200,8343600
2009-10-01,44.1800,44.1800,42.3100,42.4000,8613200
2009-09-30,44.2300,44.6400,43.2000,44.0200,9607700
2009-09-29,42.7800,44.4600,42.6400,43.7300,9394000
2009-09-28,42.9200,43.8100,42.5900,42.6700,6381200
2009-09-25,42.7800,43.4500,42.3400,42.8300,8591400
2009-09-24,44.2800,44.4500,42.7500,43.2800,10454700
2009-09-23,45.0300,45.5400,43.4800,43.5900,8935200
2009-09-22,45.6300,46.3900,45.1100,45.2200,9490200
2009-09-21,43.7700,44.6900,43.1700,44.4100,8654400
2009-09-18,46.1100,46.1700,44.8200,44.9600,9982000
2009-09-17,46.8400,47.5300,45.1400,45.8300,9543400
2009-09-16,47.8500,47.9800,46.9100,47.1200,8310900
2009-09-15,45.5300,47.2500,45.5300,46.7300,8873900
2009-09-14,45.6900,46.6700,45.2700,45.7600,6943800
2009-09-11,47.3000,47.4000,46.2500,46.5300,9405700
2009-09-10,44.7900,46.5800,44.6600,46.1200,8219000
2009-09-09,45.9800,46.3700,44.3700,44.8800,11607900
2009-09-08,47.7900,48.0000,45.4900,45.7000,13139300
2009-09-04,45.2200,46.9300,44.7600,46.2300,7955800
2009-09-03,44.3700,46.2500,43.7000,45.7700,14893600
2009-09-02,40.7000,44.0900,40.7000,43.8000,13715600
2009-09-01,40.1400,40.9000,39.7000,40.1800,10278000
2009-08-31,40.6300,40.6400,39.7000,40.1900,7517800
2009-08-28,41.0900,41.4360,40.5169,41.4200,6983400
2009-08-27,39.8300,40.7301,39.0600,40.5700,4781500
2009-08-26,40.2700,40.2700,39.5100,39.8800,4136200
2009-08-25,40.6200,41.1400,40.1200,40.3000,4716800
2009-08-24,40.8800,41.4900,39.8800,39.9400,6511200
2009-08-21,41.1300,41.1500,40.4300,40.8400,5964800
2009-08-20,39.5900,40.2700,39.5000,40.0400,3969600
2009-08-19,38.8600,40.0200,38.5300,39.6800,5781400
2009-08-18,38.9700,39.4800,38.7900,39.2300,4522000
2009-08-17,39.2600,39.4300,38.7000,38.7700,6909900
2009-08-14,41.7300,41.7800,40.3400,40.6300,5329800
2009-08-13,41.1300,42.0000,40.8400,41.4700,4910900
2009-08-12,39.9900,40.8825,39.9500,40.4700,4271800
2009-08-11,40.5800,40.7900,39.8900,40.2000,4162000
2009-08-10,41.0800,41.2400,40.5649,40.7400,4208000
2009-08-07,42.3400,42.5000,41.4500,41.5400,5359000
2009-08-06,42.1500,42.3600,41.2800,42.3200,5788500
2009-08-05,42.1400,42.2900,40.9700,41.9100,5303900
2009-08-04,41.8100,42.8300,41.5300,42.0500,5648000
2009-08-03,42.0000,42.7500,41.5000,41.8400,6621300
2009-07-31,39.6600,41.7900,39.4600,41.3500,6329600
2009-07-30,40.2700,40.5500,39.7000,39.8100,5745000
2009-07-29,39.8400,39.9800,38.7100,39.3700,6263800
2009-07-28,40.9900,41.0500,39.5000,40.3400,5731100
2009-07-27,42.0000,42.2200,41.3800,41.5800,3546700
2009-07-24,41.6900,42.2000,41.3700,41.7600,3296800
2009-07-23,41.2900,42.5500,41.1600,41.7600,6389800
2009-07-22,41.8800,42.7200,41.3430,41.9800,6072500
2009-07-21,42.4000,42.7100,41.1100,42.2500,5762300
2009-07-20,42.4300,42.6100,41.4800,42.1400,4628900
2009-07-17,40.9200,41.3400,40.5200,41.1400,4570300
2009-07-16,40.1700,41.0300,39.7300,40.8600,4387000
2009-07-15,39.9800,40.6800,39.9800,40.4500,6239900
2009-07-14,38.9700,39.3100,38.5100,39.1100,5044600
2009-07-13,37.6900,38.5000,36.7700,38.4500,6504900
2009-07-10,37.6600,38.2600,37.2200,37.8900,6750700
2009-07-09,38.4400,39.1300,37.9500,38.0400,6670300
2009-07-08,39.1700,39.6300,37.5000,37.9500,8888900
2009-07-07,39.7600,40.2900,39.2000,39.3700,5340600
2009-07-06,39.6400,39.8000,38.7000,39.4600,6888200
2009-07-02,41.1700,41.5800,40.2100,40.2600,6293800
2009-07-01,41.7800,42.7300,41.4400,42.1800,6946000
2009-06-30,42.2400,42.4500,40.6500,40.8700,6791200
2009-06-29,42.5400,42.8800,42.0800,42.3300,5277600
2009-06-26,43.3500,43.3600,42.1300,42.5000,4896500
2009-06-25,42.1700,43.1000,42.0000,43.0800,5766400
2009-06-24,42.0000,42.4100,41.4200,42.0200,6110900
2009-06-23,40.0300,41.5000,39.9300,41.3200,6296400
2009-06-22,40.5500,40.9800,39.8100,39.8700,6549700
2009-06-19,41.8600,42.2300,41.0400,41.8800,9234100
2009-06-18,42.0500,42.8100,41.3100,41.4100,6659100
2009-06-17,41.8700,42.2600,41.0600,41.9800,5722500
2009-06-16,42.1000,42.6300,41.4000,41.8800,5992100
2009-06-15,42.4000,42.4300,41.3900,41.5800,6558300
2009-06-12,43.2000,43.3600,42.1500,42.7100,6272100
2009-06-11,43.9500,44.8800,43.6700,44.1100,6733000
2009-06-10,45.3500,45.6100,43.8100,44.4500,6794900
2009-06-09,45.1000,45.5000,44.2600,44.8900,5337500
2009-06-08,44.2100,44.8400,43.4000,44.6600,6491300
2009-06-05,46.0400,46.3200,44.4300,44.8400,9232400
2009-06-04,46.9200,47.8500,46.5900,47.4400,6096300
2009-06-03,47.9400,48.1900,45.6700,46.4200,8627500
2009-06-02,48.0300,48.8100,47.3000,48.5200,9158400
2009-06-01,48.8800,49.8400,47.7800,47.9900,9924700
2009-05-29,48.4000,49.1800,47.9600,48.8700,8569700
2009-05-28,46.3100,48.0200,46.3100,47.3500,6584900
2009-05-27,47.1400,47.8400,45.8100,45.8700,7241100
2009-05-26,45.7900,47.4200,45.2900,47.1900,7669400
2009-05-22,47.0600,47.5900,46.6200,47.0400,6810900
2009-05-21,45.4200,46.7500,44.2100,46.6200,9385200
2009-05-20,44.0600,46.2200,44.0600,45.5500,7317000
2009-05-19,42.5900,44.2000,42.1400,43.5700,5640100
2009-05-18,42.9900,43.0000,41.6100,42.3900,6133100
2009-05-15,43.6200,44.0600,42.1600,42.6400,6595800
2009-05-14,42.8200,43.9300,41.9200,43.6700,6416400
2009-05-13,43.5300,44.7500,42.6300,42.9600,6897400
2009-05-12,43.2600,44.7300,43.0900,44.3200,7097400
2009-05-11,43.4100,43.5200,41.7500,42.7100,5330400
2009-05-08,42.7800,43.9200,42.2800,43.7800,5925600
2009-05-07,43.1400,44.1600,42.3000,42.7500,7173800
2009-05-06,41.8200,42.8100,41.4800,42.6700,6100500
2009-05-05,41.3800,41.7500,40.6100,41.1400,5221900
2009-05-04,39.0700,40.9900,38.9100,40.9500,5804400
2009-05-01,40.0200,40.0200,38.3500,38.7300,6034800
2009-04-30,39.8600,40.3600,39.0200,40.2400,6856700
2009-04-29,41.0900,41.1600,40.0100,40.7100,4085500
2009-04-28,40.5200,41.0300,39.7900,40.0200,5385200
2009-04-27,40.8500,42.0500,40.4600,41.6800,7794300
2009-04-24,39.2900,41.4600,39.0500,41.2900,8118700
2009-04-23,38.4300,39.6000,37.9000,38.7300,8077100
2009-04-22,38.7500,39.2800,38.1700,38.3700,6815300
2009-04-21,39.9100,40.0000,38.0000,38.8700,5972800
2009-04-20,38.7800,40.0000,38.5000,39.0600,8265100
2009-04-17,39.8000,39.9900,37.5400,38.1400,9811400
2009-04-16,41.8400,42.1500,39.5700,39.8000,7242300
2009-04-15,41.8700,42.7200,41.5200,42.3000,5393400
2009-04-14,42.0900,42.8300,41.8100,41.8500,5720900
2009-04-13,42.7100,42.9100,41.5000,42.0800,5241000
2009-04-09,42.0000,42.4700,41.5000,41.7800,4523400
2009-04-08,43.3100,43.3100,41.2000,41.9000,5561000
2009-04-07,43.3500,43.6900,42.4000,42.6200,6430100
2009-04-06,42.6600,42.9500,41.0600,42.8000,8946700
2009-04-03,46.1800,46.7200,43.2200,43.8900,9755600
2009-04-02,46.5300,46.5300,45.1600,46.2400,10071800
2009-04-01,45.2200,47.4500,44.5700,47.4000,9106800
2009-03-31,45.8800,45.8800,44.2000,44.7600,7216000
2009-03-30,44.8200,46.5200,44.4000,45.3000,7145500
2009-03-27,46.0700,46.2300,45.0700,45.6500,6442100
2009-03-26,46.0900,47.3100,45.7000,46.9000,9241400
2009-03-25,43.9000,46.2000,43.4400,45.8600,10589900
2009-03-24,43.5900,44.5500,42.4000,43.8600,7890400
2009-03-23,43.7500,45.2500,43.2900,44.6700,9924400
2009-03-20,42.5100,44.8000,42.3500,44.1900,14016300
2009-03-19,40.9200,43.4000,40.6000,42.9000,14591600
2009-03-18,36.0000,40.3000,35.4600,40.1400,18763400
2009-03-17,36.9200,37.8700,36.1000,36.6100,9066900
2009-03-16,38.1000,38.5100,37.3500,37.4700,8265800
2009-03-13,38.0100,38.8300,37.5000,38.5400,6228600
2009-03-12,37.1100,37.8000,36.7200,37.5600,7229600
2009-03-11,35.3300,37.1800,34.4200,36.6600,9546000
2009-03-10,37.2500,37.8100,34.4000,35.0300,12980300
2009-03-09,38.6300,39.1500,37.1400,37.7900,8476300
2009-03-06,40.7800,41.0800,38.0300,38.9000,12474000
2009-03-05,39.0700,40.4400,38.7400,40.4400,10327200
2009-03-04,39.1300,39.7300,37.9600,38.7900,9892900
2009-03-03,38.3500,39.2700,37.1600,38.7000,11068200
2009-03-02,41.5100,41.7000,37.6200,37.8800,14153100
2009-02-27,41.4100,42.4100,40.6400,41.6300,15800200
2009-02-26,39.4100,41.2000,39.0300,40.6800,9559600
2009-02-25,40.0800,42.6500,39.8700,40.0700,15909900
2009-02-24,42.2900,42.4900,39.6600,40.2300,13231100
2009-02-23,42.7700,44.0500,42.3300,42.3900,8877200
2009-02-20,42.2500,45.0000,41.7000,43.7300,14999000
2009-02-19,42.5200,43.2500,40.6400,40.7900,11526400
2009-02-18,42.4900,43.0800,41.2800,42.7600,9768100
2009-02-17,43.0900,43.3700,42.1500,42.6600,13821600
2009-02-13,42.1800,42.6800,41.2600,41.5800,5878700
2009-02-12,42.1800,42.8300,41.5300,42.7500,9440700
2009-02-11,40.0000,42.8300,39.6500,42.3500,13779000
2009-02-10,41.1000,41.5900,38.9200,39.3500,9516700
2009-02-09,40.4500,41.4300,39.8650,40.3600,7480500
2009-02-06,40.2200,41.7500,40.0000,41.5300,7906200
2009-02-05,41.2400,41.3300,40.2200,40.9100,11709000
2009-02-04,39.9300,40.8800,39.2700,39.9900,8699900
2009-02-03,39.8000,39.9500,38.1600,38.8700,9041100
2009-02-02,38.9900,40.1500,38.5500,39.3700,9929600
2009-01-30,40.0200,40.5000,38.8000,39.7800,13754400
2009-01-29,37.4500,39.6500,37.0200,39.4400,42421100
2009-01-28,39.9100,40.4000,38.3300,38.6100,17251400
2009-01-27,42.9700,43.5000,41.6400,41.7100,8976900
2009-01-26,45.2200,45.4500,43.2100,43.3700,10331400
2009-01-23,41.7500,44.7000,41.4000,44.4400,12488800
2009-01-22,40.1600,41.7000,39.3000,40.9000,10029600
2009-01-21,39.1300,40.6100,37.9500,40.4300,9155500
2009-01-20,38.4900,41.3000,38.2200,39.3300,12046700
2009-01-16,38.1700,38.8000,36.0500,37.8300,8958700
2009-01-15,35.6100,37.4100,34.4000,37.1200,8689000
2009-01-14,35.5200,36.9000,34.8100,35.5100,7684600
2009-01-13,35.6500,36.8000,35.0600,36.0000,8505000
2009-01-12,35.8800,36.7100,35.5200,35.9100,9418900
2009-01-09,37.1400,38.5700,36.6100,37.0400,8376900
2009-01-08,36.2900,37.8000,35.6600,37.7500,8331900
2009-01-07,39.2700,39.2700,34.7500,35.1100,11585100
2009-01-06,38.5400,40.0800,38.2500,39.5500,8450800
2009-01-05,38.6800,39.6000,38.1300,38.8200,8893400
2009-01-02,40.1300,41.8500,40.1100,40.3300,6849800
2008-12-31,39.1100,41.0100,39.1000,40.7000,5107200
2008-12-30,40.0500,40.4900,39.5000,40.0200,5503600
2008-12-29,39.7700,41.1300,39.2300,40.7000,6997800
2008-12-26,37.4900,39.2000,36.7900,38.8500,2745600
2008-12-24,36.8600,37.8000,36.2400,37.3000,1653300
2008-12-23,36.8900,37.9600,36.0400,37.2400,4969000
2008-12-22,38.3100,39.2500,36.0000,36.7600,5472900
2008-12-19,38.0000,38.2900,36.3500,38.1100,8362300
2008-12-18,38.7000,39.1100,36.7700,37.2000,9862100
2008-12-17,40.3800,41.7900,38.9900,39.1700,11994700
2008-12-16,37.6200,40.2000,36.7800,40.0100,12659100
2008-12-15,36.2600,38.7500,35.7300,37.7000,11112400
2008-12-12,33.9100,36.2500,33.8200,35.8400,9351800
2008-12-11,36.2600,37.2500,34.3400,34.6700,9582200
2008-12-10,33.5200,35.9900,33.4100,35.3800,11330800
2008-12-09,30.9000,33.0900,30.5900,32.2300,8887200
2008-12-08,31.1800,31.8700,30.1500,31.3800,10280500
2008-12-05,29.0000,29.6700,26.8000,29.5800,8367400
2008-12-04,29.2200,30.7300,29.0000,29.7100,9711800
2008-12-03,30.9800,31.0500,28.9500,29.3400,10328800
2008-12-02,31.0600,32.4600,30.6800,32.2600,9373600
2008-12-01,31.5000,31.9500,30.0100,30.1900,10346000
2008-11-28,33.4900,33.7300,32.2500,33.6500,2971400
2008-11-26,31.6000,33.7200,30.5600,33.6300,8567900
2008-11-25,32.1100,33.0600,30.3100,31.9300,15252200
2008-11-24,29.8100,33.4300,29.5000,31.4900,18678400
2008-11-21,24.5000,29.5000,23.4400,28.7900,19539600
2008-11-20,22.4700,24.3700,21.1700,23.0000,13894200
2008-11-19,24.0700,25.2600,22.2600,22.4000,11461100
2008-11-18,23.3600,24.0700,22.7500,23.6500,7169800
2008-11-17,23.9300,24.7100,22.8500,23.3500,7305800
2008-11-14,27.0000,27.1500,24.1200,24.2300,8945800
2008-11-13,24.4800,26.4000,22.5800,26.1800,10061300
2008-11-12,25.8400,26.3700,24.2400,24.3200,8394100
2008-11-11,26.7200,26.9700,25.3700,26.2600,5818200
2008-11-10,27.4100,27.8700,26.6600,27.4700,6097000
2008-11-07,25.9800,26.4000,24.8300,26.0200,5973900
2008-11-06,28.2000,28.4800,25.2600,25.3900,7794100
2008-11-05,28.4500,29.4000,27.2300,27.8100,7206000
2008-11-04,27.5600,29.3200,27.0500,29.0300,7675200
2008-11-03,26.2400,27.5700,26.0800,26.3000,4910800
2008-10-31,27.7400,27.8200,26.0000,26.3400,6624300
2008-10-30,27.7200,28.7900,25.4700,28.0400,8407700
2008-10-29,26.6500,27.6000,25.3700,25.9000,12470500
2008-10-28,22.2700,26.4700,22.0250,26.4700,11334400
2008-10-27,23.3200,24.2500,21.4000,21.5400,8685400
2008-10-24,21.4700,24.7400,21.4700,23.8200,12542200
2008-10-23,24.7100,25.7400,22.3500,23.3000,14459500
2008-10-22,27.8500,27.9200,24.3800,24.7500,14621900
2008-10-21,29.2700,30.5600,28.6500,28.8100,7914300
2008-10-20,28.3900,31.1900,27.8000,31.0200,8480900
2008-10-17,28.0800,29.1800,26.4200,27.4600,11396500
2008-10-16,30.1000,30.4800,27.2500,28.8500,13070200
2008-10-15,31.5600,33.4900,29.2500,30.0400,11529700
2008-10-14,32.0700,33.9800,30.6650,31.8700,11275100
2008-10-13,30.2200,31.4700,27.9600,31.0800,10272300
2008-10-10,33.6500,34.4000,28.5000,29.2300,17387700
2008-10-09,36.8900,37.1400,34.0000,34.0000,11016200
2008-10-08,33.7400,37.6500,33.0000,37.3300,16291200
2008-10-07,34.9900,36.1300,32.3700,32.5100,10667300
2008-10-06,36.2800,36.8800,32.2700,34.4000,13103300
2008-10-03,34.1400,36.2400,33.8800,35.5800,8177100
2008-10-02,37.6600,38.0700,34.1200,34.2000,11848500
2008-10-01,38.7400,40.0000,38.2900,38.6100,7826200
2008-09-30,39.0400,39.4000,38.0200,38.7600,8837000
2008-09-29,40.5300,41.5500,38.3000,39.3600,12966000
2008-09-26,42.3800,43.4500,40.7800,41.0000,7495600
2008-09-25,42.0800,42.9600,41.3200,41.5600,9105300
2008-09-24,43.4300,43.8200,41.8500,42.1700,7991800
2008-09-23,44.4300,44.4300,42.5500,42.7700,9820000
2008-09-22,42.5300,44.8900,42.3500,44.4300,13594700
2008-09-19,40.8600,41.9500,39.2700,41.8500,15394900
2008-09-18,43.7600,44.7000,39.2000,39.6700,19629400
2008-09-17,39.5600,44.5800,38.5600,43.2500,16090000
2008-09-16,37.7200,39.6300,37.3000,39.5500,8196500
2008-09-15,39.2800,39.6200,38.0500,38.3800,10846200
2008-09-12,38.2000,39.7800,37.7200,39.6600,9682400
2008-09-11,36.9600,38.0000,35.7900,37.2800,12797000
2008-09-10,37.7300,37.8900,36.2300,37.7100,14625400
2008-09-09,38.9300,39.1500,36.6600,36.7300,13312100
2008-09-08,40.7800,41.6400,39.4400,39.8200,9684000
2008-09-05,40.5400,40.5400,39.0000,40.2300,8943000
2008-09-04,41.6500,42.0000,39.4400,39.5400,10604700
2008-09-03,42.5300,43.1000,40.6000,41.3900,9116500
2008-09-02,42.8300,43.4400,42.0600,42.9300,7550300
2008-08-29,45.2000,45.5000,44.8300,45.1000,2976200
2008-08-28,45.9800,46.0800,44.5500,45.2300,4258400
2008-08-27,44.7400,45.3700,44.6900,45.2200,5073100
2008-08-26,43.7000,44.6600,43.5900,44.2000,4358100
2008-08-25,43.9300,44.8600,43.5300,43.7100,4102800
2008-08-22,44.3300,44.9900,43.8800,44.2900,4482200
2008-08-21,44.7600,45.1300,43.9700,44.8900,7549300
2008-08-20,43.0000,43.8600,42.4400,43.2500,7469400
2008-08-19,41.2900,43.4200,41.2900,42.8300,6982900
2008-08-18,42.0100,42.5000,41.6400,42.0500,5812000
2008-08-15,42.1200,42.4000,41.4100,41.5100,8826300
2008-08-14,43.8250,44.5000,42.8200,42.8900,8120400
2008-08-13,42.7700,44.3200,42.5900,44.1500,9256800
2008-08-12,42.0600,42.7600,41.3400,42.3600,12155300
2008-08-11,43.2400,44.0000,40.7800,41.5000,15379000
2008-08-08,43.7300,44.6400,43.2000,43.5900,7055800
2008-08-07,44.8400,45.2500,44.4500,44.7100,7251900
2008-08-06,44.2200,45.0500,44.0500,44.5800,8705300
2008-08-05,45.5100,45.7900,43.5700,43.7500,11091800
2008-08-04,47.1100,47.5200,45.6500,46.1200,8317800
2008-08-01,47.6400,49.1900,47.0100,47.2700,6696200
2008-07-31,49.0600,49.6000,47.7150,47.9600,6758800
2008-07-30,47.3800,48.3700,46.2600,48.2500,9491400
2008-07-29,49.1600,49.1600,47.3800,47.9800,7270100
2008-07-28,49.2300,50.4500,48.7100,49.1100,5438900
2008-07-25,48.5300,50.0100,48.1000,49.2000,6990100
2008-07-24,47.6700,50.2500,47.4600,48.7700,11612000
2008-07-23,48.9500,49.0600,46.6000,46.9500,10183700
2008-07-22,49.8300,50.8600,48.6000,49.1200,9563400
2008-07-21,48.7500,49.6970,48.0600,49.6700,5796000
2008-07-18,47.6400,48.6500,47.5100,48.2400,6620100
2008-07-17,49.4100,50.3200,47.5900,47.7000,11016800
2008-07-16,50.7800,51.0700,48.9701,49.6400,8735700
2008-07-15,52.4800,53.2500,50.7500,50.8300,11059100
2008-07-14,51.4800,52.3000,50.7100,51.9200,7072700
2008-07-11,50.4100,51.6500,50.1700,51.2700,8582900
2008-07-10,47.7100,49.3300,47.6300,49.1800,7129200
2008-07-09,48.4400,48.9600,47.4200,47.5400,6836300
2008-07-08,48.3300,48.7900,47.6100,48.0100,8487500
2008-07-07,49.4100,49.6900,48.7100,48.9600,8720000
2008-07-03,50.5900,50.9800,49.6000,50.1500,5309500
2008-07-02,53.3600,53.3900,50.9000,50.9900,8839100
2008-07-01,52.9900,53.7700,52.6600,53.3700,9160300
2008-06-30,52.8500,53.1500,50.7700,52.1600,6936100
2008-06-27,52.4300,53.2400,51.5800,52.6800,11229200
2008-06-26,51.4600,52.4200,51.2700,52.1800,10505500
2008-06-25,50.4500,50.9100,49.2000,50.4500,5934500
2008-06-24,49.5800,50.6500,49.4100,50.3300,6881200
2008-06-23,48.4100,49.8000,48.0300,49.6600,4138200
2008-06-20,48.7800,49.3300,48.6200,48.9500,5818000
2008-06-19,49.4600,49.9800,48.6100,48.6900,5319600
2008-06-18,48.6700,48.8400,48.0100,48.7000,3240000
2008-06-17,48.5700,48.7300,48.0500,48.3000,4538800
2008-06-16,47.8900,48.7800,47.8800,48.3100,5369900
2008-06-13,46.4500,47.2300,46.4100,47.0100,4645500
2008-06-12,46.4100,47.0000,45.8900,46.6500,5450300
2008-06-11,47.0000,48.0000,46.7000,47.2000,6291400
2008-06-10,48.1900,48.3000,46.4800,46.7300,8066000
2008-06-09,48.3500,49.3700,47.9500,49.0200,5442900
2008-06-06,48.6900,49.2500,48.1500,48.3200,6929900
2008-06-05,46.4600,47.9900,46.2000,47.9000,5823000
2008-06-04,46.9000,47.7300,46.6700,46.8600,5978500
2008-06-03,47.2400,48.0700,46.9100,47.0000,4643300
2008-06-02,47.1800,48.3100,46.9800,47.7700,4644700
2008-05-30,47.2000,47.6200,46.7600,47.5300,3953000
2008-05-29,47.2500,47.4900,46.6400,46.8000,5508000
2008-05-28,47.0000,48.3100,46.8100,48.2200,4726000
2008-05-27,48.3800,48.3800,47.2000,47.6700,5566900
2008-05-23,49.0800,49.8500,48.6800,48.7400,4328700
2008-05-22,49.5400,50.0800,48.4900,48.9900,5718100
2008-05-21,49.7600,50.8900,49.5300,49.6000,8212600
2008-05-20,49.0300,50.0500,49.0300,49.8800,7948200
2008-05-19,49.2400,49.6900,48.7200,49.0600,5832900
2008-05-16,47.5100,49.0300,47.3100,48.8800,11267800
2008-05-15,45.9400,47.0000,45.7800,46.7300,6559800
2008-05-14,45.2300,45.7700,44.8300,45.1000,4986100
2008-05-13,44.3200,45.3500,44.1900,45.0400,5343500
2008-05-12,45.5200,45.7500,44.7000,45.2600,4592400
2008-05-09,46.7000,46.7200,45.1200,45.7300,4730400
2008-05-08,45.6600,46.7500,45.6600,46.5200,5416100
2008-05-07,45.4300,45.7000,44.9600,45.2200,5026400
2008-05-06,45.3400,46.3200,45.1600,45.9700,7879300
2008-05-05,45.4100,45.4400,44.8900,45.3500,6457400
2008-05-02,43.4900,45.0000,43.0100,44.5100,7299000
2008-05-01,43.2300,43.6200,42.3600,43.2300,9326100
2008-04-30,43.2100,44.4950,42.7500,44.2100,8067200
2008-04-29,42.9500,43.4400,42.6400,42.9300,7352300
2008-04-28,45.1400,45.1400,43.9700,43.9900,4654600
2008-04-25,43.7000,45.0800,43.6400,44.7300,9855500
2008-04-24,44.2100,44.3300,42.9000,43.0000,9897400
2008-04-23,44.0900,44.3600,43.3000,43.8500,7884300
2008-04-22,45.1000,45.6400,44.5000,44.6500,6509900
2008-04-21,46.8500,46.8500,44.6000,45.0800,6886000
2008-04-18,46.6300,46.9800,45.7300,46.2700,7575600
2008-04-17,47.6800,48.0600,47.1200,47.5200,3912600
2008-04-16,46.4900,47.9900,46.2500,47.9100,6969100
2008-04-15,45.4600,45.6100,45.0800,45.4500,5717100
2008-04-14,46.0200,46.1200,44.9700,45.1200,4950000
2008-04-11,46.7000,47.0200,45.8700,45.9600,3260000
2008-04-10,46.6800,47.1000,46.0100,46.9900,4786700
2008-04-09,46.6201,47.3300,46.4900,46.7700,4089900
2008-04-08,46.1300,46.9400,45.6200,46.5600,4115000
2008-04-07,47.2600,47.8400,46.4100,46.5400,4330100
2008-04-04,46.2600,47.0900,46.2600,46.8200,4858200
2008-04-03,45.9000,46.8200,45.5800,46.2800,5620700
2008-04-02,45.0100,46.4200,45.0100,46.2800,8753600
2008-04-01,44.3900,44.9200,43.6400,44.8000,9342300
2008-03-31,46.7100,47.1700,44.7400,45.3000,7320300
2008-03-28,45.8500,46.7300,45.5000,46.5500,4479700
2008-03-27,47.2500,47.5000,46.3800,46.6100,5390400
2008-03-26,47.1900,47.6200,46.6100,47.4400,8454200
2008-03-25,46.6000,47.2700,46.3700,46.8200,7268100
2008-03-24,46.5000,47.1500,45.3000,45.4600,7367900
2008-03-20,47.2400,48.7200,45.7500,45.9700,16927400
2008-03-19,50.4900,50.8000,48.6000,48.7200,13109500
2008-03-18,53.4000,53.8500,50.5000,50.8900,11650500
2008-03-17,53.1300,55.1500,52.4200,53.3800,12909600
2008-03-14,53.6400,54.3000,52.5900,53.6300,8780900
2008-03-13,52.1800,53.8700,52.0600,53.7800,10011600
2008-03-12,52.1100,52.4800,50.8000,51.3800,7353600
2008-03-11,49.7900,52.2200,49.4900,52.1200,8473400
2008-03-10,48.3900,50.2000,48.3900,49.3800,8654100
2008-03-07,50.5100,50.9100,48.9500,49.5700,7929500
2008-03-06,50.9800,51.7100,50.2500,50.9200,6593400
2008-03-05,50.7700,51.9500,50.1800,51.3300,7261300
2008-03-04,51.9500,52.3800,49.4600,50.2000,9131700
2008-03-03,51.8900,53.0000,51.4100,52.3800,7452100
2008-02-29,52.3600,52.6900,50.9700,51.1700,6565600
2008-02-28,51.5000,53.0600,51.4900,52.8400,8133400
2008-02-27,51.1500,51.8600,50.7481,51.3900,7645400
2008-02-26,49.3400,50.6800,49.0800,50.4500,5768300
2008-02-25,50.1000,50.3900,48.7600,49.6800,6686400
2008-02-22,50.1800,50.9000,48.4200,50.0500,9692800
2008-02-21,51.3100,52.0000,50.1900,50.6400,9998300
2008-02-20,50.0100,51.1500,49.6600,51.1500,7457400
2008-02-19,49.2000,50.9900,48.8700,50.4800,7601700
2008-02-15,48.8100,49.2800,47.6000,47.8900,6269400
2008-02-14,49.2800,49.6500,48.4100,48.5700,6680000
2008-02-13,48.9300,49.8000,48.0500,49.2900,6249200
2008-02-12,50.6700,50.9700,48.0800,48.4900,10864800
2008-02-11,51.3800,51.5900,49.9200,50.9200,5813000
2008-02-08,49.9600,51.7700,49.4900,51.2900,8604500
2008-02-07,49.9500,50.7000,49.3800,50.2200,9144600
2008-02-06,50.6900,51.1300,49.7500,49.8700,9892100
2008-02-05,49.9200,50.8800,49.2100,49.4800,9311900
2008-02-04,52.5500,52.7000,50.8900,50.9100,11236600
2008-02-01,54.6100,55.5600,52.1200,53.2300,10265100
2008-01-31,54.6500,55.7900,53.4800,54.2500,8907900
2008-01-30,54.3300,56.8900,53.9100,55.6300,8349000
2008-01-29,54.9300,55.6000,54.0600,54.5900,7227800
2008-01-28,53.7400,55.2700,52.7900,55.2200,10840600
2008-01-25,54.3000,55.2500,52.9400,53.2600,10477700
2008-01-24,52.3800,53.2000,51.0500,52.9700,14637000
2008-01-23,51.6500,53.1900,48.5900,50.5000,21049500
2008-01-22,50.6900,53.9900,50.1100,53.1000,16072500
2008-01-18,53.9000,54.1900,51.7000,52.8800,11619600
2008-01-17,54.1800,54.9900,52.6000,52.8900,11727400
2008-01-16,55.6900,56.5000,53.1300,53.9200,15728300
2008-01-15,55.9000,57.5500,55.6500,56.1200,17988000
2008-01-14,55.4900,57.3700,55.0100,56.2200,13881200
2008-01-11,53.6500,55.7400,53.5400,54.7200,10441200
2008-01-10,52.2200,54.5899,51.9100,53.9200,10733500
2008-01-09,52.5200,53.0300,51.7300,52.9200,8824700
2008-01-08,53.0500,54.9800,52.5900,52.7800,11777400
2008-01-07,52.6400,53.2700,50.9300,51.5200,9584500
2008-01-04,53.2500,53.6800,52.0800,52.4200,7886000
2008-01-03,52.7800,55.0300,52.4600,53.8100,14370800
2008-01-02,49.7400,52.9900,49.5300,52.3900,12021100
2007-12-31,48.9300,49.8500,48.3900,48.8300,3462900
2007-12-28,48.8000,49.2200,48.2400,48.9900,4228700
2007-12-27,49.2400,49.2400,47.8400,47.9500,4341100
2007-12-26,48.9900,49.4200,48.5000,49.0100,4157600
2007-12-24,48.6300,49.1000,48.2852,48.4500,1650200
2007-12-21,48.4300,49.0000,48.0400,48.7000,7856000
2007-12-20,47.3200,48.0600,46.6400,47.3900,3616800
2007-12-19,47.7900,48.1300,47.1200,47.2800,4157200
2007-12-18,47.1200,47.9700,46.2500,47.6900,6198500
2007-12-17,47.2400,47.9500,46.2800,46.6000,7956600
2007-12-14,48.3500,48.8700,47.6600,47.8100,4638000
2007-12-13,48.8100,49.3700,48.0100,48.8200,6542700
2007-12-12,50.1200,50.5800,48.5200,49.2900,6185000
2007-12-11,50.5000,51.0700,49.0200,49.0900,6916100
2007-12-10,50.5000,51.3400,50.4900,50.8300,4608500
2007-12-07,50.2000,50.9800,49.7200,50.0300,5820500
2007-12-06,49.3500,50.8200,49.0700,50.5200,4690100
2007-12-05,49.7200,50.2000,49.1400,49.4200,6356100
2007-12-04,50.4800,51.0300,49.5700,49.6500,6531700
2007-12-03,49.8900,50.5100,49.5000,50.0000,6661700
2007-11-30,52.0600,52.0600,49.2600,49.6900,9769000
2007-11-29,51.7800,52.3400,50.9400,51.3900,6916200
2007-11-28,50.8400,52.1700,50.1000,52.0100,7470600
2007-11-27,49.8200,50.8500,49.2600,50.5800,7435700
2007-11-26,52.2000,52.5500,50.3200,50.4400,6407500
2007-11-23,51.3500,52.2600,50.9100,52.0900,3430100
2007-11-21,50.4400,50.9200,49.6700,50.5600,7631800
2007-11-20,49.5400,51.2500,49.4800,51.0500,10178700
2007-11-19,49.5100,49.9300,48.2500,48.5700,8387500
2007-11-16,49.2500,50.2500,49.2500,49.6900,13031600
2007-11-15,50.1800,50.4200,48.4200,48.8000,12433600
2007-11-14,52.4700,52.8000,51.1500,51.2000,7223500
2007-11-13,50.1800,51.1000,49.6100,50.9200,9211300
2007-11-12,52.5300,52.5300,49.5100,49.8600,15254100
2007-11-09,53.7100,54.9500,53.0700,54.0400,8684800
2007-11-08,54.9000,56.3500,53.2000,54.0600,14106200
2007-11-07,55.6500,56.1700,54.1100,54.2100,15622100
2007-11-06,53.5000,54.5400,53.2000,54.5000,12412700
2007-11-05,51.2200,52.7900,50.8100,52.3400,12457900
2007-11-02,49.7700,51.7000,49.4700,51.6100,12374400
2007-11-01,50.0200,50.3600,49.2100,49.5100,13048900
2007-10-31,47.4000,51.0000,47.1400,50.9000,22510700
2007-10-30,47.2000,47.2700,46.0200,46.4400,7083100
2007-10-29,47.7800,48.2500,47.0500,47.6700,5924100
2007-10-26,46.9500,47.8100,46.5900,47.5700,8209000
2007-10-25,46.4400,46.6400,45.8400,46.1700,5823800
2007-10-24,45.6400,46.3500,45.2400,46.1600,6072900
2007-10-23,45.2300,45.8700,44.8000,45.7800,5674000
2007-10-22,44.9500,45.5800,44.4600,44.9700,8277300
2007-10-19,46.1400,46.3500,45.4100,45.6600,12462100
2007-10-18,45.7400,46.6400,45.6000,46.1400,6460300
2007-10-17,47.5200,47.6500,44.8500,45.3300,15649700
2007-10-16,47.2000,47.6000,46.9000,47.2000,5602200
2007-10-15,48.0500,48.2500,47.2200,47.6300,8241300
2007-10-12,47.0600,47.7300,46.8100,47.5700,5722900
2007-10-11,46.6000,47.7500,46.4000,47.0300,11351600
2007-10-10,46.3200,46.9300,46.0500,46.2200,6694400
2007-10-09,44.8000,46.0200,44.8000,46.0200,5501800
2007-10-08,45.1000,45.3000,44.3000,44.8300,4833000
2007-10-05,44.9500,46.1900,44.6000,45.5600,6873500
2007-10-04,44.4500,45.2400,44.2500,45.0500,5762600
2007-10-03,45.2300,45.4900,44.5400,44.7500,4369000
2007-10-02,45.4500,45.4800,44.6000,45.1400,9176400
2007-10-01,44.9500,46.2800,44.9300,46.0200,8553700
2007-09-28,45.0200,45.7300,44.5500,44.7300,9417300
2007-09-27,45.0700,45.1200,43.7848,44.5300,11418600
2007-09-26,47.8600,48.2500,44.0000,44.9000,23678900
2007-09-25,47.6500,47.9600,47.2500,47.6900,7288300
2007-09-24,47.5200,48.4200,47.2600,48.2600,10278800
2007-09-21,47.7500,47.9900,47.0000,47.5600,11183300
2007-09-20,47.3900,48.0300,47.3500,47.6900,11854400
2007-09-19,46.0900,47.1700,45.8900,46.6900,12133700
2007-09-18,45.4400,46.2000,44.6000,45.9900,11183500
2007-09-17,45.8500,46.0900,45.0500,45.2100,8764700
2007-09-14,45.4000,45.8700,44.7100,45.3500,6809300
2007-09-13,45.0000,45.4600,44.3600,45.1700,7443800
2007-09-12,45.1600,45.6300,44.5500,45.2500,7228200
2007-09-11,44.0000,45.4500,43.9200,45.1600,10305900
2007-09-10,44.5200,44.5800,43.3600,43.8300,8081600
2007-09-07,44.5100,44.7900,43.5300,44.2100,11838000
2007-09-06,42.7500,44.5800,42.7500,44.1000,15567000
2007-09-05,42.4100,42.6700,41.9300,42.2900,5725100
2007-09-04,42.2800,43.0500,42.0400,42.6700,7221300
2007-08-31,42.1800,42.6300,42.0000,42.2600,6519800
2007-08-30,41.0500,41.9800,41.0500,41.5200,4452000
2007-08-29,41.2800,41.8500,40.8900,41.6800,5852100
2007-08-28,40.3000,42.6900,40.0600,41.0700,18178800
2007-08-27,41.0000,41.2350,40.3000,40.4500,4649900
2007-08-24,40.6800,41.4500,40.4000,41.1600,5543800
2007-08-23,41.0500,41.1500,39.9200,40.5300,8039700
2007-08-22,40.6500,41.0100,40.3800,40.7600,8470700
2007-08-21,39.5500,40.4900,39.5000,40.3400,6824600
2007-08-20,40.0000,40.4700,39.1700,39.8800,8472900
2007-08-17,40.7300,40.8100,39.4000,39.8900,9937600
2007-08-16,39.5500,39.8000,38.0100,39.4400,21461500
2007-08-15,40.2500,40.6500,39.8000,40.1100,13610300
2007-08-14,41.0000,41.5100,40.2900,40.5000,9457300
2007-08-13,41.9100,42.1500,41.0200,41.1300,10417400
2007-08-10,41.4600,42.3000,41.2000,41.9100,14316800
2007-08-09,41.5100,42.3000,41.1900,41.4200,9195000
2007-08-08,41.3500,42.7400,41.2900,42.3400,8630700
2007-08-07,40.2500,41.2200,40.1600,40.9300,7332000
2007-08-06,40.9000,41.0000,39.7800,40.6600,8781500
2007-08-03,41.8000,41.9000,40.8300,40.9000,9572800
2007-08-02,41.0400,41.9500,40.8000,41.7300,7403800
2007-08-01,41.6800,41.9900,40.7630,41.5900,9427100
2007-07-31,41.8900,42.3900,41.7200,41.7500,8191600
2007-07-30,41.3000,42.0700,40.9300,41.7000,7067500
2007-07-27,41.5600,41.8600,40.7100,40.8300,9633700
2007-07-26,42.5000,42.7100,40.9200,41.5200,14849600
2007-07-25,43.0000,43.3600,42.1700,43.2500,11536500
2007-07-24,43.5300,44.0500,43.1100,43.3800,11884700
2007-07-23,43.3200,43.4800,42.9300,43.2700,6891300
2007-07-20,43.5000,43.5300,42.6700,43.0000,12811200
2007-07-19,42.7400,43.3400,42.4200,43.3200,12270500
2007-07-18,40.9800,42.7100,40.9700,42.4700,16396100
2007-07-17,41.1900,41.3800,40.7900,41.0100,5462300
2007-07-16,41.5500,41.5900,40.8300,41.1100,8366700
2007-07-13,41.2400,41.7500,41.0800,41.4100,11088500
2007-07-12,40.8000,41.3300,40.1800,41.1100,23190900
2007-07-11,40.5400,40.9300,40.1400,40.1800,14224000
2007-07-10,42.0200,42.0500,41.1400,41.1900,7998300
2007-07-09,42.1200,42.5400,41.7600,42.0000,9135500
2007-07-06,40.3000,42.0500,40.2500,41.7800,17836000
2007-07-05,39.5400,39.8000,39.3500,39.5800,4568700
2007-07-03,39.9000,39.9900,39.4700,39.5300,2958800
2007-07-02,39.3400,39.9400,39.2700,39.8900,5689800
2007-06-29,38.8000,39.2900,38.6200,39.0600,4699700
2007-06-28,38.7600,39.3200,38.6200,38.6700,5499100
2007-06-27,38.2000,38.7100,38.0800,38.7100,6359800
2007-06-26,38.8500,39.0200,38.3500,38.5300,8360300
2007-06-25,39.3000,39.4700,38.8500,39.1300,5620900
2007-06-22,40.0100,40.0100,39.2000,39.3800,4506100
2007-06-21,39.8000,40.0100,39.0700,39.9500,5598600
2007-06-20,40.6900,40.7900,39.7700,39.9300,6164400
2007-06-19,39.7500,40.9600,39.7100,40.7800,5895600
2007-06-18,40.5000,40.5800,39.9900,40.0100,4031800
2007-06-15,40.0300,40.4300,40.0200,40.4300,7331700
2007-06-14,39.5800,40.2700,39.5700,39.8500,5371100
2007-06-13,39.1100,39.7800,39.1100,39.7200,4800100
2007-06-12,39.2300,39.7500,39.0500,39.0800,5869900
2007-06-11,39.6500,40.0000,39.3400,39.6600,5427300
2007-06-08,39.8400,40.2200,39.1700,39.9000,6365000
2007-06-07,40.3800,41.1000,39.8000,39.8400,7673700
2007-06-06,41.1500,41.2800,40.6000,41.0400,5933900
2007-06-05,41.4400,41.8000,41.0600,41.4300,7468400
2007-06-04,41.5800,41.7400,41.1100,41.5100,5349400
2007-06-01,40.9000,41.6500,40.8500,41.6100,9284300
2007-05-31,39.5600,41.0000,39.5500,40.6800,13094300
2007-05-30,38.9900,39.6569,38.8300,39.4000,7093700
2007-05-29,39.5400,39.6000,39.0400,39.1700,6681100
2007-05-25,39.6600,39.7000,38.8300,39.2000,6415100
2007-05-24,39.3900,39.8000,39.2800,39.4500,13804300
2007-05-23,38.9900,39.8200,38.9700,39.3800,9196200
2007-05-22,39.6500,39.7400,38.6430,38.7700,7386800
2007-05-21,39.0800,39.9200,38.8100,39.4500,11550900
2007-05-18,39.3000,39.3700,38.9401,39.1900,8239200
2007-05-17,39.5400,39.5400,38.8500,39.0700,12233300
2007-05-16,40.1500,40.2300,39.2500,39.6400,13270400
2007-05-15,40.5200,40.7300,40.1000,40.2100,7360300
2007-05-14,41.1800,41.3000,40.2400,40.5000,6114000
2007-05-11,40.9700,41.2800,40.8000,41.0900,3826300
2007-05-10,41.4400,41.5100,40.5000,40.6800,5404700
2007-05-09,41.5300,42.0200,41.1500,41.6000,5237800
2007-05-08,41.7400,41.8500,41.4500,41.7800,4953300
2007-05-07,42.1200,42.3500,41.8500,41.9700,5210800
2007-05-04,42.2300,42.3300,41.5500,41.9500,9322400
2007-05-03,41.9400,42.3300,41.4900,41.9000,10540500
2007-05-02,41.2900,41.8000,40.9200,41.7700,18027600
2007-05-01,41.2500,41.7000,40.9000,41.3200,7512500
2007-04-30,42.4600,42.4800,41.6400,41.7000,5182300
2007-04-27,42.8300,43.0600,42.1400,42.5500,7239300
2007-04-26,43.2600,43.5000,42.4000,43.1800,12109900
2007-04-25,44.0000,44.4300,43.7500,44.2300,4352600
2007-04-24,44.0800,44.2200,43.4600,43.7200,4125400
2007-04-23,43.9500,44.1800,43.6700,43.9000,3919000
2007-04-20,44.3700,44.7300,44.1600,44.2800,6495100
2007-04-19,44.0000,44.0000,43.0100,43.6600,7770300
2007-04-18,44.8000,45.2100,44.2000,44.2900,6391700
2007-04-17,45.0000,45.2500,44.7100,44.9100,6802300
2007-04-16,44.7400,45.1100,44.5600,45.0000,8198900
2007-04-13,43.8500,44.7700,43.5200,44.6100,8012100
2007-04-12,43.1100,43.3900,42.9400,43.3400,3704800
2007-04-11,44.0000,44.1700,43.0000,43.3100,5459900
2007-04-10,44.0000,44.1800,43.5800,43.7000,4204600
2007-04-09,43.5600,43.9000,43.4000,43.5700,4616700
2007-04-05,43.4600,43.9000,43.4600,43.6300,5014000
2007-04-04,43.3300,43.8000,43.0200,43.4500,6961300
2007-04-03,42.3300,43.0800,42.1000,42.8900,5809500
2007-04-02,41.9200,42.5800,41.5100,42.3300,5961400
2007-03-30,42.6500,42.8300,41.9200,41.9900,6543000
2007-03-29,42.4500,42.9400,42.1900,42.4900,6612600
2007-03-28,43.1000,43.1100,42.5500,42.7700,6655700
2007-03-27,43.3400,43.3600,42.5100,42.7500,7467600
2007-03-26,43.8000,43.9000,42.9200,43.7300,7180300
2007-03-23,43.2500,43.8600,43.1500,43.5400,6179800
2007-03-22,44.2000,44.2800,43.3200,43.5100,7462600
2007-03-21,43.6800,44.2400,43.0200,44.1400,8822000
2007-03-20,43.7500,43.9400,43.3900,43.4000,5853000
2007-03-19,42.9300,43.4600,42.7600,43.2400,6397100
2007-03-16,43.2500,43.5800,42.5100,42.9300,14116300
2007-03-15,41.5100,42.5000,41.5000,42.1400,8625600
2007-03-14,41.3300,41.8300,40.5300,41.4400,10786900
2007-03-13,42.5400,42.9400,41.3200,41.4200,8386300
2007-03-12,42.2800,42.9300,41.9000,42.8500,6367800
2007-03-09,43.0000,43.1400,42.1500,42.2900,6597900
2007-03-08,43.3000,43.3700,42.5300,42.7600,6807000
2007-03-07,42.8800,43.5300,42.6900,42.7300,5832400
2007-03-06,43.4500,43.5200,42.8000,43.2600,6040700
2007-03-05,42.2800,43.2300,42.1000,42.4800,9019100
2007-03-02,44.0100,44.4400,42.8000,43.1200,10651100
2007-03-01,44.1600,45.0900,44.0000,44.5300,11712700
2007-02-28,44.3200,45.4000,44.2300,45.1000,10377800
2007-02-27,45.9600,46.2000,43.7900,44.3000,12343900
2007-02-26,47.0200,47.2600,46.4100,47.0600,7436100
2007-02-23,47.7700,48.1200,46.5800,46.8500,8708100
2007-02-22,47.9000,48.3300,47.4400,47.7100,9992300
2007-02-21,45.9400,47.4700,45.5000,46.9800,7585600
2007-02-20,45.8700,46.0400,45.5100,45.9000,4906500
2007-02-16,46.4200,46.4200,46.0100,46.2600,4380600
2007-02-15,46.4200,46.5625,46.0500,46.5100,4202300
2007-02-14,46.1500,46.5600,45.7800,46.3000,7386600
2007-02-13,45.5600,46.0500,45.5300,45.9100,4272400
2007-02-12,45.7800,46.0500,45.0900,45.3400,4729000
2007-02-09,46.0000,46.6300,45.7500,45.8100,6924800
2007-02-08,45.8000,45.9600,44.7200,45.8100,7455700
2007-02-07,44.8300,45.3100,44.6400,44.9600,4209300
2007-02-06,45.1500,45.1800,44.6000,44.8800,3976100
2007-02-05,45.0900,45.1800,44.5500,44.7100,3574500
2007-02-02,45.1500,45.1500,44.4700,44.8900,5006500
2007-02-01,45.8500,45.8900,45.0800,45.1500,7261800
2007-01-31,44.5000,45.5000,44.4500,45.1000,5645200
2007-01-30,44.0500,44.9000,44.0500,44.7500,6007200
2007-01-29,44.2500,44.7500,43.8200,43.8800,5774600
2007-01-26,44.2100,44.5000,43.8600,44.2600,3569600
2007-01-25,44.8400,45.0300,43.9000,44.2200,7155100
2007-01-24,43.9000,44.7700,43.6100,44.6100,6135200
2007-01-23,43.7500,44.2500,43.6500,44.0400,7409500
2007-01-22,43.3400,43.8200,42.6900,43.0600,6585200
2007-01-19,42.4200,43.3000,42.3500,43.2400,6598700
2007-01-18,43.2100,43.3400,42.1600,42.4200,6488400
2007-01-17,42.7200,43.3500,42.5400,42.7800,5324300
2007-01-16,43.2100,43.2100,42.1600,42.5700,4929100
2007-01-12,42.6000,43.4000,42.5400,43.2100,5000800
2007-01-11,42.3900,43.1600,42.3100,42.5200,5681800
2007-01-10,42.9700,42.9800,41.9100,42.3700,7960200
2007-01-09,42.8500,43.2700,42.4000,42.9700,6947000
2007-01-08,43.4000,43.4500,42.4600,42.8400,7591200
2007-01-05,43.3100,43.6900,42.8500,43.6500,7844800
2007-01-04,43.9700,44.4200,43.5400,44.0000,6392300
2007-01-03,45.3700,45.6700,43.7300,44.2000,7628200
2006-12-29,45.4700,45.5000,44.9200,45.1500,2753800
2006-12-28,45.7600,45.9000,45.3200,45.4700,4012300
2006-12-27,45.4800,45.6900,45.2700,45.4500,3174100
2006-12-26,45.4800,45.9600,45.0200,45.1700,2660400
2006-12-22,45.2500,45.4400,44.7600,45.0200,3834500
2006-12-21,45.9100,46.1600,45.0500,45.1700,5235500
2006-12-20,47.2300,47.2500,45.7300,45.8800,6498900
2006-12-19,46.6000,47.2600,46.5000,47.2300,5075400
2006-12-18,47.0500,47.4800,46.5300,46.5700,6853500
2006-12-15,47.5700,47.7700,46.9400,47.4900,11003000
2006-12-14,47.1600,47.6900,47.0200,47.5700,6054800
2006-12-13,47.0200,47.5400,46.5900,47.4700,6199500
2006-12-12,46.9400,47.3300,46.5400,47.3200,5792800
2006-12-11,46.9200,47.6470,46.8000,47.3100,4799000
2006-12-08,47.4200,47.8000,46.7800,46.9100,5983000
2006-12-07,46.8900,47.5500,46.4300,47.2500,5671300
2006-12-06,46.5000,47.5600,46.4400,46.4600,6435700
2006-12-05,47.3400,47.6000,46.7600,47.1600,6828100
2006-12-04,46.9900,47.4600,46.4400,47.1900,5305300
2006-12-01,46.9200,47.3400,46.5200,46.8400,6355200
2006-11-30,46.3400,47.2500,46.2500,46.9100,8489700
2006-11-29,45.7500,45.9500,45.2000,45.7300,5738800
2006-11-28,45.9900,46.0300,45.3500,45.8600,5829400
2006-11-27,46.0000,46.2200,45.3008,45.6400,5733600
2006-11-24,45.7100,46.4600,45.5000,45.5500,6678100
2006-11-22,45.2800,45.5800,44.6300,44.8800,5189900
2006-11-21,45.0000,45.3500,44.5000,45.1100,6152900
2006-11-20,44.6300,45.0300,43.8800,44.0300,6507800
2006-11-17,44.1100,44.8400,43.8000,44.2000,9055600
2006-11-16,45.6000,45.8500,44.2400,44.2400,6719900
2006-11-15,44.6600,45.9300,44.4100,45.5700,8409600
2006-11-14,45.9900,46.0500,44.7500,44.8300,6547500
2006-11-13,45.3500,45.5900,44.9100,45.5200,6894100
2006-11-10,46.7000,46.7100,45.3720,45.7700,6163500
2006-11-09,45.5000,46.8600,45.2300,46.8500,10458600
2006-11-08,45.2500,45.7200,44.6600,45.1000,6615300
2006-11-07,46.1300,46.2400,45.3600,45.6900,6736500
2006-11-06,46.1500,46.5500,45.5600,45.8400,6042000
2006-11-03,45.7500,46.8000,45.7500,46.1500,7656600
2006-11-02,46.1700,46.5500,45.5100,45.9100,7335500
2006-11-01,46.2500,46.8900,45.5000,45.7800,9937200
2006-10-31,44.4600,45.4900,44.3900,45.2700,8371400
2006-10-30,44.7000,45.5000,44.3700,44.5000,6905500
2006-10-27,44.9900,45.3900,44.3200,44.3200,5513900
2006-10-26,44.9000,45.2000,44.1500,44.6500,6207000
2006-10-25,43.7600,45.0100,43.3400,44.6300,8345200
2006-10-24,42.9000,44.2600,42.6000,43.6300,6617400
2006-10-23,42.4700,43.3500,42.3600,43.2500,8483700
2006-10-20,43.6200,43.6500,42.4300,42.4600,5907100
2006-10-19,42.6100,43.4600,42.5200,43.3300,5881000
2006-10-18,43.5500,43.5500,42.0900,42.2100,5461900
2006-10-17,43.5800,43.5800,42.4800,43.2400,5195500
2006-10-16,43.7300,43.7500,42.6735,43.5700,6418500
2006-10-13,42.4100,43.4500,42.4000,43.2300,7982400
2006-10-12,41.1100,42.0000,41.1000,41.8300,5763300
2006-10-11,41.8900,42.0000,40.9600,41.0900,6585100
2006-10-10,41.2500,42.2500,40.8400,41.8100,6275800
2006-10-09,41.9900,42.1600,41.0800,41.2600,4958500
2006-10-06,41.8000,42.1400,41.0300,41.5300,6244500
2006-10-05,41.5000,42.1000,41.1500,41.8300,8823500
2006-10-04,40.8900,41.2100,39.8400,40.8300,17522400
2006-10-03,42.4500,42.7000,40.8900,40.8900,9423200
2006-10-02,42.8000,43.6900,42.7600,43.2100,6532400
2006-09-29,43.0000,43.2400,42.3200,42.7500,7779400
2006-09-28,43.5000,43.5700,42.9700,43.3300,10245900
2006-09-27,43.8400,44.1500,41.7500,43.1400,19414600
2006-09-26,43.2500,44.0300,43.0800,44.0100,7539500
2006-09-25,43.5300,43.5400,42.2000,43.0800,10158300
2006-09-22,44.3210,44.7000,43.5200,43.7800,5496100
2006-09-21,43.7000,44.4000,43.3100,43.8300,5571200
2006-09-20,43.9500,44.1900,43.1200,43.1900,7587700
2006-09-19,44.6000,44.6000,43.1700,43.3800,7582500
2006-09-18,44.5500,45.1000,44.2000,44.8200,8085200
2006-09-15,44.1300,44.7870,43.5800,44.1500,11491100
2006-09-14,45.7400,46.0400,43.8000,44.1400,10700700
2006-09-13,45.7000,46.2500,45.4600,45.7400,6904800
2006-09-12,45.7800,46.3200,44.8000,45.2300,8618300
2006-09-11,47.2700,47.3800,45.5500,45.5700,13374400
2006-09-08,48.7500,49.0000,47.7400,48.1900,8496800
2006-09-07,50.1000,50.1800,49.0900,49.1800,7421200
2006-09-06,51.9400,52.0800,50.6100,50.9100,5353500
2006-09-05,51.7100,52.6500,51.7100,51.9400,5463000
2006-09-01,51.0000,51.4900,50.3900,51.1100,4344200
2006-08-31,51.8800,51.9800,50.9200,51.2500,5690000
2006-08-30,51.5900,51.7000,50.9300,51.5300,3709700
2006-08-29,51.1700,51.3000,50.3500,50.9700,6216600
2006-08-28,52.5200,52.5500,51.2900,51.3900,5060800
2006-08-25,51.9600,52.9600,51.8300,52.5100,3397300
2006-08-24,53.0000,53.3900,51.6000,51.7100,4870200
2006-08-23,53.0000,53.5500,52.7500,52.9100,4629400
2006-08-22,52.4400,52.8000,51.9500,52.7400,4341100
2006-08-21,51.3500,52.9600,51.0000,52.5500,6759400
2006-08-18,50.7600,50.9900,49.7600,50.7100,5671400
2006-08-17,51.0900,51.5100,50.3700,50.7200,6999200
2006-08-16,51.3800,51.7700,50.9000,51.0400,4901600
2006-08-15,51.1000,51.5000,50.3600,50.6900,5477200
2006-08-14,51.6300,51.8000,50.6500,50.8500,6365800
2006-08-11,52.8600,53.4500,51.5500,51.7500,4960000
2006-08-10,52.8600,53.4000,52.2600,52.8700,5275400
2006-08-09,52.6000,53.8300,52.1000,53.4200,6920200
2006-08-08,52.6000,53.1300,51.6500,51.9200,4811900
2006-08-07,52.2700,53.0900,52.2700,52.6000,3425000
2006-08-04,53.4000,53.5600,52.2000,52.2700,3791700
2006-08-03,52.1200,52.6900,51.8800,52.3900,3923900
2006-08-02,52.7800,53.3500,51.7900,52.7900,6246700
2006-08-01,51.2500,52.4200,50.5300,52.3000,4877300
2006-07-31,51.5200,51.5900,50.6600,51.2300,4522900
2006-07-28,50.6200,51.5400,50.1500,51.5200,5992000
2006-07-27,52.7500,53.1700,50.4600,50.5300,8293500
2006-07-26,51.6000,53.1200,51.1600,53.0300,5828500
2006-07-25,51.6000,52.5700,50.6200,52.2800,4733500
2006-07-24,50.5700,51.2300,49.5300,51.0200,6438600
2006-07-21,52.6000,52.7400,50.5600,50.7000,8057000
2006-07-20,53.2000,54.1100,51.8100,52.0000,5458300
2006-07-19,52.5700,54.1700,52.5000,53.8200,5805500
2006-07-18,53.0300,53.7200,51.7000,52.4200,6507100
2006-07-17,53.7400,54.4000,52.5200,52.7600,5947400
2006-07-14,54.5400,55.3000,54.3100,54.9600,5036100
2006-07-13,55.0500,55.6600,53.8900,54.1100,6378700
2006-07-12,56.0000,56.5000,55.0200,55.2900,6979400
2006-07-11,54.7500,56.1300,54.5800,55.5000,6526100
2006-07-10,53.9900,54.8400,53.6600,54.4400,3820200
2006-07-07,55.0000,55.3500,54.2800,54.4300,5051100
2006-07-06,55.1000,55.4800,54.5000,55.0800,5339700
2006-07-05,55.8500,55.8500,54.3700,55.0900,7364900
2006-07-03,54.7000,55.5200,54.4700,55.5200,5564300
2006-06-30,53.2900,53.6700,52.7500,52.9300,6665600
2006-06-29,49.6500,52.5000,49.6100,52.1900,9188600
2006-06-28,49.6200,49.8700,48.6000,49.2300,4507400
2006-06-27,50.7500,51.1500,49.1800,49.3100,5771200
2006-06-26,50.0000,50.4500,49.8000,50.3400,3523700
2006-06-23,49.1900,50.2000,49.0200,49.8800,4615700
2006-06-22,50.4900,50.5200,49.5000,49.5100,5881700
2006-06-21,49.4200,50.9400,49.4200,50.5200,6687600
2006-06-20,49.5300,50.2000,49.0600,49.5000,5769800
2006-06-19,49.6000,50.2400,48.8000,49.1600,7333100
2006-06-16,50.2600,50.4500,49.7100,50.0600,6848400
2006-06-15,49.9500,50.7600,49.5600,50.5100,7958400
2006-06-14,47.9600,49.7500,47.8100,48.5900,10482000
2006-06-13,48.2500,48.7700,47.3400,47.7200,12440000
2006-06-12,49.5600,50.2400,47.3500,48.5200,6239700
2006-06-09,50.3000,50.8100,49.1000,49.5200,7028800
2006-06-08,49.5900,49.9900,47.9300,49.7700,11007800
2006-06-07,50.6200,51.9200,50.3100,50.3400,9238700
2006-06-06,51.8100,52.1700,51.0300,51.3800,8364200
2006-06-05,54.6000,54.8000,52.4200,52.4800,7744400
2006-06-02,52.4900,53.5400,51.9900,53.3000,7543300
2006-06-01,51.1100,52.0200,50.1400,51.6700,9208900
2006-05-31,52.2800,52.8900,51.5600,52.1500,6744500
2006-05-30,52.9000,53.3749,51.3500,51.4000,6651700
2006-05-26,52.2500,52.6700,51.6900,52.3000,6138900
2006-05-25,50.6500,52.0800,49.8300,52.0800,7669000
2006-05-24,50.6000,50.8300,48.3900,49.5300,11492200
2006-05-23,51.4900,52.9400,50.9500,51.1700,10229200
2006-05-22,50.3000,51.3400,48.8500,50.8400,11437000
2006-05-19,50.9600,51.2500,49.3400,51.0700,11155400
2006-05-18,52.1300,52.7300,50.8000,50.9700,7216700
2006-05-17,53.8000,54.5000,51.7200,52.0100,11296300
2006-05-16,54.5000,55.0900,52.7100,53.4800,8982000
2006-05-15,53.5800,55.1300,53.5000,54.3100,11108700
2006-05-12,58.1900,58.7500,55.8700,56.3100,10332200
2006-05-11,59.1900,59.7000,58.0000,58.1300,11629200
2006-05-10,58.0000,58.7600,57.4800,58.3000,9248200
2006-05-09,56.6900,58.2200,56.4400,57.9300,7766500
2006-05-08,55.6600,56.2400,54.7800,55.7300,4949400
2006-05-05,56.6500,56.9481,55.5500,56.4300,6911600
2006-05-04,56.3300,56.9500,55.6200,56.6400,7208100
2006-05-03,58.0300,58.2500,55.0000,56.0800,11945800
2006-05-02,58.5000,58.8200,55.8200,57.6800,9690000
2006-05-01,59.0900,59.3300,57.8600,57.9500,6004600
2006-04-28,57.2500,58.9300,57.2500,58.3600,8334600
2006-04-27,57.1600,58.4900,56.5600,56.7200,8702700
2006-04-26,57.1500,58.3700,57.0500,58.1100,5766500
2006-04-25,57.4500,58.2000,56.6600,56.9000,5541400
2006-04-24,57.5500,57.5500,56.3100,56.6700,5969400
2006-04-21,56.2400,57.7200,55.7600,57.5500,9271900
2006-04-20,58.1400,58.1600,55.2100,55.4200,12278600
2006-04-19,57.2500,58.7200,56.3255,58.4300,9218500
2006-04-18,56.0000,57.3500,55.8000,56.9100,9141400
2006-04-17,54.4700,56.0800,54.1500,56.0700,10204000
2006-04-13,52.8700,53.3500,51.8900,52.8700,5589100
2006-04-12,51.8000,53.2300,51.8000,52.9500,6207000
2006-04-11,53.0100,53.8000,51.3900,51.4600,7528600
2006-04-10,54.3400,54.3500,52.7600,52.9000,7201900
2006-04-07,53.4800,53.7000,52.3800,52.7400,7673300
2006-04-06,53.9700,54.4800,53.0800,54.0500,8289300
2006-04-05,52.5000,53.5400,51.7400,53.2300,6805800
2006-04-04,51.0900,51.8400,50.6400,51.7500,5324100
2006-04-03,52.1100,52.9200,51.0200,51.1300,6761100
2006-03-31,52.7500,52.9500,51.6100,51.8900,6899800
2006-03-30,52.7200,54.2500,52.7200,52.9300,10131100
2006-03-29,50.3000,51.4900,50.0600,51.4900,5357900
2006-03-28,51.1000,51.2500,49.8700,50.0300,7249300
2006-03-27,50.0000,51.4900,49.8900,50.5200,9328100
2006-03-24,49.5000,50.8200,49.2600,49.4600,8166000
2006-03-23,48.1100,49.3000,47.7100,49.2400,5687300
2006-03-22,48.3400,49.0000,48.0000,48.1000,4220400
2006-03-21,48.6000,49.1500,47.7500,48.1700,7587700
2006-03-20,49.7300,50.1000,49.1200,49.2200,4887300
2006-03-17,50.0000,50.2900,49.5200,49.8600,6455600
2006-03-16,50.3900,50.6500,49.6600,50.0000,5945600
2006-03-15,50.3900,50.3900,49.5600,50.1000,7032800
2006-03-14,48.9000,50.0300,48.6000,49.6800,7168900
2006-03-13,49.0300,49.1500,47.7200,48.7800,6653800
2006-03-10,47.1200,48.6700,46.6000,48.6100,10798100
2006-03-09,50.0700,50.5000,47.6700,47.7900,9143500
2006-03-08,48.9000,49.8200,48.1300,49.5700,12366400
2006-03-07,49.5000,51.1500,49.2000,49.8200,9966500
2006-03-06,52.9300,53.0200,50.2000,50.8300,11350900
2006-03-03,54.0000,54.2500,53.0600,53.1700,4858100
2006-03-02,52.9700,54.8700,52.6300,54.1500,9390000
2006-03-01,53.2800,53.8500,52.6200,52.9700,6922200
2006-02-28,54.3000,54.7800,52.3500,52.9200,12501900
2006-02-27,57.4300,57.4400,54.4200,54.7800,9042700
2006-02-24,57.2200,58.1400,56.8900,58.1000,4833000
2006-02-23,57.6000,57.7500,56.5500,56.5600,6142900
2006-02-22,56.7500,57.6900,56.1000,57.4800,4857500
2006-02-21,56.4700,57.5600,56.3900,56.8300,5697200
2006-02-17,56.7500,57.3600,55.8500,56.2100,6334800
2006-02-16,54.4200,56.4600,54.4100,56.2000,6830900
2006-02-15,54.9200,56.3600,54.1400,54.8200,7621000
2006-02-14,54.4500,55.5900,53.8800,55.1600,6887000
2006-02-13,54.5000,55.2600,53.2100,54.0900,7434400
2006-02-10,55.7500,56.1800,54.4400,54.8000,7644200
2006-02-09,57.1900,57.6200,56.2800,56.5300,8028000
2006-02-08,56.4200,56.9000,55.2000,55.7000,8648100
2006-02-07,59.2100,59.4000,56.1500,56.2700,10835400
2006-02-06,59.7800,60.9800,59.7700,60.4800,4705300
2006-02-03,60.7800,61.5900,59.1900,59.6200,6093500
2006-02-02,62.4300,62.5500,60.5600,61.2100,6547400
2006-02-01,61.7100,62.2600,60.4500,61.9500,6186500
2006-01-31,61.2300,62.7200,61.1000,61.8000,10325400
2006-01-30,59.5500,61.0800,59.3600,60.9100,6836100
2006-01-27,58.7400,59.7000,58.1800,59.2000,6782300
2006-01-26,57.6400,58.8200,57.1100,58.7400,6939200
2006-01-25,58.3100,58.5400,57.3100,58.1000,6951100
2006-01-24,56.4600,57.1800,55.7800,56.9700,6682400
2006-01-23,56.9500,57.2100,55.5500,57.2100,7710900
2006-01-20,58.5700,58.7900,56.3900,56.5900,9515400
2006-01-19,58.2000,58.4900,56.8800,58.0500,10667500
2006-01-18,58.4600,58.8000,57.2400,58.2200,8118000
2006-01-17,59.4000,60.3400,58.8500,59.0900,8460600
2006-01-13,58.4700,59.8700,58.0500,59.8700,6446400
2006-01-12,58.2100,58.9800,57.8500,57.9600,5404100
2006-01-11,58.4800,59.2200,58.0400,58.4900,6083900
2006-01-10,57.9700,58.7600,57.4100,58.2500,7289600
2006-01-09,57.6600,58.9500,56.6600,58.5100,8603900
2006-01-06,57.5000,58.4000,57.3600,57.7000,7004000
2006-01-05,57.2500,57.2600,56.1000,56.6600,8449700
2006-01-04,56.8000,58.1100,56.6700,58.0400,10219300
2006-01-03,54.1000,57.1700,54.1000,57.1400,11426500
2005-12-30,53.4000,53.9300,53.2200,53.4000,4372800
2005-12-29,53.0200,53.7500,52.7000,53.6900,4685100
2005-12-28,52.4000,53.4600,52.3700,53.4000,6667300
2005-12-27,52.8000,53.0000,51.5400,51.5900,4921300
2005-12-23,51.7000,52.5400,51.7000,51.9400,4743700
2005-12-22,51.2500,52.0900,50.8800,51.9600,10307100
2005-12-21,49.1000,50.4500,48.8900,50.4500,5901000
2005-12-20,50.6500,50.7300,48.8800,49.2000,7364900
2005-12-19,51.0100,51.4500,49.9800,50.1500,5806400
2005-12-16,50.2900,50.8800,50.2100,50.5000,7580200
2005-12-15,49.8400,50.4600,49.7200,49.9900,5693800
2005-12-14,49.9000,50.3300,49.2701,49.5100,9357600
2005-12-13,50.0000,50.8800,49.5100,50.5800,8162700
2005-12-12,50.8900,52.4900,50.1000,50.4000,20448600
2005-12-09,50.7400,51.2700,49.4800,49.6600,12210000
2005-12-08,49.5800,50.4700,49.5200,50.2800,7537000
2005-12-07,49.5000,50.5500,49.2600,49.5900,12939900
2005-12-06,46.7000,48.8100,46.3000,48.7500,9419500
2005-12-05,46.7800,47.1400,46.2200,46.8400,5390200
2005-12-02,47.1900,47.3600,46.2200,46.4800,6582400
2005-12-01,46.8500,47.7500,46.7000,47.2700,7540700
2005-11-30,47.0000,47.0000,46.0900,46.1200,5623700
2005-11-29,47.6700,47.7900,47.1600,47.3200,5045500
2005-11-28,47.4800,48.0000,47.0700,47.6800,7677800
2005-11-25,47.0900,47.2000,46.8500,47.0600,2543600
2005-11-23,46.3800,46.8100,46.0900,46.3500,4590300
2005-11-22,47.3200,47.7400,46.5300,47.2200,7141200
2005-11-21,46.9000,47.4400,46.4500,47.2000,6821900
2005-11-18,47.1000,47.1300,45.8400,46.3300,5027600
2005-11-17,46.8500,47.1200,46.3300,46.8600,7956900
2005-11-16,44.0800,46.1000,44.0800,46.0500,11175900
2005-11-15,43.9000,44.1800,42.9700,43.0400,3600000
2005-11-14,44.1400,44.3200,43.6200,43.6700,4011000
2005-11-11,43.7000,44.3500,43.1500,44.3100,3593100
2005-11-10,44.4900,44.6000,43.2400,43.5200,4452300
2005-11-09,43.1000,44.1800,42.7100,44.1300,4930100
2005-11-08,43.1900,43.4800,42.6700,42.7000,3418300
2005-11-07,42.8500,43.3300,42.4900,43.0100,3941900
2005-11-04,43.0000,43.0600,42.0800,42.5800,4343300
2005-11-03,43.1700,43.3400,42.3500,42.5100,4676100
2005-11-02,42.8000,43.4900,42.8000,43.1700,4590900
2005-11-01,42.7300,43.1200,42.3100,42.5300,5556800
2005-10-31,44.1400,44.1400,42.5800,42.6000,7682700
2005-10-28,43.7000,44.2700,43.0600,44.1300,4606800
2005-10-27,44.8500,45.2000,43.7100,43.9500,4193900
2005-10-26,45.4600,46.3900,43.9200,44.0900,6002900
2005-10-25,45.6200,46.9300,45.5100,45.6600,6250800
2005-10-24,43.5100,45.2100,43.5000,44.9900,5607400
2005-10-21,43.4000,44.4000,43.1000,43.8600,7524500
2005-10-20,43.5700,44.6500,42.7500,43.2800,7121700
2005-10-19,44.1000,44.1400,43.0000,44.1100,6257500
2005-10-18,45.3900,45.9300,44.6500,44.8400,4408400
2005-10-17,45.9800,46.3800,45.8000,45.8200,4199400
2005-10-14,44.8500,45.3600,44.0200,44.9800,6163900
2005-10-13,45.2500,45.6200,44.3500,45.5500,7546500
2005-10-12,47.1600,47.5000,45.6900,46.0300,5775800
2005-10-11,47.2000,47.6400,46.7300,47.0700,4858700
2005-10-10,47.6400,47.9000,46.8800,47.3000,3796600
2005-10-07,46.7100,47.6300,46.3800,47.5200,6735900
2005-10-06,45.4200,47.0200,45.3500,46.9100,7526400
2005-10-05,46.2000,46.2100,44.9900,45.0400,6269800
2005-10-04,47.0000,47.2500,46.1000,46.2000,4847700
2005-10-03,46.5200,47.1000,46.0200,47.0100,4685000
2005-09-30,48.0500,48.2000,47.0200,47.1700,5515800
2005-09-29,47.5500,48.0800,47.1800,48.0500,8028600
2005-09-28,46.5800,47.7000,46.0000,47.5400,6606400
2005-09-27,46.2000,46.5100,45.4000,46.3300,5682600
2005-09-26,45.6400,47.2300,44.8500,46.6800,8227900
2005-09-23,45.9000,45.9100,45.1400,45.6300,5711800
2005-09-22,46.3000,46.3000,45.0500,46.2000,8128600
2005-09-21,45.3700,46.3200,45.2500,46.2300,6282700
2005-09-20,46.0300,46.5800,44.7200,44.8100,6560100
2005-09-19,47.0000,47.2500,45.7000,46.1100,12709900
2005-09-16,45.7000,46.2100,45.2000,46.2100,13085100
2005-09-15,44.5000,45.1900,44.2100,44.9900,11704100
2005-09-14,42.1800,44.0500,42.1800,43.9400,10622100
2005-09-13,42.3200,42.3200,41.6600,41.7400,4617500
2005-09-12,42.1900,42.4200,41.9300,42.3200,5148300
2005-09-09,41.5000,42.5700,41.3660,42.4400,7748400
2005-09-08,40.8300,41.6500,40.8300,41.0000,5166300
2005-09-07,40.4300,40.6800,40.3250,40.4700,2455500
2005-09-06,41.0000,41.0000,40.2100,40.4100,3065500
2005-09-02,41.1500,41.1500,40.5200,40.7100,3621600
2005-09-01,40.2500,40.9800,40.2000,40.9300,5806200
2005-08-31,38.9100,39.5800,38.7000,39.5800,3294500
2005-08-30,38.7200,39.3200,38.4000,38.8700,4496300
2005-08-29,39.2800,39.6700,39.2200,39.2900,2679300
2005-08-26,39.4000,39.5500,39.1800,39.1800,2186100
2005-08-25,39.3000,39.7400,39.1900,39.2300,2762700
2005-08-24,40.2500,40.4600,38.9600,39.0500,5306800
2005-08-23,40.1600,40.6900,39.9800,40.0000,3045100
2005-08-22,40.5500,41.0500,39.9700,40.1700,3771500
2005-08-19,40.1800,40.4500,40.0100,40.3200,2968700
2005-08-18,40.2300,40.6400,39.9100,40.1300,3290800
2005-08-17,40.7500,40.7500,39.9200,39.9300,5927200
2005-08-16,41.0600,41.6900,40.8000,40.8500,4258300
2005-08-15,41.1900,41.1900,40.6600,41.0600,3839300
2005-08-12,41.4500,41.6400,40.9100,41.4700,5918800
2005-08-11,40.3000,41.4700,40.2800,41.3500,7560500
2005-08-10,39.7500,40.0500,39.5500,39.8500,4132600
2005-08-09,38.9400,39.5300,38.6800,39.2500,3567700
2005-08-08,39.1600,39.8950,38.8700,38.9600,3461000
2005-08-05,39.7500,39.8500,38.8800,39.1900,3638900
2005-08-04,40.3000,40.6000,39.5000,39.5800,5986000
2005-08-03,38.6500,40.2700,38.6500,40.1700,8079000
2005-08-02,37.6500,38.6800,37.6500,38.1400,4015500
2005-08-01,37.9100,38.0600,37.4300,37.5900,3421000
2005-07-29,38.0500,38.4300,37.5200,37.5500,4419700
2005-07-28,38.0800,38.2000,37.8600,37.9500,3644600
2005-07-27,37.8100,38.1300,37.6500,37.8700,4080200
2005-07-26,37.8400,37.8500,37.2300,37.4000,3454000
2005-07-25,38.5400,38.5700,37.8100,37.9400,3597200
2005-07-22,38.3900,38.7700,38.1900,38.4300,2743700
2005-07-21,37.8600,38.7300,37.8600,38.3400,5653100
2005-07-20,37.5300,38.1400,37.3400,37.4200,5433800
2005-07-19,36.8900,37.4200,36.5500,37.1900,2784800
2005-07-18,36.8600,37.2800,36.7700,36.8800,3418000
2005-07-15,37.3000,37.3700,36.8600,36.8600,5659700
2005-07-14,38.1900,38.3500,37.3100,37.3700,4926800
2005-07-13,38.3500,38.4100,37.9900,38.0400,3575700
2005-07-12,38.9800,39.0800,38.3700,38.4600,3784000
2005-07-11,38.2500,38.9200,38.0500,38.6600,3934900
2005-07-08,38.2000,38.6800,37.9800,38.0500,3551300
2005-07-07,38.5100,38.7500,37.8300,38.1100,4462900
2005-07-06,38.2000,38.8100,38.1800,38.2500,3678500
2005-07-05,38.5000,38.5800,37.9600,38.0200,4758600
2005-07-01,38.9500,39.2500,37.9900,38.9300,4032400
2005-06-30,39.7200,39.8600,38.9000,39.0300,3663200
2005-06-29,38.5900,39.8600,38.5800,39.7300,3977300
2005-06-28,38.8300,38.8900,38.3700,38.6200,3694500
2005-06-27,39.7000,39.7100,39.0700,39.0800,3346400
2005-06-24,39.6500,40.3000,39.1500,39.7100,4886700
2005-06-23,39.4900,40.3400,39.4400,39.5100,4077300
2005-06-22,39.5300,39.5900,39.1500,39.4900,2445000
2005-06-21,39.1500,39.8000,38.7700,39.5200,4110100
2005-06-20,39.9300,40.2100,39.2700,39.3400,3867200
2005-06-17,40.0000,40.3300,39.7300,39.9900,5953500
2005-06-16,38.9300,39.8500,38.9300,39.7200,6148900
2005-06-15,38.2400,38.6500,38.1000,38.3900,3802600
2005-06-14,38.5400,38.5400,37.6800,38.0800,4360400
2005-06-13,38.3000,38.8000,38.0200,38.5300,7598600
2005-06-10,36.9400,38.2400,36.6700,38.0700,6204100
2005-06-09,36.7500,37.3400,36.3800,36.8700,4448600
2005-06-08,36.9900,37.3900,36.6200,36.7500,3892500
2005-06-07,37.6200,37.6200,36.8800,36.8800,4465900
2005-06-06,38.5500,38.6000,37.5800,37.6100,4513800
2005-06-03,38.0400,38.5000,37.8500,38.0500,5032700
2005-06-02,38.0900,38.8500,37.5900,37.6500,6947800
2005-06-01,37.3000,37.9800,37.0400,37.7600,5473700
2005-05-31,36.7500,37.4900,36.6000,37.2400,6043700
2005-05-27,36.6800,37.7000,36.6100,37.5900,4320700
2005-05-26,36.6900,36.8400,36.4900,36.5000,2549200
2005-05-25,36.9800,37.0200,36.3200,36.6900,3946600
2005-05-24,36.2400,36.9100,36.2000,36.7700,4992500
2005-05-23,35.4200,36.7200,35.2900,35.9100,5026200
2005-05-20,35.7800,35.7900,35.2900,35.4300,4039100
2005-05-19,36.1000,36.1800,35.5300,35.9900,4363800
2005-05-18,35.6000,36.4700,35.6000,36.1000,4694100
2005-05-17,35.2400,35.6500,35.2200,35.5100,6364200
2005-05-16,35.2700,35.7600,34.9000,35.1000,7032700
2005-05-13,36.0000,36.4100,35.0500,35.3100,7122000
2005-05-12,36.8600,37.0100,35.9600,36.0900,5519400
2005-05-11,37.4000,37.7100,36.9000,37.1800,4376900
2005-05-10,38.3200,38.5000,37.4100,37.5300,3375300
2005-05-09,38.1200,38.3400,37.8800,38.2900,2179400
2005-05-06,38.1000,38.2500,37.6600,38.1200,3434800
2005-05-05,38.8600,38.8700,38.2700,38.4700,3193100
2005-05-04,38.5400,38.8900,38.2900,38.8600,4641900
2005-05-03,37.5800,38.1900,37.4500,38.1200,4707500
2005-05-02,37.8500,37.8900,37.3600,37.7200,3638600
2005-04-29,37.0500,38.2300,37.0500,37.9700,8445800
2005-04-28,37.3500,37.4000,36.2700,36.8300,9457100
2005-04-27,38.6000,39.0000,37.1000,37.7000,14014800
2005-04-26,41.6200,41.6300,40.2300,40.2500,4155400
2005-04-25,40.7000,40.9300,40.1900,40.9200,3192000
2005-04-22,41.0200,41.3000,40.3400,40.7300,4261000
2005-04-21,41.2400,41.4600,40.6000,40.8500,4205600
2005-04-20,41.7000,42.1100,41.0000,41.2200,4601700
2005-04-19,40.9900,42.0000,40.8200,41.8500,4566600
2005-04-18,39.8000,40.9900,39.8000,40.8500,4665300
2005-04-15,40.5000,40.7600,39.6000,39.7700,4821500
2005-04-14,40.9000,41.0200,39.8000,40.2100,6742000
2005-04-13,41.8400,42.0800,41.2500,41.4400,3389200
2005-04-12,41.8000,41.9400,41.0800,41.8100,4234500
2005-04-11,42.2900,42.3600,41.7400,41.8500,2661300
2005-04-08,42.0900,42.4500,41.7600,41.9800,2448500
2005-04-07,42.2300,42.5500,41.9800,42.2200,2113200
2005-04-06,42.0400,42.4200,41.7500,42.1600,2486400
2005-04-05,41.9100,42.3390,41.6600,41.7700,2395000
2005-04-04,42.2600,42.2600,41.5300,41.8200,3530500
2005-04-01,42.0000,42.6000,41.6100,42.4500,4348000
2005-03-31,42.7000,42.9900,42.2400,42.2500,4632800
2005-03-30,41.6300,42.5300,41.6100,42.4100,4390800
2005-03-29,41.4500,42.1100,41.4100,41.4800,5190900
2005-03-28,41.7000,42.3000,41.6800,41.7000,4968300
2005-03-24,42.0000,42.3900,41.6800,41.7900,3502900
2005-03-23,43.1000,43.1000,41.8600,41.8600,6460200
2005-03-22,43.6400,44.1300,42.7000,42.7100,5009000
2005-03-21,43.7200,43.8600,43.4100,43.5200,3920600
2005-03-18,44.5000,44.8000,44.2700,44.7600,4037100
2005-03-17,44.4200,44.8900,44.0700,44.6400,3805800
2005-03-16,45.4300,45.7800,44.7300,44.9400,4115600
2005-03-15,45.5000,45.6100,45.0100,45.1200,2816000
2005-03-14,45.3400,45.3500,44.5600,45.2900,4045200
2005-03-11,45.7700,46.6000,45.4800,45.6800,3524600
2005-03-10,46.3000,46.4600,45.3300,45.7400,4827100
2005-03-09,45.9000,46.6400,45.9000,46.2400,6011900
2005-03-08,44.9300,46.3100,44.9100,45.8600,6237800
2005-03-07,44.7500,44.9800,44.3900,44.4900,2944200
2005-03-04,44.0000,44.8700,43.9500,44.6300,4388200
2005-03-03,44.0000,44.0000,43.4000,43.4800,3593300
2005-03-02,43.9000,44.1800,43.3900,44.1000,5171200
2005-03-01,44.4900,44.5800,43.8800,44.0500,4381900
2005-02-28,45.0000,45.2500,44.7600,45.0000,4455400
2005-02-25,44.8000,45.2400,44.5300,44.8200,3572300
2005-02-24,44.9900,45.0000,44.1400,44.7000,4331100
2005-02-23,44.0000,44.8300,43.6400,44.7300,5968000
2005-02-22,43.4000,44.5000,42.8500,44.5000,8813700
2005-02-18,42.6700,42.7800,42.4200,42.4700,3025300
2005-02-17,42.3000,42.8000,42.3000,42.6300,4568000
2005-02-16,42.2000,42.7900,41.8700,42.5400,5082200
2005-02-15,42.2000,42.6000,41.9500,42.3400,4148400
2005-02-14,42.6000,42.7000,42.1800,42.2000,4589800
2005-02-11,41.8800,42.2300,41.5200,42.1300,6090100
2005-02-10,40.8900,41.5200,40.6900,41.3900,7466300
2005-02-09,40.2700,40.6400,40.0700,40.5000,6628900
2005-02-08,40.1800,40.6800,40.1400,40.4000,6656800
2005-02-07,41.6000,41.7400,40.2700,40.5400,7101300
2005-02-04,40.8900,41.3900,40.5500,41.3800,4653700
2005-02-03,40.9900,41.1300,40.6000,40.8800,4975800
2005-02-02,41.4800,41.7800,41.0800,41.5600,3170600
2005-02-01,41.4700,41.7300,41.1800,41.4400,3768500
2005-01-31,42.0000,42.0000,41.3700,41.5900,4176500
2005-01-28,42.2600,42.4000,41.6800,42.0000,3263600
2005-01-27,41.7900,42.4200,41.7100,42.1000,3468500
2005-01-26,42.0000,42.3100,41.9400,42.0400,2829500
2005-01-25,42.2100,42.2100,41.6100,41.6200,4056700
2005-01-24,42.6800,42.9300,42.1400,42.2000,4074900
2005-01-21,41.9000,42.8300,41.9000,42.5000,5635200
2005-01-20,42.0800,42.4000,41.7600,41.7600,3809400
2005-01-19,42.8100,42.9400,41.8500,42.3200,4150100
2005-01-18,41.8000,42.5100,41.6000,42.4600,4213900
2005-01-14,41.9000,42.2200,41.7800,41.8700,3095200
2005-01-13,42.7700,42.7700,42.1600,42.2900,4032900
2005-01-12,43.0000,43.1500,42.5500,42.7700,5967800
2005-01-11,41.9400,42.5500,41.8500,42.4400,5719700
2005-01-10,41.8300,42.1200,41.3700,41.6600,5224900
2005-01-07,41.9600,42.4400,41.3800,41.5000,5804200
2005-01-06,41.6500,42.2900,41.2600,41.6000,4993800
2005-01-05,42.0000,42.4600,41.6100,41.6700,5133400
2005-01-04,42.4000,42.6900,41.4400,41.5700,10778000
2005-01-03,43.8000,43.8000,42.2200,42.3600,9100300
2004-12-31,44.5500,44.8000,44.3500,44.4100,2324500
2004-12-30,44.4300,44.9000,44.3600,44.5400,3360800
2004-12-29,44.0000,44.4500,43.7700,44.4300,3528800
2004-12-28,45.0100,45.1800,44.3200,44.6900,2589000
2004-12-27,45.1000,45.3800,44.8900,45.0400,2796100
2004-12-23,44.9000,45.3100,44.8100,44.9700,2157900
2004-12-22,45.4800,45.4800,44.3900,44.7300,4332200
2004-12-21,45.5500,45.8700,45.2000,45.4500,4994500
2004-12-20,45.1500,45.4400,44.8000,44.9100,3080200
2004-12-17,44.6000,45.1700,44.6000,44.6500,5383800
2004-12-16,45.5000,45.6900,44.4400,44.8200,7070800
2004-12-15,46.0800,46.4000,45.7200,45.7500,4789000
2004-12-14,45.4500,45.7100,44.8600,45.6700,6104300
2004-12-13,44.7800,45.5500,44.7700,45.5500,4699500
2004-12-10,44.5100,45.2800,44.4400,44.5800,4045600
2004-12-09,44.4200,45.1100,44.1800,44.9500,4918400
2004-12-08,43.0000,44.8500,43.0000,44.7600,10418800
2004-12-07,45.8700,46.1800,45.3000,45.3100,5103400
2004-12-06,45.9600,46.3400,45.5000,45.9500,4811000
2004-12-03,45.5000,47.2500,45.1300,46.3800,7537600
2004-12-02,47.0000,47.4400,45.3000,45.8700,8203100
2004-12-01,47.5800,47.9900,47.1700,47.1700,5666900
2004-11-30,48.5500,48.8100,47.3000,47.3500,8798200
2004-11-29,48.8900,49.6800,48.7500,49.2100,5493300
2004-11-26,47.8800,49.2800,47.7000,48.9900,3215900
2004-11-24,48.5500,48.7500,47.7800,47.8700,5482800
2004-11-23,49.3900,49.3900,48.3200,48.3500,5369400
2004-11-22,49.0200,49.4900,48.8700,49.3900,4409000
2004-11-19,48.9800,49.4900,48.7200,49.1700,6537200
2004-11-18,49.2500,49.5600,48.3200,48.6300,6307500
2004-11-17,49.9500,49.9800,49.5400,49.5500,5418700
2004-11-16,48.9300,49.7100,48.9300,49.2000,5995400
2004-11-15,49.6500,49.7500,48.7100,48.8800,4390100
2004-11-12,48.8500,49.6600,48.2900,49.6500,5767000
2004-11-11,48.4500,48.7900,48.1500,48.5900,3700300
2004-11-10,48.9800,49.0000,47.8800,48.3500,6693100
2004-11-09,48.5600,49.5900,48.5600,49.0200,5581400
2004-11-08,49.0000,49.3600,48.5000,48.9800,5065800
2004-11-05,47.4000,49.1000,47.3600,49.0500,5984100
2004-11-04,48.4500,48.5400,47.5300,47.9400,5990700
2004-11-03,46.7000,47.0800,46.4000,47.0000,4356000
2004-11-02,46.4900,46.4900,45.0600,45.8100,6938200
2004-11-01,47.5200,47.8000,46.6000,46.8200,4959600
2004-10-29,47.0000,47.7100,46.4300,47.5200,4268400
2004-10-28,46.6100,47.5700,46.2000,46.5400,4631500
2004-10-27,47.9000,48.0800,46.5100,46.8000,6008000
2004-10-26,47.5600,47.7900,47.0300,47.7900,5534300
2004-10-25,46.6800,47.7500,46.6500,47.6600,6802300
2004-10-22,46.6000,46.7400,45.7500,46.1200,3907000
2004-10-21,46.0000,46.7400,45.8500,46.4100,4876500
2004-10-20,45.7400,46.4800,45.7400,46.2000,6131300
2004-10-19,45.1000,45.3900,44.7900,44.7900,3663600
2004-10-18,45.3000,45.3200,44.2000,44.7500,5181600
2004-10-15,44.8000,45.2700,44.5800,44.7800,5279300
2004-10-14,44.2700,44.4200,43.7400,44.1300,4082500
2004-10-13,43.9000,44.1700,43.1100,43.9700,8480500
2004-10-12,44.9900,45.0400,44.3800,44.5000,4753700
2004-10-11,46.2000,46.2600,45.4500,45.8400,3332000
2004-10-08,46.5000,46.9400,46.2500,46.2500,5589000
2004-10-07,46.1000,46.2600,45.5300,45.6000,3826800
2004-10-06,45.4000,46.2600,45.4000,46.1000,4360000
2004-10-05,44.9800,46.0000,44.7500,45.7900,4892300
2004-10-04,44.1200,44.9500,43.8300,44.6400,5426700
2004-10-01,45.5300,45.5300,44.8400,45.0400,3803400
2004-09-30,44.8500,46.1100,44.8100,45.5300,6014300
2004-09-29,44.3600,44.8000,44.0700,44.2800,5393700
2004-09-28,43.7500,44.3400,43.3900,44.2900,6622000
2004-09-27,42.5600,43.1000,42.3400,42.6000,4017500
2004-09-24,42.2500,42.7300,42.0100,42.3400,3719800
2004-09-23,42.7500,43.0500,42.2500,42.3500,4794900
2004-09-22,42.3500,42.8900,42.2200,42.2200,5652200
2004-09-21,42.5500,42.9800,42.2500,42.8900,5202500
2004-09-20,41.6300,42.2000,41.5800,41.7200,4051700
2004-09-17,42.6000,42.7400,41.3500,41.5500,7938500
2004-09-16,43.1000,43.3000,42.7500,42.7800,3686100
2004-09-15,43.9200,43.9500,43.2900,43.2900,3340100
2004-09-14,43.7300,44.2400,43.3500,44.1400,3964700
2004-09-13,43.2000,43.7200,42.9300,43.4000,3308200
2004-09-10,43.6300,43.8500,43.1000,43.3000,3230000
2004-09-09,42.7800,43.2600,42.7800,43.1000,2699200
2004-09-08,42.8200,43.4800,42.5000,43.0500,4605000
2004-09-07,43.0000,43.5000,42.6000,43.4200,3891600
2004-09-03,44.0000,44.0000,43.3500,43.6600,2836200
2004-09-02,44.7500,44.7500,44.2200,44.4900,2710600
2004-09-01,44.3200,44.8400,44.0200,44.7900,3053500
2004-08-31,43.9900,44.4500,43.7900,44.3900,3210600
2004-08-30,44.1800,44.7700,43.6900,43.7100,4188700
2004-08-27,43.9000,44.0700,43.4100,43.9600,2733300
2004-08-26,44.1500,44.2000,43.5000,43.8700,2047200
2004-08-25,43.3600,44.0900,43.3000,44.0400,3589300
2004-08-24,43.3500,43.7600,42.7500,42.8500,5896200
2004-08-23,43.8800,43.9900,43.4600,43.7700,3939800
2004-08-20,44.3000,44.7400,44.1000,44.3800,6839400
2004-08-19,42.9000,44.2500,42.6900,44.0300,7751500
2004-08-18,41.7000,42.3900,41.5500,42.2700,3409300
2004-08-17,41.0000,42.2600,41.0000,41.8800,3143300
2004-08-16,41.1600,41.9900,41.1600,41.9900,3961600
2004-08-13,40.3500,40.9800,40.3500,40.9200,3585500
2004-08-12,40.3200,40.6500,39.8000,40.1900,3419300
2004-08-11,40.7000,40.7100,39.8500,40.2800,3678800
2004-08-10,40.7200,41.5700,40.6000,40.8200,4402500
2004-08-09,40.5000,40.9500,40.1500,40.7100,3798600
2004-08-06,40.0000,40.8300,39.6600,40.6400,6389500
2004-08-05,39.3800,39.7400,38.5600,38.6000,3507500
2004-08-04,40.0000,40.0100,39.2300,39.3300,3880800
2004-08-03,40.0500,41.1500,39.8500,40.3700,3532600
2004-08-02,40.6600,40.9400,40.1500,40.4200,2515100
2004-07-30,40.0500,40.7500,40.0100,40.4700,4457000
2004-07-29,39.1900,39.9000,38.8000,39.5500,4354100
2004-07-28,38.5100,39.9400,38.3200,39.4000,5162200
2004-07-27,38.6600,39.1400,37.6500,38.9500,5275300
2004-07-26,39.2900,39.3000,38.1500,38.3800,4222800
2004-07-23,39.5500,40.0400,39.0000,39.0000,5108800
2004-07-22,40.1200,40.7000,39.9000,40.4800,4358700
2004-07-21,41.2500,41.3900,40.1200,40.2000,4696300
2004-07-20,40.8000,41.5000,40.6000,41.4000,4269000
2004-07-19,42.0500,42.2000,41.0700,41.4400,3663800
2004-07-16,42.4800,42.7000,41.8900,42.2600,3886100
2004-07-15,41.5800,42.1500,41.3300,41.9000,3015700
2004-07-14,41.6300,42.2400,41.5000,41.7900,4795300
2004-07-13,40.9000,41.3900,40.5500,41.3000,3625500
2004-07-12,42.2400,42.2500,41.2600,41.4900,5114800
2004-07-09,41.6000,42.3500,41.3500,42.2300,4650900
2004-07-08,41.4800,42.1500,41.1100,42.0400,7906900
2004-07-07,40.0500,41.2900,39.7400,41.1200,9198200
2004-07-06,39.7800,39.9200,38.7700,39.3900,6286900
2004-07-02,38.7000,39.2500,38.6100,39.1600,3504200
2004-07-01,38.7000,38.9500,38.0000,38.1100,3822500
2004-06-30,38.4600,39.0000,38.2000,38.7600,3533500
2004-06-29,38.7000,38.7000,37.9400,38.0800,4367900
2004-06-28,40.4000,40.6600,38.7600,38.8100,5097500
2004-06-25,39.7000,39.9900,39.5400,39.8000,2403100
2004-06-24,40.1900,40.1900,39.5000,39.7000,5960300
2004-06-23,39.3700,39.3700,38.5200,38.8400,3138200
2004-06-22,39.1300,39.2800,38.8300,39.0700,3446300
2004-06-21,39.4200,39.4500,38.6200,39.0000,3196200
2004-06-18,39.2000,39.7700,39.0600,39.1200,6056300
2004-06-17,38.5000,39.0000,37.9100,38.5500,4563200
2004-06-16,37.3200,38.1200,37.1100,37.9900,4036800
2004-06-15,37.1500,38.0000,37.0300,37.9700,4283200
2004-06-14,37.7100,37.7900,36.4400,36.7800,4367500
2004-06-10,37.6500,38.4800,37.5200,37.9400,3744600
2004-06-09,38.7500,38.7600,37.5000,37.5100,6637200
2004-06-08,39.8200,39.9200,38.9500,39.4900,2922300
2004-06-07,39.5600,40.1000,39.5600,39.9700,2513100
2004-06-04,38.4800,39.7200,38.2800,39.4100,4063300
2004-06-03,38.9500,39.0300,38.2100,38.4800,4298600
2004-06-02,39.2200,39.2200,38.3532,38.8200,4078700
2004-06-01,40.1000,40.3500,38.9500,39.0600,4816700
2004-05-28,40.3000,40.3000,39.5800,39.7100,4126100
2004-05-27,40.4300,40.5000,39.9700,40.1700,4889100
2004-05-26,40.0000,40.2000,39.4800,39.7800,6361500
2004-05-25,39.3000,39.9300,39.2032,39.8000,5044600
2004-05-24,38.5800,38.8700,38.1200,38.7600,3682500
2004-05-21,38.4000,38.8200,38.3000,38.4000,4870600
2004-05-20,37.8400,38.1300,37.2800,37.6300,3571500
2004-05-19,38.2200,38.8800,37.6900,37.8400,6833100
2004-05-18,36.8500,37.5400,36.5900,37.5400,3862700
2004-05-17,37.8000,38.1400,36.7200,37.0000,6935500
2004-05-14,36.3600,37.0000,36.3400,36.9500,4618200
2004-05-13,36.4000,36.8500,35.8300,36.1900,3883700
2004-05-12,37.4000,37.8500,36.1500,36.4800,6861100
2004-05-11,36.0200,36.7400,35.5700,36.7000,4999600
2004-05-10,34.7000,36.9500,34.7000,36.3300,9504500
2004-05-07,37.1500,37.6200,35.3400,35.4100,10150300
2004-05-06,38.2900,38.4500,37.6500,37.8600,5569100
2004-05-05,39.1100,39.2500,38.5300,38.6100,4111000
2004-05-04,38.4000,39.1100,38.2500,39.0400,6517800
2004-05-03,37.4100,37.7400,36.8800,37.3800,5337700
2004-04-30,37.8000,38.3000,37.2700,37.4000,5204100
2004-04-29,37.7500,38.4900,37.0500,37.4500,7602800
2004-04-28,38.6000,38.9000,37.4000,37.4700,12498000
2004-04-27,40.7000,40.8300,40.0200,40.1900,4593200
2004-04-26,40.8000,41.3800,40.5000,40.5500,3694900
2004-04-23,41.0000,41.0400,40.1400,40.4000,4012300
2004-04-22,40.0400,41.1900,40.0000,40.6800,5651300
2004-04-21,39.2100,40.6300,38.8200,39.8800,11072700
2004-04-20,41.9000,42.0100,39.5900,39.9300,9177400
2004-04-19,43.1800,43.2900,42.2000,42.4300,4344100
2004-04-16,43.2800,43.4800,42.9500,43.0600,4214900
2004-04-15,42.4000,43.5600,42.3800,43.0500,4687100
2004-04-14,42.1000,43.3900,41.9900,42.6400,7283800
2004-04-13,44.0500,44.4000,42.5600,42.8600,7618400
2004-04-12,45.3100,45.5300,44.4900,45.2600,2935100
2004-04-08,44.6600,45.3500,44.6600,45.0600,2844200
2004-04-07,45.2000,45.8500,45.1300,45.3600,3387700
2004-04-06,45.0000,45.5400,45.0000,45.3000,3617100
2004-04-05,45.6000,45.7500,44.5000,44.8500,5770300
2004-04-02,46.0100,46.2800,45.1500,45.8800,6200300
2004-04-01,46.9300,47.3200,46.5700,46.7500,4860200
2004-03-31,46.9000,47.2200,46.4000,46.6300,5684700
2004-03-30,46.0200,47.0700,45.8600,46.7100,5160500
2004-03-29,45.8200,46.3800,45.2000,46.0500,4719100
2004-03-26,45.9700,46.5300,45.7500,46.1500,7192300
2004-03-25,43.6000,45.2500,43.5100,45.2100,4906500
2004-03-24,44.3000,44.3900,43.6600,43.6900,4514800
2004-03-23,44.3500,45.0300,44.1800,44.6800,5002200
2004-03-22,45.5000,45.5000,44.3100,44.5900,6609200
2004-03-19,44.4500,44.7500,43.9400,44.3800,6545000
2004-03-18,44.0500,44.9600,43.8000,44.3100,8830000
2004-03-17,42.4100,43.1600,41.9600,43.0600,8231100
2004-03-16,42.4000,42.9700,42.0500,42.5600,4556500
2004-03-15,42.6700,42.9800,41.8500,41.9900,5036100
2004-03-12,42.5000,42.7000,41.6700,42.6900,5436400
2004-03-11,42.0000,42.8700,41.8800,42.7500,5482200
2004-03-10,43.1500,43.2700,42.3100,42.3300,5977500
2004-03-09,43.6500,43.9100,43.0200,43.4500,4924100
2004-03-08,43.9500,44.2600,43.3100,43.4400,5074600
2004-03-05,43.2100,44.0900,43.1800,43.9600,5861800
2004-03-04,41.6000,43.0200,41.6000,42.5600,5636700
2004-03-03,42.1000,42.5400,41.0800,42.0700,8066200
2004-03-02,43.5000,43.5100,42.2500,42.2600,7310800
2004-03-01,44.1500,44.3500,43.4500,43.7500,4371500
2004-02-27,43.3000,43.7500,43.0500,43.4500,4520600
2004-02-26,42.5800,43.8200,42.3600,43.4900,5284100
2004-02-25,43.4200,43.5000,42.3200,43.1300,6109800
2004-02-24,42.7000,44.1500,42.6000,43.7700,7451200
2004-02-23,43.0000,43.3500,42.3100,42.3100,4608400
2004-02-20,43.7000,43.7000,42.3500,42.7500,8018300
2004-02-19,43.6400,44.2800,43.0400,44.0400,7191700
2004-02-18,45.4500,45.4500,43.6200,43.6300,6308700
2004-02-17,44.9700,45.5300,44.8100,45.4500,4934600
2004-02-13,45.2200,45.5200,43.8100,44.2600,6595200
2004-02-12,45.4300,45.7500,44.5800,44.6600,5002000
2004-02-11,44.3000,45.6800,43.9100,45.4300,6802400
2004-02-10,44.7500,44.9000,44.0700,44.3000,5368100
2004-02-09,44.5000,44.7500,43.8200,44.6400,6293800
2004-02-06,43.1000,44.1200,42.8700,44.1000,8137600
2004-02-05,41.3600,42.9600,41.1700,42.1500,5023200
2004-02-04,41.6100,42.7100,40.5800,41.5400,7119000
2004-02-03,42.2500,42.6300,41.4500,41.5000,6918400
2004-02-02,41.4000,41.9000,40.5600,41.8600,8904200
2004-01-30,41.2400,41.7500,40.8500,41.6600,5306600
2004-01-29,41.5000,42.0600,40.5100,41.1000,10853000
2004-01-28,43.0000,43.9800,41.6500,41.7200,9600400
2004-01-27,41.8500,43.2000,41.8000,42.5100,6567700
2004-01-26,42.4000,42.6900,41.2700,41.7600,7769500
2004-01-23,42.8900,43.6900,41.9000,42.2500,7820900
2004-01-22,43.9700,44.5600,42.7600,42.8000,6660500
2004-01-21,43.7300,44.6700,42.8000,44.0000,7030700
2004-01-20,43.8500,44.4500,43.5900,43.7300,7510800
2004-01-16,42.9000,43.3900,42.1000,43.0800,9390100
2004-01-15,43.7500,43.7500,41.7000,42.5900,19089900
2004-01-14,45.5200,45.6500,44.0500,44.6500,11041400
2004-01-13,47.3900,47.8100,46.1100,46.5500,5689300
2004-01-12,48.5500,48.5600,47.0400,47.5000,5518400
2004-01-09,47.9900,49.2000,47.7800,48.6200,5297800
2004-01-08,47.9000,48.1700,47.1000,47.9000,5910300
2004-01-07,48.9000,48.9400,47.1800,47.4400,7057400
2004-01-06,49.9000,49.9000,48.1100,48.8400,10817500
2004-01-05,49.4000,50.2000,49.2100,49.7500,7955100
2004-01-02,48.2000,49.1300,48.2000,48.6400,2976000
2003-12-31,49.2100,49.4800,48.0600,48.6100,4169900
2003-12-30,49.3500,49.7500,48.6000,49.1600,5856800
2003-12-29,48.6400,49.5400,48.6400,49.4100,6618900
2003-12-26,46.4900,47.8000,46.4800,47.6900,2499000
2003-12-24,46.9500,46.9500,45.9500,46.3700,2110900
2003-12-23,46.0000,46.2900,45.1300,46.2900,4038700
2003-12-22,46.2000,46.5500,45.9000,46.2900,5348900
2003-12-19,46.9900,46.9900,45.7000,45.7000,6553000
2003-12-18,46.9500,47.1900,46.1500,46.9800,4865200
2003-12-17,46.1300,47.2500,45.9200,47.0800,5470700
2003-12-16,47.2900,47.4700,45.8000,46.1300,5034200
2003-12-15,46.0500,47.7400,46.0300,47.2200,5159400
2003-12-12,46.7000,47.9500,46.5200,47.0000,6299600
2003-12-11,45.6000,46.9000,44.5000,46.2800,10636300
2003-12-10,47.6000,48.3200,45.6500,45.7000,9970000
2003-12-09,49.4900,49.4900,46.8300,47.7700,7151500
2003-12-08,49.5000,49.6400,48.2500,49.2000,6676000
2003-12-05,48.8900,49.9400,48.6400,49.5900,4927400
2003-12-04,49.3000,49.7000,48.2500,49.0400,6903000
2003-12-03,50.0000,50.2500,49.5000,49.9900,5355100
2003-12-02,49.5000,50.2800,49.1700,50.0000,8050400
2003-12-01,48.7000,49.6600,47.7600,49.5500,8338700
2003-11-28,47.0000,48.2300,46.9000,48.1400,3426100
2003-11-26,46.0500,47.5400,45.8100,47.3400,6853100
2003-11-25,45.0400,45.7800,44.9200,45.7500,4412200
2003-11-24,44.9800,44.9900,44.1200,44.8500,4813700
2003-11-21,44.8800,45.4100,44.8800,45.2400,3978100
2003-11-20,45.5500,45.9000,44.2200,45.0500,4900600
2003-11-19,44.9500,45.2000,44.6000,45.2000,5830600
2003-11-18,43.8300,45.4100,43.4700,45.3000,7250700
2003-11-17,43.7500,44.2400,42.6000,43.4200,6437900
2003-11-14,43.9400,44.6500,43.8300,44.2400,5363600
2003-11-13,43.6100,44.3500,43.3100,43.7100,5474500
2003-11-12,42.9200,44.0200,42.6000,43.9600,8689800
2003-11-11,42.8000,43.0500,42.1200,42.2600,4585600
2003-11-10,42.8900,43.3000,42.3100,42.4100,5154200
2003-11-07,41.9500,42.7500,41.5500,42.6600,8779700
2003-11-06,42.2500,42.3900,42.0400,42.2000,12162500
2003-11-05,42.6400,43.0500,42.2100,42.5500,7962600
2003-11-04,43.0000,44.0800,43.0000,43.3100,6045800
2003-11-03,43.5500,44.1500,42.4200,42.8800,6503500
2003-10-31,42.5500,44.4500,42.5500,43.7800,5036600
2003-10-30,42.8800,44.7100,42.8800,43.3000,7166700
2003-10-29,42.9000,44.3000,42.9000,43.7800,7058500
2003-10-28,42.0000,42.7500,41.4500,42.7500,5196200
2003-10-27,42.2400,42.5500,41.5900,42.5500,3625800
2003-10-24,42.0000,42.8300,41.8400,42.2400,6748300
2003-10-23,41.2300,41.5300,40.7000,41.4900,4470300
2003-10-22,41.3800,41.6600,40.7500,41.2400,5847500
2003-10-21,39.5100,41.1900,39.5100,41.1000,5448700
2003-10-20,39.4700,39.8600,39.1100,39.1200,3141300
2003-10-17,39.7000,39.7500,39.0000,39.1300,4048000
2003-10-16,39.6600,40.5900,39.6000,39.9000,4919400
2003-10-15,39.7500,39.9300,39.0900,39.3400,3886400
2003-10-14,39.7600,40.1000,39.5300,39.8700,3227900
2003-10-13,39.0000,40.2000,38.7200,39.9900,4337100
2003-10-10,39.3500,39.5800,39.0800,39.2500,4234700
2003-10-09,38.5500,39.1500,38.0000,39.0500,6835800
2003-10-08,38.9000,39.7500,38.8800,39.2500,4266500
2003-10-07,38.4800,39.0400,38.2750,38.8400,6270400
2003-10-06,37.9500,38.3400,37.3500,38.0700,4915300
2003-10-03,38.0200,40.1500,37.2520,37.8800,9746000
2003-10-02,38.5900,40.0500,38.5900,39.9200,4343800
2003-10-01,39.0901,39.4000,38.1900,39.3400,5304500
2003-09-30,39.2600,40.0000,38.9000,39.0900,5511100
2003-09-29,39.1600,39.7800,38.6000,39.1300,5437300
2003-09-26,39.7000,40.0000,38.5000,38.9100,6432800
2003-09-25,42.2600,42.4500,40.2500,40.3300,7721200
2003-09-24,42.3000,42.5000,41.3800,42.1700,6392100
2003-09-23,41.0000,42.0900,40.9000,42.0600,6104800
2003-09-22,41.2500,41.5000,40.7500,41.3000,6754300
2003-09-19,39.5500,40.8000,39.5000,40.6600,6945700
2003-09-18,39.9500,39.9800,39.0600,39.2400,3896700
2003-09-17,39.1000,39.5000,38.7500,39.2600,3663900
2003-09-16,38.7600,39.1700,38.2500,39.0200,3891400
2003-09-15,38.7500,39.2400,38.3700,38.5900,2952300
2003-09-12,39.4700,39.8700,38.6500,38.9400,4386400
2003-09-11,39.0100,39.4500,38.4000,39.3500,4476600
2003-09-10,40.0000,40.0500,39.0000,39.3000,4164600
2003-09-09,39.7500,40.9000,38.9700,39.7600,6937100
2003-09-08,39.1000,39.2300,38.5900,38.9000,3366400
2003-09-05,39.1000,39.6600,39.0100,39.1100,4923100
2003-09-04,37.7700,39.0400,37.6300,38.8900,4308000
2003-09-03,37.8500,38.1400,37.5200,37.9000,5577400
2003-09-02,39.2400,39.2400,37.7500,37.9000,5160800
2003-08-29,39.4000,39.6700,39.0200,39.2600,4028900
2003-08-28,38.8000,39.9800,38.6000,38.6800,3615800
2003-08-27,38.5000,39.2510,38.4000,39.1600,5768900
2003-08-26,36.6800,37.8500,36.5100,37.7400,4433300
2003-08-25,37.5700,37.7300,36.6100,36.7600,5207300
2003-08-22,37.4400,38.2500,37.3500,37.5400,6800700
2003-08-21,39.4000,39.4000,38.2500,38.2700,5059900
2003-08-20,39.0000,39.7000,38.9000,39.5800,4557700
2003-08-19,37.6200,38.9900,37.6200,38.9100,4263000
2003-08-18,37.7500,38.4000,37.7000,38.0400,2815800
2003-08-15,38.5200,38.8900,38.3300,38.5000,1948500
2003-08-14,38.5200,39.0500,38.2900,38.6300,4622400
2003-08-13,37.4500,38.6300,37.4100,38.4800,4864600
2003-08-12,38.6000,38.6100,37.5100,37.7000,4552500
2003-08-11,38.5000,38.9700,37.5000,38.6100,5891300
2003-08-08,37.1900,38.3700,36.9500,38.3300,5595600
2003-08-07,36.9500,37.1200,36.3200,36.9500,3822800
2003-08-06,35.8500,37.0000,35.7900,36.8800,5744100
2003-08-05,36.2400,36.4800,35.7400,35.7500,3487700
2003-08-04,35.8800,36.6400,35.6000,36.2900,3870100
2003-08-01,35.7700,36.3800,35.2300,35.5800,5436400
2003-07-31,36.3400,36.3400,35.3010,36.1000,6220400
2003-07-30,35.6200,35.9500,35.3000,35.4400,5183500
2003-07-29,35.5100,36.3700,35.3000,35.9800,5208800
2003-07-28,36.4700,36.9090,35.1990,35.5200,6503500
2003-07-25,35.6500,36.3900,35.5600,36.2900,5829400
2003-07-24,35.0300,35.8800,34.8030,35.4000,7099800
2003-07-23,34.0000,35.3000,34.0000,35.2800,7605200
2003-07-22,33.1200,33.5000,32.9300,33.4000,4521500
2003-07-21,32.3000,33.0900,32.2900,33.0000,4061300
2003-07-18,31.9900,32.3100,31.5200,32.1300,3515100
2003-07-17,31.4000,32.0500,31.1600,31.9800,3378700
2003-07-16,31.3600,31.7800,31.0100,31.2500,4785300
2003-07-15,33.7400,33.9700,31.8400,31.8400,5812800
2003-07-14,32.9800,33.4500,32.8800,33.2000,2508300
2003-07-11,32.5100,32.8100,32.3700,32.7900,2641400
2003-07-10,32.8700,33.2400,32.4100,32.7200,3547800
2003-07-09,32.7200,32.9400,32.5100,32.7900,3866200
2003-07-08,32.7000,33.1500,32.3000,32.4100,3296700
2003-07-07,32.8000,32.8400,32.2700,32.8100,3732900
2003-07-03,33.4200,33.5900,32.9600,32.9700,1748500
2003-07-02,33.5000,33.7900,33.1600,33.5000,2741300
2003-07-01,32.8900,33.5000,32.8500,33.3400,4654400
2003-06-30,32.4500,32.6600,32.3100,32.4600,3668700
2003-06-27,32.2600,32.7800,32.1600,32.5100,2273800
2003-06-26,31.6000,32.4900,31.3400,32.2100,3177500
2003-06-25,31.9400,32.7990,31.9300,32.1900,3840800
2003-06-24,32.5000,32.5100,31.6000,31.8100,5008200
2003-06-23,33.2500,33.3000,32.2500,32.6500,4831300
2003-06-20,33.8900,34.0700,33.2900,33.6000,5192300
2003-06-19,33.7200,34.4000,33.3800,33.8900,6810100
2003-06-18,33.8401,33.8600,33.2700,33.7100,5936500
2003-06-17,32.4200,34.1500,32.3800,33.8400,7031900
2003-06-16,32.4500,32.4800,31.9500,32.4200,2810900
2003-06-13,31.5000,32.4400,31.4900,32.0700,4275100
2003-06-12,31.2900,31.9000,31.0600,31.6800,4111000
2003-06-11,31.5400,31.5400,31.1100,31.4800,3734900
2003-06-10,31.4500,31.7600,30.6500,31.5000,8534700
2003-06-09,32.7500,32.7500,32.0500,32.6500,3801000
2003-06-06,31.9500,32.8500,31.6300,32.2900,7962300
2003-06-05,31.2000,32.1400,31.2000,31.9500,6464100
2003-06-04,30.0300,31.2300,29.9400,30.8700,3853400
2003-06-03,30.6000,30.7900,30.0300,30.1500,4458100
2003-06-02,29.2500,30.4500,29.2500,30.3500,7272600
2003-05-30,29.5000,29.6600,28.5000,29.6600,3816100
2003-05-29,28.8000,29.7500,28.7800,29.6200,4724800
2003-05-28,29.2600,29.4100,28.7600,29.1000,5646400
2003-05-27,30.0000,30.8000,29.5600,29.8900,6016000
2003-05-23,29.5900,29.8700,29.4100,29.5900,2584000
2003-05-22,30.0000,30.0000,29.4300,29.5900,3745400
2003-05-21,29.1000,30.0000,28.8000,30.0000,5212800
2003-05-20,29.2400,29.3000,28.9200,29.2200,4112500
2003-05-19,28.8500,29.5500,28.8300,29.1500,5678500
2003-05-16,28.8700,28.8800,28.4700,28.7100,3162700
2003-05-15,28.5800,28.6800,28.3500,28.5600,2748100
2003-05-14,28.1500,28.5700,28.1100,28.4600,2941300
2003-05-13,28.4700,28.7600,27.9110,28.0100,3695900
2003-05-12,28.6500,29.0400,28.4800,28.7000,3621000
2003-05-09,28.7400,28.7500,28.3300,28.5800,3482500
2003-05-08,28.7300,28.8500,28.3000,28.7400,3926600
2003-05-07,28.6000,28.9000,28.1000,28.1900,4752000
2003-05-06,28.1600,28.4800,27.7400,28.4500,3407400
2003-05-05,27.6800,28.2100,27.6800,28.0300,2421700
2003-05-02,27.6100,27.8200,27.1800,27.6300,2558100
2003-05-01,27.2500,28.1000,27.2000,27.6000,4771200
2003-04-30,26.5600,27.3000,26.5600,27.0200,6573400
2003-04-29,26.5400,26.5400,25.9500,26.3400,3591700
2003-04-28,26.7800,26.9500,26.4400,26.5500,3616300
2003-04-25,26.7600,27.2900,26.6000,26.7800,3335500
2003-04-24,27.7500,27.9700,26.8100,26.8400,3936000
2003-04-23,27.6500,27.9100,27.5500,27.6500,4503900
2003-04-22,27.5400,27.8000,27.3800,27.7400,4422500
2003-04-21,26.9500,27.6500,26.8500,27.5400,3810700
2003-04-17,27.0000,27.4400,26.7500,26.9400,4153000
2003-04-16,26.2000,26.9700,26.1700,26.8500,4107100
2003-04-15,26.1000,26.5200,25.2000,26.3800,3975200
2003-04-14,25.6500,25.9300,25.6400,25.9300,2713400
2003-04-11,25.6000,26.0800,25.4100,25.9400,2874700
2003-04-10,25.9800,26.0500,25.5400,25.7500,3308400
2003-04-09,25.1100,26.1000,24.9600,25.8700,5605900
2003-04-08,25.2000,25.4900,25.0600,25.1500,3768800
2003-04-07,25.0000,25.2600,24.8000,25.2000,4892400
2003-04-04,25.0500,25.7700,24.9500,25.5800,3462000
2003-04-03,25.2100,25.4000,24.9800,25.2400,3140400
2003-04-02,25.5000,25.5000,24.9500,25.2100,4862500
2003-04-01,26.1500,26.1600,25.5800,25.8800,3238200
2003-03-31,26.9900,26.9900,25.9400,26.1500,5765600
2003-03-28,25.1400,26.6700,24.9000,26.5900,5834400
2003-03-27,25.2400,25.2400,24.4800,24.5600,4599300
2003-03-26,25.0000,25.2100,24.7900,25.0700,2792400
2003-03-25,24.6600,25.2000,24.6600,25.0000,3338600
2003-03-24,24.9100,25.1100,24.5400,24.5400,4765300
2003-03-21,25.0900,25.2400,24.2300,24.3700,7160500
2003-03-20,25.4900,25.7300,24.8600,24.9900,3097600
2003-03-19,25.9900,26.2500,25.2200,25.5500,3869300
2003-03-18,25.2500,26.0500,25.2500,25.9800,3731500
2003-03-17,25.5100,25.9700,25.0800,25.1100,5028500
2003-03-14,24.8000,25.4500,24.7600,25.0900,4264100
2003-03-13,24.2500,25.0800,24.0800,24.6600,6579800
2003-03-12,24.6500,25.1200,24.4000,24.8000,5064800
2003-03-11,24.9600,25.4700,24.6600,24.7500,4440400
2003-03-10,26.0600,26.1900,25.1100,25.1600,5909700
2003-03-07,27.4900,27.4900,25.5100,25.9600,6075300
2003-03-06,27.0500,27.3900,26.6800,27.1100,3474600
2003-03-05,27.3000,27.5000,26.9300,27.0500,3270900
2003-03-04,27.0700,27.3800,27.0600,27.2500,2707500
2003-03-03,26.8700,27.0700,26.6500,26.8300,3373100
2003-02-28,26.9000,27.5000,26.8500,27.3300,3804900
2003-02-27,27.2100,27.3400,26.6700,26.8500,4635200
2003-02-26,27.0000,27.6800,27.0000,27.5000,3748300
2003-02-25,27.7500,27.9500,26.9700,27.1200,4898300
2003-02-24,27.5200,28.2000,27.4000,27.6100,4884300
2003-02-21,28.3400,28.4300,27.1200,27.5100,5987200
2003-02-20,27.8500,28.4900,27.8500,28.2800,5216800
2003-02-19,27.4300,27.9400,27.3600,27.6000,3744600
2003-02-18,26.8000,27.3500,26.5100,27.1800,6351800
2003-02-14,28.0500,28.0700,26.9000,27.2400,6727300
2003-02-13,27.3000,28.4400,27.3000,28.4400,5531200
2003-02-12,27.9200,28.3400,27.1000,27.1000,6507100
2003-02-11,27.5500,28.6300,27.5200,28.5000,4176200
2003-02-10,28.5000,28.7200,27.5500,27.6400,4064700
2003-02-07,28.7500,29.2200,28.1600,28.4200,4228900
2003-02-06,28.7300,29.2500,28.1500,28.6000,5061900
2003-02-05,29.7000,29.9500,28.2300,28.7200,10121700
2003-02-04,29.4800,30.0000,29.3600,29.7900,7164600
2003-02-03,29.2900,29.2900,28.5800,28.7300,3771800
2003-01-31,29.7500,29.7500,28.8800,28.9500,4538100
2003-01-30,28.8400,29.6500,28.6500,29.5300,5615100
2003-01-29,29.0300,29.5800,28.8600,29.4600,4726000
2003-01-28,29.3200,29.5900,28.8000,29.4600,5421700
2003-01-27,30.1600,30.4900,29.2700,29.4300,7661800
2003-01-24,29.4500,30.3400,29.4500,30.1500,6567300
2003-01-23,29.0000,30.0800,28.6600,29.5200,10211200
2003-01-22,27.9400,28.6500,27.9200,28.6000,4870500
2003-01-21,27.6600,28.1400,27.2600,27.8900,4047400
2003-01-17,28.7000,28.7500,27.5100,27.6500,5878900
2003-01-16,27.5400,28.6900,27.5200,28.5200,6142400
2003-01-15,27.1000,27.7900,26.8900,27.5000,3924500
2003-01-14,27.9600,28.2900,27.2100,27.2500,4186600
2003-01-13,28.2500,28.7900,27.9900,28.0300,3538900
2003-01-10,28.2000,28.7900,27.8200,28.6100,5420600
2003-01-09,28.5600,28.6000,27.8200,27.9600,5994300
2003-01-08,27.8500,29.0500,27.8500,28.7300,7040400
2003-01-07,28.8400,28.9900,27.8300,27.8400,7362800
2003-01-06,30.2400,30.5400,29.2000,29.2500,5953900
2003-01-03,29.4200,30.6000,29.1700,30.1200,4902000
2003-01-02,29.0400,29.7000,28.4900,29.7000,3403600
2002-12-31,29.0800,29.5500,28.9100,29.0300,2585100
2002-12-30,29.7300,29.7300,28.7500,29.2400,2890600
2002-12-27,29.7300,30.2000,29.5800,29.7300,4384100
2002-12-26,28.8500,29.9800,28.6000,29.9800,2556200
2002-12-24,29.3500,29.5600,28.7200,28.8500,2277200
2002-12-23,28.6500,29.6000,28.6500,29.6000,3187000
2002-12-20,28.0400,28.6900,27.6000,28.6100,5617400
2002-12-19,29.0300,29.3000,27.9600,28.0400,6657900
2002-12-18,28.0000,29.2000,27.8500,29.0500,9374900
2002-12-17,29.4000,29.6000,28.0400,28.0500,6893100
2002-12-16,28.7500,29.2400,28.2100,29.1000,6567500
2002-12-13,28.7100,29.1400,28.4000,29.0000,8973300
2002-12-12,27.0000,28.4600,27.0000,28.1100,8632400
2002-12-11,26.1200,27.0400,26.1200,27.0000,3611000
2002-12-10,26.5000,26.5100,25.9000,26.1400,4052300
2002-12-09,26.7500,26.9200,26.3700,26.7500,4654200
2002-12-06,26.7000,26.8000,25.9500,26.7700,8060900
2002-12-05,25.0000,25.7100,24.8900,25.6400,5250300
2002-12-04,24.5000,24.9600,24.3200,24.9600,5589500
2002-12-03,23.8500,24.3800,23.6300,24.3300,4054200
2002-12-02,23.1000,23.6000,22.7000,23.2000,3287500
2002-11-29,22.7000,23.5400,22.6600,23.4100,1621700
2002-11-27,23.8900,23.8900,22.6000,23.1000,5211300
2002-11-26,23.8000,24.1100,23.6700,23.7000,3029300
2002-11-25,23.7500,24.4800,23.5200,24.1700,2673200
2002-11-22,24.3400,24.5500,23.7200,23.9000,3931500
2002-11-21,23.7600,23.9400,23.2000,23.9200,4530900
2002-11-20,23.7500,24.3600,23.6100,23.7500,2330100
2002-11-19,24.2800,24.6300,23.6600,23.6600,2897000
2002-11-18,25.1900,25.1900,24.2000,24.3100,3002800
2002-11-15,24.2000,25.2000,24.2000,25.1800,3381800
2002-11-14,24.1800,24.2500,23.8000,24.1500,3439000
2002-11-13,24.5300,24.5700,23.5100,23.6000,3564900
2002-11-12,24.5000,24.6500,23.3000,24.2800,9830300
2002-11-11,26.0100,26.1000,25.3000,25.4700,1869600
2002-11-08,26.5900,26.6500,25.8000,25.9000,3982300
2002-11-07,26.6500,26.6500,25.6000,26.0300,4375800
2002-11-06,25.8000,26.1900,25.2800,26.0800,3628000
2002-11-05,26.0800,26.1300,25.7600,25.9400,2191400
2002-11-04,25.2300,25.9600,25.0700,25.9500,2744400
2002-11-01,25.2500,25.5900,25.0000,25.4800,4258600
2002-10-31,25.3100,25.4900,24.5200,24.7200,4212100
2002-10-30,24.5700,25.3500,24.5700,25.3500,2239500
2002-10-29,25.4000,25.7300,24.8000,24.8000,5276800
2002-10-28,24.5400,25.3400,24.4100,25.1600,3833200
2002-10-25,24.5500,24.6000,24.0800,24.2900,2613000
2002-10-24,24.3500,24.3500,23.6500,24.1900,3894700
2002-10-23,25.0000,25.0000,24.0500,24.1500,7132700
2002-10-22,23.6100,25.0300,23.6100,25.0000,6249100
2002-10-21,23.6100,23.9000,23.3000,23.3600,2367600
2002-10-18,23.9200,24.1200,23.3600,23.6100,3160100
2002-10-17,23.7000,23.8100,22.6000,23.6700,5687100
2002-10-16,23.5000,23.9000,23.3000,23.6900,4749600
2002-10-15,22.7500,23.1000,22.5700,23.1000,5509200
2002-10-14,23.7000,23.9800,23.0200,23.4000,4087700
2002-10-11,23.4700,23.9500,23.2600,23.7000,4963600
2002-10-10,24.4200,24.4300,22.8800,23.4800,6688400
2002-10-09,25.1500,25.4500,24.4500,24.4800,3946300
2002-10-08,24.6500,25.0200,24.4200,25.0000,5517700
2002-10-07,25.8500,26.0800,25.0000,25.3100,3806100
2002-10-04,25.5500,26.3800,25.5500,25.9000,3618400
2002-10-03,26.6500,26.6500,25.8500,26.0000,4689400
2002-10-02,26.9000,26.9900,26.3000,26.4500,4936300
2002-10-01,27.5000,27.5000,26.8000,26.8800,3658600
2002-09-30,27.8000,28.0400,27.1700,27.5100,5302300
2002-09-27,27.3500,27.6800,26.7500,27.3500,4669800
2002-09-26,28.1400,28.1400,26.3900,27.2500,6601000
2002-09-25,29.2000,29.2500,27.7700,28.1300,5473600
2002-09-24,29.1500,29.5400,28.7000,29.4400,6072900
2002-09-23,29.1500,29.4700,28.6300,28.6400,3724900
2002-09-20,29.0000,29.3500,28.7500,29.1500,5517900
2002-09-19,28.7000,29.1700,28.4500,29.1300,4664400
2002-09-18,28.9000,29.1000,27.9700,28.1600,5174300
2002-09-17,28.7500,29.1700,28.4200,28.4200,4758700
2002-09-16,29.7900,29.9400,28.9900,29.8700,3518800
2002-09-13,29.4000,29.4400,28.6400,29.3400,4962600
2002-09-12,29.2300,29.7500,29.0600,29.6000,4977200
2002-09-11,28.0000,29.1000,27.9700,28.8900,2531500
2002-09-10,29.4900,29.5000,28.4600,28.4600,3651500
2002-09-09,29.7500,29.9300,29.3600,29.6800,6889700
2002-09-06,29.0000,29.2500,28.2500,29.0500,5734100
2002-09-05,28.9000,29.3700,28.7900,29.2200,5563300
2002-09-04,28.8000,28.8000,27.9000,28.2000,4369300
2002-09-03,29.1500,29.1900,28.6600,29.0700,4460700
2002-08-30,28.2400,28.6500,27.8900,28.4900,4422300
2002-08-29,27.4300,28.1200,27.3700,28.0700,4453300
2002-08-28,27.3500,27.5000,26.7700,27.0800,3224300
2002-08-27,26.3000,27.7400,26.3000,27.3500,5344200
2002-08-26,25.4800,27.0000,25.4100,26.8200,3216400
2002-08-23,25.5500,25.9700,25.1400,25.1400,1967600
2002-08-22,24.9900,25.7500,24.8600,25.6000,3692400
2002-08-21,25.5000,25.5900,24.7600,25.1700,4580800
2002-08-20,25.7000,26.2000,25.4500,25.9100,4143000
2002-08-19,26.4000,26.4000,24.9500,25.6000,4948100
2002-08-16,26.7600,27.2500,26.7500,26.8000,2719100
2002-08-15,26.2200,27.1000,26.0000,27.0000,3865100
2002-08-14,27.1500,27.3700,25.9800,26.2500,3638300
2002-08-13,26.7500,27.2400,26.5500,26.9800,2684000
2002-08-12,27.3000,27.3200,26.4700,26.8200,3269100
2002-08-09,25.0000,27.0000,25.0000,26.7800,4021100
2002-08-08,25.8000,25.8000,24.6900,24.7300,2675700
2002-08-07,25.6000,26.2500,25.0000,25.6000,4472300
2002-08-06,24.0700,24.9500,23.7500,24.9500,3813400
2002-08-05,26.0000,26.1500,23.9900,24.0500,5344100
2002-08-02,25.0000,25.6100,24.6500,25.4900,4276900
2002-08-01,23.7500,24.9900,23.6000,24.9900,3299900
2002-07-31,24.7000,24.7500,23.9800,24.4000,5177300
2002-07-30,24.5000,24.9500,23.7600,24.0000,5474800
2002-07-29,22.2500,23.6000,22.2100,23.5400,4192700
2002-07-26,22.7000,22.7000,21.4900,22.2100,6271500
2002-07-25,24.0000,24.1900,23.0100,23.2600,4155400
2002-07-24,20.8000,24.2500,20.8000,24.2500,7900200
2002-07-23,25.0400,25.0900,22.4000,22.4800,10287500
2002-07-22,26.5000,26.6500,25.2000,25.5000,5032700
2002-07-19,28.0000,28.1000,26.0200,26.4600,8208000
2002-07-18,26.9500,27.4000,26.4200,26.5900,3389800
2002-07-17,26.2500,27.3000,26.2100,26.9400,4027800
2002-07-16,27.0000,27.7800,26.6700,27.2300,4381000
2002-07-15,29.0000,29.3600,27.5500,27.7500,5535000
2002-07-12,28.0400,28.6500,27.5000,28.5400,4126700
2002-07-11,28.8800,29.0000,27.8800,28.0500,5624300
2002-07-10,28.6200,28.9900,27.5500,28.8800,7294500
2002-07-09,27.2000,28.6500,27.0000,28.6200,5694300
2002-07-08,25.8800,27.0700,25.6100,26.9100,3923600
2002-07-05,25.7500,25.9900,25.4000,25.4400,1953300
2002-07-03,25.8000,26.2500,25.5000,26.0000,4317400
2002-07-02,27.1000,27.2000,25.5000,25.5000,5633600
2002-07-01,26.2400,27.2400,26.0300,27.1700,5645900
2002-06-28,26.5600,26.7500,26.1400,26.3300,6731000
2002-06-27,27.3000,27.7500,26.3500,26.8100,7455700
2002-06-26,29.2200,29.5000,27.8500,27.9900,7885600
2002-06-25,28.2600,28.8900,27.6600,28.6000,4980500
2002-06-24,28.9500,29.7500,28.5000,28.5700,6004600
2002-06-21,29.0000,29.3200,28.2600,28.6000,5717900
2002-06-20,28.2100,29.1400,28.1200,29.0900,5204000
2002-06-19,28.9800,28.9900,27.9000,28.0200,3926300
2002-06-18,27.6200,28.3600,27.3200,28.3200,4870100
2002-06-17,28.4200,28.4800,27.5000,27.5000,4528700
2002-06-14,28.3500,29.3300,28.3500,28.9600,5516900
2002-06-13,28.2000,28.2600,27.2500,27.8600,4556100
2002-06-12,29.1000,29.2800,28.2000,28.2500,5762100
2002-06-11,27.7500,29.2400,27.6100,29.0000,7611900
2002-06-10,28.4100,28.9500,28.0300,28.1000,7321800
2002-06-07,31.1900,31.4900,28.6900,28.7000,9042500
2002-06-06,31.2000,31.9000,30.8600,31.0000,5977500
2002-06-05,30.7500,31.2000,30.6000,31.2000,5902000
2002-06-04,32.7500,32.7500,31.3800,31.5600,7514600
2002-06-03,31.1800,31.8100,31.0100,31.7200,4351500
2002-05-31,30.8700,31.2100,30.5100,31.2100,4950400
2002-05-30,31.3400,31.5900,30.5600,30.6700,4887500
2002-05-29,32.5200,32.5200,31.1600,31.2400,6825000
2002-05-28,30.5000,32.0000,30.1600,32.0000,6686500
2002-05-24,31.0400,31.4300,30.6500,30.6600,4200300
2002-05-23,30.0500,31.4000,29.9500,30.9400,6173000
2002-05-22,31.0500,31.5000,30.4400,30.6900,7357600
2002-05-21,30.0000,30.8500,29.7300,30.8100,5319800
2002-05-20,29.5000,30.4200,29.0200,30.1400,5733200
2002-05-17,28.3500,29.4500,28.3500,29.4500,5071900
2002-05-16,27.9200,28.4000,27.8200,28.3600,3679600
2002-05-15,27.8000,28.4500,27.2900,27.6700,6140100
2002-05-14,29.0000,29.0500,28.0400,28.0500,5220600
2002-05-13,29.9500,30.1800,29.5200,29.9600,2671600
2002-05-10,29.5500,30.0500,29.3300,29.9900,3575700
2002-05-09,28.9000,29.6000,28.6500,29.5500,4053900
2002-05-08,28.6100,29.3700,28.4900,28.9000,5672700
2002-05-07,30.2600,30.4000,29.1900,29.2200,6188200
2002-05-06,30.0200,30.5000,28.8800,30.2900,4358600
2002-05-03,30.0000,30.1900,29.6100,29.9500,4893200
2002-05-02,29.4500,30.0000,29.2500,29.4200,3655300
2002-05-01,28.5500,30.2000,28.2600,29.6100,5425800
2002-04-30,29.3000,29.3800,28.4000,28.5100,4936400
2002-04-29,29.5500,30.1000,29.5000,29.8400,3955100
2002-04-26,28.4500,30.1200,28.4000,30.0800,6935800
2002-04-25,29.7000,29.7900,28.7800,28.8100,4869800
2002-04-24,29.2200,29.5200,29.0300,29.2400,4861300
2002-04-23,28.7100,29.2800,28.7100,29.2400,4170800
2002-04-22,29.0400,29.4800,28.8000,29.1000,3157200
2002-04-19,28.3000,29.0400,28.1000,29.0400,3364900
2002-04-18,29.4800,29.7900,28.2500,28.3000,5961500
2002-04-17,28.9400,29.1800,28.7500,29.0700,4668800
2002-04-16,27.9500,28.3000,27.6200,28.1900,3785900
2002-04-15,28.2200,28.4800,27.9000,28.3000,2598600
2002-04-12,27.8000,28.4400,27.5200,28.2400,3027400
2002-04-11,27.9800,28.5100,27.7600,28.0600,4651400
2002-04-10,27.0000,28.1900,27.0000,28.1600,5063800
2002-04-09,27.0900,27.2000,26.8800,27.0200,3314100
2002-04-08,27.9000,28.1300,26.7700,27.1500,3266200
2002-04-05,27.6000,27.6000,26.9000,27.2600,3294300
2002-04-04,27.7000,27.8500,26.9300,27.8000,4095900
2002-04-03,27.9200,28.0000,27.3300,27.6300,5411100
2002-04-02,28.8800,29.2500,28.4500,28.5200,6361800
2002-04-01,29.0400,29.0400,27.4500,28.7700,5823300
2002-03-28,28.2400,28.2400,27.4600,27.6900,5288300
2002-03-27,28.2600,28.2600,26.7000,28.2400,8351200
2002-03-26,26.9000,27.1000,26.2800,26.4500,4731400
2002-03-25,26.5000,27.3200,26.4100,27.1500,5707000
2002-03-22,25.2500,26.5000,25.0000,26.3700,6337900
2002-03-21,25.7500,25.7500,24.9000,25.2400,4312100
2002-03-20,24.5000,25.0900,24.2500,25.0400,3000100
2002-03-19,24.9400,24.9400,24.3000,24.6500,3362600
2002-03-18,23.7500,24.7600,23.7200,24.6500,3901100
2002-03-15,24.1500,24.1500,23.3000,23.5000,2576800
2002-03-14,23.8000,23.8000,23.2000,23.6900,2504600
2002-03-13,24.2200,24.4400,23.5100,23.5500,3116800
2002-03-12,24.3300,24.3300,23.9000,24.2100,2627100
2002-03-11,23.4200,23.9700,23.3200,23.6000,3467400
2002-03-08,23.9500,23.9500,22.5000,23.0000,8507100
2002-03-07,25.0500,25.0600,24.0400,24.1900,6664800
2002-03-06,24.3500,25.4800,24.2600,25.3600,4162500
2002-03-05,24.5000,24.9800,24.2500,24.5500,5369300
2002-03-04,24.3200,24.8800,24.0100,24.5000,4408200
2002-03-01,24.0500,24.5000,23.7800,24.4900,5023700
2002-02-28,24.0200,24.2900,23.7700,24.1200,5365500
2002-02-27,24.6100,24.6100,23.8100,24.0200,5074800
2002-02-26,23.5500,24.7100,23.5300,24.6100,5375300
2002-02-25,23.6600,23.7600,23.2600,23.3900,2667000
2002-02-22,24.0000,24.2000,23.6000,23.8500,4047100
2002-02-21,23.3000,23.9700,23.1800,23.8100,6684300
2002-02-20,23.6500,23.6500,23.1400,23.1500,8948200
2002-02-19,24.2300,24.6800,23.3100,23.7700,30776900
2002-02-15,25.2900,25.2900,24.0000,24.3300,6554700
2002-02-14,24.0000,24.9100,23.9000,24.6600,5014900
2002-02-13,23.6000,24.3800,23.4000,23.9300,4036200
2002-02-12,23.2500,24.1100,23.2500,23.9700,5503300
2002-02-11,23.7000,24.1900,23.2500,23.5100,7928100
2002-02-08,24.4500,25.4500,24.4000,25.0000,9440000
2002-02-07,24.4300,24.4300,23.8400,24.1300,8457700
2002-02-06,25.5000,25.9000,24.2500,24.3000,11861300
2002-02-05,24.2000,25.1900,23.7500,25.0700,12077500
2002-02-04,23.5000,24.0500,23.4500,23.9000,6351400
2002-02-01,23.3500,23.3500,22.0000,22.8100,7603900
2002-01-31,21.4500,21.9700,21.4200,21.8400,4107900
2002-01-30,21.9400,22.0900,21.2500,21.2900,4123200
2002-01-29,20.7000,21.9700,20.7000,21.5300,5811300
2002-01-28,21.3800,21.3800,20.6200,20.8800,3437500
2002-01-25,20.0600,20.9900,20.0400,20.9100,5198200
2002-01-24,20.0000,20.1000,19.8700,19.9700,2708800
2002-01-23,20.5900,20.5900,19.8000,19.9400,5003200
2002-01-22,20.2200,20.5300,20.1500,20.4300,9995300
2002-01-18,20.5500,20.5600,20.0500,20.2000,14429800
2002-01-17,21.0000,21.0000,20.5600,20.6500,2921900
2002-01-16,20.9000,21.5000,20.8500,21.0900,8502600
2002-01-15,19.9900,20.7500,19.8600,20.6000,6995200
2002-01-14,19.6900,20.2000,19.6500,19.9500,6575400
2002-01-11,19.7100,20.1200,19.5500,19.6900,7810200
2002-01-10,19.9000,19.9700,19.5600,19.7100,8296900
2002-01-09,18.9200,19.6400,18.8800,19.4100,12105600
2002-01-08,18.9000,18.9000,18.5200,18.7000,5898900
2002-01-07,18.8000,19.0700,18.7600,18.9300,6321200
2002-01-04,18.9500,18.9500,18.7500,18.8200,3010200
2002-01-03,19.0900,19.0900,18.7100,19.0100,5588200
2002-01-02,19.0000,19.2500,18.8300,19.0900,1885300
2001-12-31,18.7600,19.2800,18.7600,19.1100,2962200
2001-12-28,19.2000,19.3400,18.8900,18.9500,3318100
2001-12-27,19.5000,19.5900,19.1100,19.2400,2282900
2001-12-26,19.4400,19.6000,19.2500,19.3700,1095400
2001-12-24,19.2500,19.7000,19.1700,19.6900,440000
2001-12-21,19.5200,19.7900,19.4000,19.4800,3494000
2001-12-20,19.1300,19.5900,19.1300,19.5100,1504600
2001-12-19,19.9800,19.9800,19.2400,19.2500,2706700
2001-12-18,19.6800,20.0900,19.5500,20.0900,2974600
2001-12-17,19.7000,19.7000,19.4100,19.5600,1802600
2001-12-14,19.0300,19.7200,19.0300,19.7200,4021300
2001-12-13,19.2000,19.3300,18.8400,19.0300,2641100
2001-12-12,18.9000,19.2900,18.8000,19.2900,4454700
2001-12-11,19.0500,19.0500,18.8300,18.9000,3063300
2001-12-10,19.0000,19.1900,18.8400,19.0700,6571300
2001-12-07,20.3100,20.3100,19.8100,20.0200,2827500
2001-12-06,20.2800,20.2800,19.8100,20.2800,3760500
2001-12-05,19.8900,19.8900,19.3900,19.7900,3051800
2001-12-04,20.2100,20.2200,19.7600,19.7700,2259600
2001-12-03,20.4100,20.4100,19.8000,20.1900,3552000
2001-11-30,19.7000,19.9700,19.5200,19.6700,2445000
2001-11-29,19.7500,19.9400,19.5200,19.5200,3556100
2001-11-28,19.9000,19.9000,19.4700,19.7000,3592600
2001-11-27,19.1200,19.4700,19.1100,19.4700,3793000
2001-11-26,19.2500,19.2900,18.8000,19.0500,1226400
2001-11-23,19.3000,19.3000,18.9700,19.2400,1077500
2001-11-21,19.6500,19.6500,18.9600,18.9600,3238400
2001-11-20,19.3500,19.7400,19.2500,19.3500,3032300
2001-11-19,19.6500,19.7000,19.0500,19.2600,3202400
2001-11-16,20.2000,20.2000,19.0600,19.8000,6008500
2001-11-15,20.2800,20.3000,19.7600,20.1800,7045200
2001-11-14,20.0000,20.6600,20.0000,20.3000,17515200
2001-11-13,22.8000,22.9700,22.2000,22.2500,2226100
2001-11-12,23.4000,24.2400,23.1000,23.3000,2030900
2001-11-09,22.9000,23.4000,22.6400,23.2900,1232400
2001-11-08,23.8500,24.1500,22.6000,22.7700,2088800
2001-11-07,24.1500,24.1500,23.7500,23.8500,1647100
2001-11-06,23.5200,23.9900,23.5000,23.7000,1081100
2001-11-05,23.5000,23.7900,23.1100,23.7100,1407900
2001-11-02,23.2800,23.9400,23.1600,23.8600,1469300
2001-11-01,23.4300,23.4900,22.8800,23.4400,1201200
2001-10-31,23.1100,23.4100,22.6600,23.2000,2671400
2001-10-30,23.1600,23.1600,21.9900,23.0200,3626900
2001-10-29,21.5000,21.9800,21.4600,21.6600,1425100
2001-10-26,21.8600,21.8600,21.1100,21.2900,1691300
2001-10-25,21.5000,22.1900,21.2000,21.6100,2323600
2001-10-24,21.6700,21.6700,21.1200,21.2400,1765000
2001-10-23,20.9500,21.6300,20.9300,21.1400,2055300
2001-10-22,21.3500,21.5400,21.0400,21.0900,2175300
2001-10-19,22.1200,22.4800,21.7600,21.9100,1790400
2001-10-18,22.4100,22.6500,22.0200,22.2300,2334000
2001-10-17,21.7500,22.9400,21.5000,22.8800,2754100
2001-10-16,21.2900,22.0700,21.2000,21.9100,1819100
2001-10-15,22.0300,22.5000,21.6400,21.6600,1482900
2001-10-12,21.5100,22.6900,21.2400,22.1000,3474700
2001-10-11,21.3500,21.4600,20.4500,21.2000,4760200
2001-10-10,22.8500,23.0000,21.7000,21.8000,3137600
2001-10-09,23.6700,23.6700,22.8000,22.8700,1450100
2001-10-08,24.4500,24.4500,23.5000,23.7400,2407400
2001-10-05,24.0100,24.0100,23.1500,24.0000,2042500
2001-10-04,23.5800,23.5800,22.8000,23.0600,2603400
2001-10-03,24.7900,24.7900,22.8300,23.0800,2775300
2001-10-02,24.8000,25.2300,23.9800,24.5500,3149500
2001-10-01,23.3500,25.0000,23.1100,24.8300,2799300
2001-09-28,23.6000,24.0400,23.2200,23.6000,1597300
2001-09-27,22.9500,23.8900,22.7300,23.6500,2674000
2001-09-26,23.7000,23.7000,22.0000,23.3700,3094100
2001-09-25,21.9900,22.1800,21.2600,21.9400,2053600
2001-09-24,21.9200,21.9200,21.1100,21.6000,2556000
2001-09-21,24.8000,24.8000,22.2000,22.2700,6480400
2001-09-20,23.9000,23.9000,22.4000,23.9000,4040200
2001-09-19,23.1600,23.1600,22.1600,22.8000,4061000
2001-09-18,22.2700,22.4900,21.3100,22.3400,2761800
2001-09-17,23.0000,23.4700,21.6000,22.2800,4947300
2001-09-10,20.4500,21.2100,20.4500,21.1500,1769900
2001-09-07,20.3600,20.8600,20.3600,20.7900,2027000
2001-09-06,20.6000,20.7400,20.1800,20.2100,975500
2001-09-05,20.2800,20.7200,20.1300,20.6700,967300
2001-09-04,20.5500,20.6500,20.2200,20.2900,1255900
2001-08-31,20.9000,20.9600,20.6300,20.7400,627900
2001-08-30,21.1200,21.1200,20.6100,20.8600,1065600
2001-08-29,21.0000,21.2500,20.7700,20.9400,1223900
2001-08-28,21.1800,21.2300,20.6000,20.9300,1954000
2001-08-27,21.5200,21.8000,21.2400,21.4900,971900
2001-08-24,21.1400,21.7900,21.0100,21.7000,1710900
2001-08-23,21.2000,21.6400,21.1700,21.4300,1219300
2001-08-22,21.2500,21.6000,21.0600,21.3000,1220300
2001-08-21,21.3900,21.4500,20.7000,21.1500,2016000
2001-08-20,20.9700,21.2000,20.6400,21.1100,1467100
2001-08-17,21.6000,22.0200,21.1800,21.4800,3082200
2001-08-16,21.3000,21.4500,20.7000,21.1400,2597700
2001-08-15,20.6900,21.2400,20.4600,21.0600,2036300
2001-08-14,20.5000,20.5900,20.0700,20.4400,1843200
2001-08-13,20.1500,20.9900,19.9000,20.9500,1911700
2001-08-10,20.7500,20.7500,19.8000,20.0500,2119900
2001-08-09,19.5000,20.6500,19.4200,20.5000,3928800
2001-08-08,18.5300,19.3700,18.5100,19.1400,1517800
2001-08-07,18.9200,18.9200,18.5600,18.6300,1184900
2001-08-06,18.5200,19.0800,18.3500,18.9100,871700
2001-08-03,18.5200,18.8000,18.4700,18.7700,1210700
2001-08-02,18.8900,18.8900,18.3500,18.8300,1126800
2001-08-01,18.8700,19.1500,18.8100,18.8600,868800
2001-07-31,18.7500,19.2900,18.6600,18.7000,1142000
2001-07-30,19.3300,19.3300,18.6100,18.7100,938300
2001-07-27,19.0100,19.5600,18.8000,19.4300,1349000
2001-07-26,19.7000,19.7600,18.7500,19.0000,2237000
2001-07-25,20.3500,20.5900,19.9600,20.0400,1938300
2001-07-24,19.7400,20.6400,19.6000,20.6400,2362100
2001-07-23,19.8400,19.9400,19.5100,19.7000,1059700
2001-07-20,20.0000,20.1900,19.8000,19.9700,2286900
2001-07-19,19.9500,19.9800,19.4200,19.7500,1517300
2001-07-18,18.6200,19.9500,18.6200,19.7800,3382400
2001-07-17,18.5000,18.8000,18.3900,18.6000,1051600
2001-07-16,18.8700,18.9600,18.3000,18.5000,1447600
2001-07-13,19.1500,19.1600,18.8500,18.8600,849400
2001-07-12,18.8900,19.3800,18.7600,19.2000,1374600
2001-07-11,19.3000,19.8400,18.2600,19.2900,2386500
2001-07-10,18.3300,18.8400,18.2400,18.8000,1953400
2001-07-09,18.2400,18.4800,18.0700,18.3200,1105200
2001-07-06,18.2600,18.4500,18.0000,18.2400,1290600
2001-07-05,18.5000,18.6000,17.9700,18.2600,1697900
2001-07-03,18.3600,18.7700,18.3000,18.6600,1164400
2001-07-02,18.5200,18.5900,18.2400,18.3600,2032000
2001-06-29,18.9500,19.1400,18.6100,18.6100,2181500
2001-06-28,19.5000,19.5000,18.7500,18.7900,2281200
2001-06-27,20.1900,20.2300,19.2600,19.2600,2285700
2001-06-26,20.1500,20.7400,19.8800,20.1700,3294200
2001-06-25,21.0000,21.1400,20.0000,20.1000,2329600
2001-06-22,20.5000,20.8500,20.3000,20.4100,1765300
2001-06-21,20.9800,20.9800,20.1900,20.4500,1888900
2001-06-20,21.3600,21.4300,20.7500,20.7800,1542400
2001-06-19,21.5000,21.9500,21.4500,21.6100,1017900
2001-06-18,21.8200,22.2800,21.3500,21.5000,1686300
2001-06-15,22.6700,22.6700,21.6300,21.8900,2161700
2001-06-14,21.8700,23.1500,21.5600,22.6700,3057500
2001-06-13,21.9500,22.0900,21.4100,21.8600,2022500
2001-06-12,21.4900,21.8700,21.3000,21.6200,2185900
2001-06-11,21.2500,21.2800,20.7600,20.9000,1646500
2001-06-08,20.5100,21.7700,20.5100,21.4200,1966000
2001-06-07,20.5000,20.7100,20.2800,20.5000,799400
2001-06-06,21.5400,21.5400,20.3700,20.5000,1671300
2001-06-05,21.1800,21.5700,20.9600,21.2900,1700800
2001-06-04,20.9800,21.3200,20.4600,20.9300,1425100
2001-06-01,20.4800,20.9600,20.3200,20.8300,2720300
2001-05-31,20.7200,20.9900,20.2500,20.4900,1861800
2001-05-30,21.1000,21.4900,20.4600,20.7100,3457600
2001-05-29,21.6200,21.7000,20.8500,21.6000,2129500
2001-05-25,21.3000,22.2000,21.2300,21.9700,2558200
2001-05-24,22.8500,23.2300,21.3500,21.4400,3613500
2001-05-23,22.2000,22.3800,21.7200,22.2700,2914900
2001-05-22,23.5800,23.5800,22.4300,22.5000,4406500
2001-05-21,24.2000,24.2500,23.6600,24.0500,5476700
2001-05-18,23.2500,24.6000,23.0100,24.0000,6130200
2001-05-17,22.9500,23.2900,22.3500,23.0000,4130800
2001-05-16,21.5000,22.9000,21.4000,22.7100,5899900
2001-05-15,20.9000,21.4500,20.6100,20.8100,1962300
2001-05-14,20.8000,21.1500,20.5700,20.9200,1582600
2001-05-11,21.0500,21.3500,20.5300,20.9800,2140500
2001-05-10,20.2500,21.6100,20.1600,21.3100,5202900
2001-05-09,19.4800,21.5200,19.3800,20.7300,7168200
2001-05-08,18.5000,18.9500,18.4000,18.7700,1026500
2001-05-07,18.1600,18.9900,18.1600,18.4600,1406700
2001-05-04,18.4700,18.8700,18.1300,18.2700,994100
2001-05-03,19.0500,19.1900,18.2600,18.4700,1315200
2001-05-02,18.8500,19.0900,18.5000,18.8100,1766300
2001-05-01,18.2300,19.0200,18.0100,19.0100,1721800
2001-04-30,18.3000,18.3800,17.9500,18.2300,1187600
2001-04-27,18.2800,18.5900,17.9700,18.3900,2402100
2001-04-26,17.1300,18.2900,17.0500,18.2400,2425400
2001-04-25,17.2400,17.2400,16.8800,17.0200,1103300
2001-04-24,16.7000,17.2000,16.7000,17.1500,1472000
2001-04-23,16.7100,16.7800,16.4300,16.7700,783700
2001-04-20,17.0000,17.1000,16.6100,16.7800,1788600
2001-04-19,17.2500,17.4900,16.9100,17.1600,1871300
2001-04-18,16.5000,17.2400,16.2200,17.2000,2357100
2001-04-17,16.7600,16.9700,16.4100,16.7500,1235400
2001-04-16,16.7900,17.1600,16.7900,17.1600,1479700
2001-04-12,16.4900,16.7400,16.3100,16.5500,1224200
2001-04-11,16.5100,16.9300,16.2400,16.2500,2535000
2001-04-10,17.0800,17.3600,16.7000,16.9800,2105100
2001-04-09,17.1500,17.4900,17.0100,17.2100,835600
2001-04-06,17.0200,17.6300,16.9800,17.1500,1730400
2001-04-05,16.9500,17.1400,16.7000,17.1400,1186400
2001-04-04,17.2000,17.3600,16.9500,17.1500,3125000
2001-04-03,15.6300,16.7000,15.5600,16.4600,2326200
2001-04-02,16.0000,16.0000,15.1600,15.3800,1598900
2001-03-30,15.8400,16.1300,15.2800,16.1200,1296400
2001-03-29,15.9600,16.0900,15.6000,15.8400,839700
2001-03-28,15.9000,16.0900,15.5100,15.9600,1157200
2001-03-27,16.5500,16.5500,15.8100,16.0500,1472700
2001-03-26,16.4100,16.5600,16.2000,16.5100,837700
2001-03-23,17.0500,17.1000,16.3900,16.5000,1235700
2001-03-22,16.9500,17.1000,16.8100,17.0500,1921400
2001-03-21,16.7800,17.1500,16.7400,16.9900,2014100
2001-03-20,16.5000,17.1900,16.4700,16.7700,1742700
2001-03-19,16.0600,16.7000,16.0600,16.4900,2124300
2001-03-16,16.7200,16.7900,15.9500,16.0500,2267500
2001-03-15,17.2500,17.2500,16.5000,16.7100,2969300
2001-03-14,17.5900,17.7500,17.1100,17.5000,2339300
2001-03-13,17.4200,17.7400,17.2100,17.5600,2369900
2001-03-12,18.1500,18.6700,18.0000,18.0000,3586700
2001-03-09,19.1000,19.2400,17.9000,17.9900,5050100
2001-03-08,16.9900,18.9300,16.9500,18.8500,4895800
2001-03-07,16.7100,17.0900,16.5100,16.9200,1096400
2001-03-06,16.7500,16.7900,16.4600,16.6800,1178300
2001-03-05,16.5900,17.1000,16.4100,16.9900,1285600
2001-03-02,16.5000,16.9400,16.3900,16.6000,1466300
2001-03-01,16.8300,17.1100,16.6500,16.8800,1759700
2001-02-28,17.0700,17.0700,16.4000,16.8500,2309500
2001-02-27,17.2500,17.6000,16.8300,17.1700,3848800
2001-02-26,16.2500,17.1400,16.1100,17.0700,3740100
2001-02-23,15.3000,16.2900,15.3000,15.9600,4616400
2001-02-22,15.0000,15.3900,14.9100,15.3600,2446400
2001-02-21,15.4000,15.4000,14.7100,15.0100,2225400
2001-02-20,15.1900,15.1900,14.6700,14.8100,1474100
2001-02-16,14.8500,15.3000,14.6200,15.0300,3782000
2001-02-15,14.1500,14.4000,14.0200,14.1300,1461700
2001-02-14,14.4700,14.5400,14.0000,14.0900,1377000
2001-02-13,14.6000,14.9000,14.4500,14.4600,1044000
2001-02-12,14.6500,14.9400,14.5200,14.5600,1202800
2001-02-09,14.4000,14.9000,14.3400,14.4500,1691400
2001-02-08,15.0000,15.1000,14.3100,14.3200,1753900
2001-02-07,14.8500,15.1000,14.4600,15.0800,1631500
2001-02-06,15.0100,15.1000,14.5400,14.9500,1801800
2001-02-05,15.4000,15.4000,15.1100,15.2200,1155800
2001-02-02,15.5000,15.7000,15.3000,15.4400,1709800
2001-02-01,15.7400,15.9200,15.3000,15.6500,2525100
2001-01-31,15.5000,15.6600,15.3600,15.4500,1249600
2001-01-30,15.4800,15.7400,15.2000,15.5900,3242300
2001-01-29,15.7500,15.9000,15.0000,15.1000,1982100
2001-01-26,15.8100,15.8800,15.3100,15.7500,1234500
2001-01-25,15.9400,16.1900,15.6300,15.7500,2086400
2001-01-24,16.5600,16.6300,15.7500,16.0000,2269000
2001-01-23,17.2500,17.3100,16.6900,16.8800,2339500
2001-01-22,16.3100,17.5000,16.3100,17.5000,4216800
2001-01-19,16.5000,16.7500,16.1900,16.3100,1333700
2001-01-18,16.6300,16.7500,16.4400,16.5000,1540600
2001-01-17,16.6900,16.7500,16.5000,16.5000,1423000
2001-01-16,16.8800,17.0000,16.5000,16.8800,1552600
2001-01-12,16.4400,16.9400,16.1300,16.8800,1712700
2001-01-11,16.8100,16.8100,16.5000,16.5600,1182900
2001-01-10,16.6300,17.3100,16.5000,16.8100,3004600
2001-01-09,16.6300,16.7500,16.1300,16.6300,2047200
2001-01-08,16.8800,17.1900,16.7500,16.9400,1066100
2001-01-05,17.1900,17.6300,16.7500,16.8800,1777600
2001-01-04,17.5000,17.8100,17.0000,17.1300,1460600
2001-01-03,17.8800,17.9400,17.3800,17.4400,2462500
2001-01-02,17.3100,18.1900,17.1900,17.9400,2589800
2000-12-29,17.4400,17.5000,17.0000,17.0600,1288200
2000-12-28,17.6900,17.7500,17.3100,17.5600,896600
2000-12-27,17.7500,17.9400,17.3800,17.6900,1046500
2000-12-26,17.8100,18.1200,17.7500,17.9400,1055400
2000-12-22,17.6900,17.6900,17.3800,17.6900,1045700
2000-12-21,18.1900,18.1900,17.4400,17.7500,2343500
2000-12-20,17.3800,18.2500,17.1900,18.1900,3045000
2000-12-19,16.4400,16.7500,16.3100,16.6900,847400
2000-12-18,16.3800,16.6300,16.1900,16.5000,1359500
2000-12-15,15.5000,16.5600,15.5000,16.1900,1920100
2000-12-14,15.5600,16.1900,15.5600,15.7500,1504800
2000-12-13,16.3800,16.4400,15.2500,15.6900,1350400
2000-12-12,16.4400,16.6300,16.3100,16.6300,806000
2000-12-11,16.3800,16.4400,15.7500,16.3100,1131000
2000-12-08,16.5000,16.9400,16.1900,16.6300,1576600
2000-12-07,16.6900,17.0600,16.2500,16.8100,1608800
2000-12-06,15.5600,16.9400,15.3100,16.7500,2455800
2000-12-05,16.0000,16.2500,15.2500,15.4400,2379800
2000-12-04,16.5000,16.9400,16.4400,16.6300,1547000
2000-12-01,15.8800,16.3800,15.5600,16.2500,1605500
2000-11-30,15.6300,15.8800,15.3800,15.6300,1796100
2000-11-29,15.6900,15.8100,14.9400,15.2500,1733400
2000-11-28,15.3800,16.1300,15.3800,16.0600,1975300
2000-11-27,15.1300,15.9400,14.8800,15.6900,2818000
2000-11-24,14.9400,14.9400,14.5600,14.8100,586800
2000-11-22,14.4400,15.3800,14.2500,15.1900,2723700
2000-11-21,13.3100,14.2500,13.3100,14.1300,2476700
2000-11-20,13.4400,13.5600,13.2500,13.3100,634100
2000-11-17,13.7500,13.7500,13.2500,13.2500,1019700
2000-11-16,13.7500,13.8100,13.3100,13.7500,908100
2000-11-15,13.2500,13.5000,12.9400,13.5000,1178100
2000-11-14,13.2500,13.3800,13.0600,13.1300,658400
2000-11-13,13.3800,13.8100,13.2500,13.2500,1275800
2000-11-10,13.7500,13.8800,13.2500,13.4400,1009100
2000-11-09,13.3100,14.2500,13.3100,13.8800,1993400
2000-11-08,13.8100,13.8100,13.3100,13.5000,881700
2000-11-07,13.8800,13.9400,13.5000,13.8100,1495800
2000-11-06,13.2500,13.8100,13.2500,13.7500,1371200
2000-11-03,13.1900,13.4400,13.1300,13.3800,999300
2000-11-02,13.6300,13.6900,13.1900,13.3100,1173300
2000-11-01,13.6300,13.8800,13.2500,13.4400,1545400
2000-10-31,13.8800,13.8800,13.4400,13.5600,1405300
2000-10-30,13.6900,14.1900,13.4400,13.8800,1768100
2000-10-27,13.1900,13.7500,12.9400,13.6900,2939600
2000-10-26,12.9400,13.5000,12.8100,13.3100,1846000
2000-10-25,13.0000,13.1300,12.7500,13.0000,2203400
2000-10-24,13.8800,14.0600,13.3800,13.3800,1580700
2000-10-23,13.9400,14.1300,13.8800,14.0000,1106000
2000-10-20,14.0000,14.1900,13.8100,13.9400,1191500
2000-10-19,14.0000,14.3100,13.8100,14.0000,1135600
2000-10-18,14.7500,14.8100,13.7500,14.0600,2085500
2000-10-17,14.6300,14.6900,14.3100,14.3800,1640900
2000-10-16,14.5600,15.0600,14.4400,14.7500,988200
2000-10-13,15.6900,15.7500,14.6900,14.8100,2343900
2000-10-12,14.8800,16.5000,14.6900,15.8800,5169000
2000-10-11,15.7500,15.8800,14.0000,14.6300,1484900
2000-10-10,15.3100,15.8800,15.1900,15.5600,1310400
2000-10-09,15.0600,15.3800,14.9400,15.1900,1094100
2000-10-06,15.4400,15.6900,14.7500,14.7500,1044000
2000-10-05,15.8800,15.8800,15.1900,15.2500,1319400
2000-10-04,16.0600,16.5000,15.9400,16.1300,981100
2000-10-03,16.3800,16.4400,15.9400,16.0600,1760800
2000-10-02,16.8800,16.9400,16.3800,16.5000,1034300
2000-09-29,16.6900,17.2500,16.5600,17.0000,1302600
2000-09-28,17.3800,17.3800,16.8800,17.0000,1574100
2000-09-27,16.3800,17.7500,16.3800,17.6300,2954100
2000-09-26,16.8100,16.9400,16.3800,16.3800,1240500
2000-09-25,16.7500,16.9400,16.5000,16.6300,921600
2000-09-22,17.5000,17.6900,16.7500,16.8100,1614200
2000-09-21,16.9400,17.1300,16.6900,17.1300,1163700
2000-09-20,17.2500,17.4400,16.5600,16.6300,1804300
2000-09-19,17.8100,17.9400,17.1900,17.1900,1446000
2000-09-18,17.9400,18.1300,17.6300,18.0000,1112200
2000-09-15,18.0000,18.3800,17.8100,17.8100,1563900
2000-09-14,18.4400,18.4400,18.0600,18.1300,547900
2000-09-13,18.6900,18.7500,18.2500,18.3800,895300
2000-09-12,19.4400,19.8100,18.5600,18.7500,1661400
2000-09-11,19.5000,19.6300,19.1300,19.5600,1370500
2000-09-08,18.6900,19.7500,18.5600,19.5600,1849200
2000-09-07,19.2500,19.3100,18.6300,18.8800,1426500
2000-09-06,18.4400,19.4400,18.3100,19.3800,1148300
2000-09-05,18.5600,18.6900,18.3800,18.5600,998600
2000-09-01,18.4400,18.7500,18.3100,18.6900,806700
2000-08-31,18.0000,19.0000,18.0000,18.5600,3363500
2000-08-30,17.6300,17.6900,17.3800,17.6900,565300
2000-08-29,17.6900,17.8800,17.5000,17.5000,746900
2000-08-28,17.9400,18.1300,17.7500,17.7500,597700
2000-08-25,18.0000,18.1900,17.9400,18.0000,731300
2000-08-24,17.9400,18.3100,17.8100,17.8800,1318900
2000-08-23,17.9400,18.1300,17.6300,17.7500,746600
2000-08-22,17.7500,18.1300,17.5600,17.6900,885600
2000-08-21,18.1300,18.1900,17.8100,17.8800,887400
2000-08-18,18.1900,18.4400,18.1300,18.1300,848400
2000-08-17,19.0000,19.0000,18.4400,18.5600,726700
2000-08-16,18.8800,19.1900,18.6300,18.9400,1619000
2000-08-15,18.6300,18.7500,18.1900,18.6300,1142000
2000-08-14,18.6900,18.6900,18.0600,18.6300,740800
2000-08-11,17.8800,18.8100,17.6900,18.6900,1372100
2000-08-10,17.3800,17.9400,17.3800,17.8100,661300
2000-08-09,17.4400,17.6900,17.3100,17.4400,457000
2000-08-08,17.5600,17.6900,17.3100,17.6900,415000
2000-08-07,17.5600,17.8100,17.4400,17.5600,453500
2000-08-04,17.2500,17.5600,16.9400,17.4400,830100
2000-08-03,18.1900,18.1900,17.0000,17.0600,1399300
2000-08-02,18.0600,18.3100,17.6300,18.1900,960100
2000-08-01,17.8800,18.0000,17.5600,17.9400,701500
2000-07-31,18.1300,18.1900,17.6300,17.6900,799100
2000-07-28,17.5600,18.1300,17.5600,18.1300,1206400
2000-07-27,17.8100,18.0000,17.4400,17.5600,1260000
2000-07-26,17.6300,17.7500,17.3800,17.6300,1750000
2000-07-25,17.9400,18.0000,17.3800,17.4400,1010600
2000-07-24,18.0000,18.0600,17.5600,17.6300,1562400
2000-07-21,18.1900,18.3800,17.6900,17.7500,1274100
2000-07-20,18.9400,19.0600,18.0000,18.1900,1902300
2000-07-19,19.2500,19.2500,18.8100,18.9400,919800
2000-07-18,19.3800,19.8800,19.3100,19.4400,886500
2000-07-17,19.5000,19.6900,19.3100,19.4400,1149300
2000-07-14,20.0600,20.1900,19.1900,19.3800,1176800
2000-07-13,20.1300,20.5000,19.9400,20.1300,680800
2000-07-12,20.5000,20.5000,19.8800,20.0600,1148800
2000-07-11,20.0000,20.8800,19.8100,20.8800,1052400
2000-07-10,20.0600,20.3800,19.6900,20.0000,776800
2000-07-07,20.3800,20.5000,19.8800,19.9400,630900
2000-07-06,20.3800,20.6300,20.0600,20.2500,1140300
2000-07-05,21.0000,21.1300,19.8800,19.9400,1218300
2000-07-03,21.6900,21.6900,21.3100,21.5000,185200
2000-06-30,21.2500,21.8800,21.0600,21.6300,976000
2000-06-29,22.5600,22.6300,21.0600,21.1900,1480900
2000-06-28,22.0000,23.0000,21.6900,22.7700,2254100
2000-06-27,21.2500,21.8100,20.8800,21.7500,1280300
2000-06-26,21.6300,21.6900,21.1300,21.2500,900000
2000-06-23,21.8800,22.1300,21.0000,21.5600,1112100
2000-06-22,22.6300,22.9700,21.8100,21.9400,1398900
2000-06-21,22.8800,23.1300,22.1300,22.4400,1744100
2000-06-20,23.3100,23.4400,22.6900,23.0600,965000
2000-06-19,23.8800,23.8800,23.0000,23.0600,1124200
2000-06-16,24.1300,24.7500,24.0000,24.2100,1093200
2000-06-15,24.1300,24.3800,23.8100,24.2500,1100500
2000-06-14,24.5000,25.2500,24.1900,24.5600,1365000
2000-06-13,25.7500,25.8100,24.0600,24.2500,1741700
2000-06-12,23.8800,24.9400,23.8800,24.7500,1114900
2000-06-09,24.6900,24.8100,23.7500,23.8100,644100
2000-06-08,23.8800,24.9400,23.8800,24.4400,796800
2000-06-07,24.8100,25.0600,24.1300,24.2500,1582900
2000-06-06,26.2500,26.5000,25.1900,25.5000,2213700
2000-06-05,24.2500,25.9400,23.5000,25.5000,2527100
2000-06-02,23.6300,24.4400,23.5000,23.6300,2025200
2000-06-01,23.1900,23.3800,22.9400,23.0000,909600
2000-05-31,24.1900,24.3100,23.3100,23.3800,1577800
2000-05-30,24.4400,24.7500,24.0600,24.0600,935000
2000-05-26,24.3800,25.1300,24.1300,24.3800,902800
2000-05-25,25.0000,25.2500,24.3800,24.6300,885700
2000-05-24,25.2500,25.8800,24.6900,24.8800,1396000
2000-05-23,24.7500,25.6900,24.5600,25.4400,1332100
2000-05-22,24.8100,26.3800,24.6300,24.8800,2112800
2000-05-19,24.3100,25.4400,24.2500,24.6900,1315500
2000-05-18,24.1900,24.6900,24.0000,24.0600,988400
2000-05-17,25.0000,25.1300,24.0600,24.0600,801300
2000-05-16,25.2500,25.8800,25.0000,25.3100,1072300
2000-05-15,25.1300,26.1300,24.8100,25.3100,1499800
2000-05-12,26.0000,26.3800,24.6900,25.1300,1693500
2000-05-11,26.1900,26.1900,25.1300,26.0000,1151400
2000-05-10,27.0600,27.7500,26.3100,26.6900,1516000
2000-05-09,26.3100,27.5000,26.0600,26.8800,1749600
2000-05-08,26.0600,26.7500,25.6900,26.6900,1191100
2000-05-05,27.3800,27.5000,25.4400,26.4400,2215500
2000-05-04,26.5000,28.3800,26.3100,27.7500,3529600
2000-05-03,25.2500,27.1300,25.0000,26.2500,3493600
2000-05-02,23.7500,27.0000,23.7500,26.3800,3672600
2000-05-01,23.3100,23.4400,22.8800,23.4400,1073700
2000-04-28,23.0000,23.4400,22.9400,23.4400,1087000
2000-04-27,24.5000,24.5000,23.3100,24.0000,1667100
2000-04-26,22.8800,23.8800,22.8100,23.6300,822000
2000-04-25,24.0000,24.0000,22.7500,23.1900,1199800
2000-04-24,24.0600,24.4400,23.9400,24.0600,785200
2000-04-20,24.0000,24.6900,23.7500,23.8100,1061100
2000-04-19,23.1900,24.1300,23.1300,24.0600,1135000
2000-04-18,23.5600,23.5600,22.5000,23.5000,1382200
2000-04-17,22.6900,23.5000,22.2500,23.3800,2094700
2000-04-14,22.1900,22.9400,22.1300,22.3100,2650500
2000-04-13,22.5000,22.6300,21.2500,21.3100,2369000
2000-04-12,23.0000,23.5600,22.3800,22.4400,1779600
2000-04-11,23.2500,23.6900,23.1900,23.3800,932600
2000-04-10,23.5000,23.5600,23.0000,23.0600,976600
2000-04-07,23.0600,23.5000,22.7500,23.1900,715200
2000-04-06,23.3800,23.4400,22.8100,23.0600,549100
2000-04-05,23.5000,23.7500,22.8800,23.6300,1095200
2000-04-04,22.2500,24.3100,22.0000,23.5000,2355700
2000-04-03,22.3800,22.7500,22.1300,22.4400,1063500
2000-03-31,22.3100,23.0600,22.3100,22.4400,1074300
2000-03-30,22.3100,22.8100,22.3100,22.3800,915300
2000-03-29,22.6300,23.4400,22.0600,22.3100,1840700
2000-03-28,22.8100,22.8800,22.5600,22.6300,1082200
2000-03-27,23.0600,23.1300,22.5000,22.6900,1200900
2000-03-24,23.0000,23.8100,23.0000,23.3800,936600
2000-03-23,23.0000,23.1300,22.6300,23.0000,1091500
2000-03-22,23.3800,23.6300,23.2500,23.3100,1305400
2000-03-21,23.0000,24.3100,22.8800,24.1300,1724600
2000-03-20,22.9400,23.3100,22.7500,23.0000,1118300
2000-03-17,22.8800,23.3100,22.3100,22.8100,1405100
2000-03-16,23.7500,23.7500,22.5000,22.7500,1426500
2000-03-15,24.2500,24.4400,23.6300,23.8800,649800
2000-03-14,24.0000,24.3100,23.5000,24.3100,907300
2000-03-13,23.6300,24.3100,23.5000,23.6900,899800
2000-03-10,23.5000,23.8100,23.0600,23.2500,1048900
2000-03-09,23.5000,24.1900,23.4400,24.0000,1111200
2000-03-08,23.7500,24.6900,23.1900,23.3100,1810700
2000-03-07,22.3800,24.8800,22.3800,24.4400,2578900
2000-03-06,21.5600,22.2500,21.5000,22.0000,464200
2000-03-03,21.5600,22.1900,21.4400,21.5600,765000
2000-03-02,22.0000,22.3100,21.1900,21.6300,1231400
2000-03-01,22.0600,22.6300,22.0600,22.6300,681700
2000-02-29,22.3800,22.6900,21.8800,22.1300,980900
2000-02-28,22.4400,23.0600,22.0600,22.1300,1258900
2000-02-25,22.5000,22.5600,22.0600,22.3100,1001700
2000-02-24,23.3800,23.5600,22.8800,23.1900,1593000
2000-02-23,24.5000,24.6300,23.2500,23.2500,1700800
2000-02-22,24.2500,25.9400,23.8800,25.0600,2265500
2000-02-18,23.6300,24.6900,23.4400,24.5000,1470000
2000-02-17,24.3800,24.5000,23.0000,23.0600,1133600
2000-02-16,24.4400,24.6900,23.1900,24.2500,1374600
2000-02-15,22.8100,24.1900,22.1900,24.0000,1736300
2000-02-14,23.8800,23.8800,23.0000,23.1900,1458800
2000-02-11,24.1900,24.5000,23.6300,23.9400,1541200
2000-02-10,24.1900,25.1300,23.3800,24.6300,2603400
2000-02-09,23.4400,24.3800,23.1900,23.8800,2560300
2000-02-08,22.6300,22.6300,22.0000,22.0000,1513600
2000-02-07,25.4400,25.4400,22.6300,22.7500,4931900
2000-02-04,24.0000,24.6300,22.3100,24.0000,5190800
2000-02-03,20.8100,21.3800,20.3100,21.2500,1779500
2000-02-02,20.3800,21.0600,20.3100,20.8800,1665000
2000-02-01,20.1300,20.1300,19.6300,19.8800,925900
2000-01-31,20.2500,20.5000,20.0600,20.3800,914500
2000-01-28,21.4400,21.6900,19.7500,20.0600,1453500
2000-01-27,20.1300,21.4400,19.7500,21.4400,1753900
2000-01-26,19.9400,19.9400,19.4400,19.6300,1015800
2000-01-25,20.5000,20.5000,19.1300,19.3800,1482500
2000-01-24,20.2500,20.6900,20.1300,20.5000,1240000
2000-01-21,20.9400,21.3800,20.8100,21.1900,1359300
2000-01-20,21.1900,21.2500,20.6900,21.0600,1913300
2000-01-19,22.1300,22.1900,21.5600,21.8800,1759200
2000-01-18,21.0600,22.1300,20.9400,22.1300,3087200
2000-01-14,21.3800,21.4400,20.5000,20.8100,3470900
2000-01-13,22.1300,22.1300,21.2500,21.3800,3962600
2000-01-12,22.1900,22.3100,21.8100,22.1300,2195200
2000-01-11,21.6300,22.5600,21.5000,22.5000,1595500
2000-01-10,21.5000,21.6900,21.3100,21.3800,1222900
2000-01-07,22.5000,22.6900,21.2500,21.4400,1528800
2000-01-06,22.0600,22.3800,21.9400,22.2500,1688400
2000-01-05,22.5000,23.1900,22.5000,23.0600,1180300
2000-01-04,23.2500,23.6300,22.1900,22.2500,1783800
2000-01-03,24.0000,24.1900,23.7500,24.0600,906900
1999-12-31,24.7500,24.7500,24.2500,24.5000,298600
1999-12-30,24.7500,25.0000,24.2500,24.2500,842300
1999-12-29,25.0000,25.3800,24.3800,24.8100,875400
1999-12-28,25.0000,25.4400,24.6900,24.8100,949200
1999-12-27,24.0000,24.9400,23.7500,24.7500,1135800
1999-12-23,23.6300,24.0000,23.5000,23.6300,576800
1999-12-22,24.1900,24.1900,23.1300,23.2500,1001700
1999-12-21,23.2500,24.5000,23.1300,24.2500,1180400
1999-12-20,24.5000,24.6300,23.6900,23.8100,576900
1999-12-17,25.0000,25.1900,24.3100,24.4400,1478800
1999-12-16,23.1900,24.7500,23.0600,24.4400,1638000
1999-12-15,22.3800,23.6900,22.1900,23.1300,1280400
1999-12-14,23.3100,23.3800,22.2500,22.4400,778100
1999-12-13,22.3100,23.5000,22.3100,23.5000,976400
1999-12-10,22.6300,22.7500,22.3800,22.4400,445600
1999-12-09,22.8800,22.8800,22.1300,22.1900,668600
1999-12-08,23.1300,23.6300,22.8800,23.0600,982700
1999-12-07,21.8800,23.5600,21.8800,23.5000,2179700
1999-12-06,21.2500,21.8100,21.2500,21.6900,909600
1999-12-03,22.3100,22.7500,22.0000,22.1300,954600
1999-12-02,22.8800,22.8800,22.0000,22.6300,1101800
1999-12-01,23.4400,23.5600,22.9400,22.9400,940400
1999-11-30,23.5000,23.6900,23.2500,23.6900,974600
1999-11-29,23.0000,23.6300,22.2500,23.5600,2629200
1999-11-26,24.8100,25.1300,24.3100,24.9400,968800
1999-11-24,23.6900,25.0000,23.3800,24.9400,2410100
1999-11-23,21.8100,23.2500,21.6900,23.2500,1776000
1999-11-22,21.7500,22.1900,21.2500,21.2500,1090200
1999-11-19,21.9400,22.3800,21.5000,21.8100,951900
1999-11-18,21.8100,22.3800,21.8100,22.0000,463200
1999-11-17,22.7500,23.1900,21.7500,21.9400,1344800
1999-11-16,23.3800,23.5000,22.5000,22.7500,1226400
1999-11-15,22.0000,23.2500,21.9400,23.0000,1346600
1999-11-12,22.0000,22.5600,21.0600,21.9400,1138200
1999-11-11,22.8800,22.8800,21.9400,22.2500,1462200
1999-11-10,21.8100,23.2500,21.7500,23.0000,2713400
1999-11-09,21.2500,22.2500,21.0000,21.6300,2618100
1999-11-08,20.5000,21.3100,20.3800,21.3100,2036100
1999-11-05,21.1300,21.2500,20.5600,20.5600,1063800
1999-11-04,21.5000,21.5000,20.9400,21.3800,1502200
1999-11-03,21.8100,21.8100,21.1900,21.5000,914100
1999-11-02,20.7500,21.5600,20.6300,21.5600,1551700
1999-11-01,21.1900,21.4400,20.5000,20.6300,1742300
