timestamp,open,high,low,close,volume
2020-11-25,134.2500,135.7999,133.6200,135.5400,4484836
2020-11-24,135.0000,135.9900,134.2100,134.7000,7138180
2020-11-23,134.3800,134.8900,133.0900,134.1300,6119342
2020-11-20,133.3000,133.5300,131.9100,132.9800,4320046
2020-11-19,131.9200,132.1100,129.9300,131.9100,4642765
2020-11-18,133.0700,133.9800,131.5300,131.6300,5573008
2020-11-17,130.4800,132.6000,129.1100,132.2100,7002945
2020-11-16,129.4600,130.3200,127.3700,130.1100,6116435
2020-11-13,127.9100,128.6000,126.8300,128.2800,3986719
2020-11-12,126.6200,127.8386,125.6250,126.6400,4797416
2020-11-11,128.6900,129.7985,127.1800,127.6600,6058668
2020-11-10,130.0500,130.1150,126.2500,127.7100,8014744
2020-11-09,135.0600,136.3500,128.7652,128.9500,7491728
2020-11-06,129.9100,129.9100,128.3477,128.9000,2954049
2020-11-05,129.1900,130.4100,128.4600,129.7000,3940003
2020-11-04,125.3300,128.9300,125.2600,127.3400,5061798
2020-11-03,124.0100,125.5000,123.1900,124.5900,3490891
2020-11-02,122.3700,124.1000,121.1000,122.3900,4740373
2020-10-30,123.6600,123.6600,118.8000,120.0800,7792405
2020-10-29,122.2800,124.1900,121.1500,122.8600,4947049
2020-10-28,125.2800,126.4000,121.0400,122.0800,8618312
2020-10-27,128.7800,129.4900,127.9000,127.9900,2985686
2020-10-26,129.0600,129.6200,126.6800,128.3700,5422455
2020-10-23,130.0000,130.6000,128.6500,129.9900,4046580
2020-10-22,129.6000,130.2600,128.8601,130.0200,2870984
2020-10-21,128.5000,131.3800,128.4500,129.4300,4916342
2020-10-20,128.0000,129.9000,127.7200,128.4900,3800038
2020-10-19,129.1000,129.7800,127.0500,127.4300,5160899
2020-10-16,129.5100,130.1900,127.5500,128.0000,6011173
2020-10-15,126.4800,129.0999,126.1100,129.0000,4236054
2020-10-14,129.5300,129.6000,127.0100,127.6600,3587295
2020-10-13,128.0500,129.8700,127.9600,129.2000,4245130
2020-10-12,131.1900,131.3400,129.2600,129.4600,5136511
2020-10-09,129.9900,131.1900,129.3254,130.9800,4293374
2020-10-08,130.4000,130.9289,129.5100,129.7100,3595578
2020-10-07,128.4000,130.4100,128.2500,130.0600,4390483
2020-10-06,128.8400,130.4400,127.2654,127.6500,5978001
2020-10-05,127.0700,128.5000,126.4500,127.9100,8270269
2020-10-02,124.3500,126.8000,123.5900,126.6400,7491067
2020-10-01,127.7300,127.7300,125.3100,126.6400,5637175
2020-09-30,126.1000,127.2800,125.1647,125.5400,8699679
2020-09-29,124.3400,127.1000,123.9600,126.3500,7799668
2020-09-28,125.1600,126.1900,123.8850,124.3200,7524978
2020-09-25,123.6500,124.7500,122.2700,124.2300,9182784
2020-09-24,126.4400,127.5400,123.3000,124.7500,13485768
2020-09-23,130.2200,130.3800,125.2600,127.1100,37822653
2020-09-22,113.1000,117.2000,112.8500,116.8700,13007208
2020-09-21,112.9500,114.0600,111.7400,113.3700,8486367
2020-09-18,115.4300,117.9100,114.4900,114.6600,12876565
2020-09-17,117.3400,118.5500,115.8000,116.3600,7376390
2020-09-16,118.3100,119.6900,118.1600,118.5900,7027588
2020-09-15,119.7000,120.4800,119.1800,119.2700,5934181
2020-09-14,118.5000,119.9300,118.1700,119.2800,4990315
2020-09-11,116.7600,119.2500,116.4200,118.0000,8565234
2020-09-10,115.9000,118.2270,113.9975,114.7900,5033067
2020-09-09,113.0200,116.2100,112.8300,114.9000,5997890
2020-09-08,111.2900,113.8400,110.5400,112.7200,5300108
2020-09-04,112.9600,113.7500,110.2100,112.4000,5157736
2020-09-03,116.8000,116.9000,112.0000,112.8500,7264372
2020-09-02,115.0600,117.4100,114.5000,116.8000,6775355
2020-09-01,112.0000,114.9000,111.8300,114.8400,4913969
2020-08-31,112.1400,112.5200,111.1400,111.8900,3519833
2020-08-28,111.0100,112.6700,110.5700,112.2900,3731407
2020-08-27,111.9900,112.7900,110.5000,110.8400,4391019
2020-08-26,111.9200,112.0900,111.2900,111.5300,4477854
2020-08-25,112.0000,112.2800,111.0900,111.5100,4380921
2020-08-24,110.0000,112.0000,109.9000,111.8300,8173259
2020-08-21,108.0000,109.7700,107.7500,109.7500,5563994
2020-08-20,107.5600,108.7400,107.3500,108.0100,4304290
2020-08-19,107.6900,109.6900,107.3500,108.3900,9508077
2020-08-18,106.4600,107.0000,105.4700,106.9700,5023006
2020-08-17,106.5000,106.5000,105.1150,105.6600,3004736
2020-08-14,106.1200,106.7800,105.4600,106.4300,2985847
2020-08-13,105.3000,106.9900,105.2000,106.5200,4281727
2020-08-12,105.7200,105.8900,103.3800,105.2200,4715042
2020-08-11,106.8500,107.3299,104.8600,105.1200,5400716
2020-08-10,102.4700,106.8300,102.4000,105.4100,12677962
2020-08-07,101.0000,101.9100,99.8900,101.8600,5545605
2020-08-06,100.6400,101.1800,100.0300,100.4500,4061160
2020-08-05,97.1200,101.2500,97.0800,100.9400,7227111
2020-08-04,97.7900,97.9500,96.5500,97.3300,7539319
2020-08-03,98.0300,99.2900,97.8200,98.3300,5474074
2020-07-31,96.8900,97.6500,96.3000,97.6100,5510394
2020-07-30,96.4700,97.2300,95.7965,96.8200,4018367
2020-07-29,96.4300,97.5500,96.2950,96.9700,6872745
2020-07-28,96.9500,97.4700,96.1600,96.2700,3822584
2020-07-27,96.9600,98.4000,96.8900,97.2100,4273442
2020-07-24,98.1400,99.3600,97.7007,98.4300,5638435
2020-07-23,98.3500,100.1800,97.7200,98.3000,4530464
2020-07-22,98.1600,98.9900,97.9100,98.9100,4097303
2020-07-21,96.9200,99.0000,96.1000,98.3600,5857100
2020-07-20,95.5000,96.3500,95.1100,95.6500,5822300
2020-07-17,96.9500,97.2300,96.0400,96.2800,7405700
2020-07-16,97.5000,98.2300,97.0400,97.2600,3594700
2020-07-15,98.4100,99.0400,97.3100,98.5400,5343700
2020-07-14,96.3300,97.2500,95.5100,96.7600,4850600
2020-07-13,98.2500,98.9400,96.2600,96.4600,4845600
2020-07-10,97.0000,98.0500,95.7200,97.9900,3967000
2020-07-09,98.5500,98.9100,96.3700,96.9900,6282300
2020-07-08,97.5000,98.9800,96.9600,98.8400,5634600
2020-07-07,99.2200,99.5500,96.9200,97.0700,6352900
2020-07-06,99.6200,100.0300,99.0400,99.9500,4995000
2020-07-02,98.7800,99.6600,98.0200,98.4300,5354900
2020-07-01,98.5000,98.7200,97.1100,97.4000,5733800
2020-06-30,96.0000,98.3000,95.6400,98.0500,9065500
2020-06-29,93.7000,96.0000,93.7000,95.8700,9624172
2020-06-26,98.5000,98.7800,93.5700,93.6700,24918500
2020-06-25,99.2300,101.6800,98.8000,101.4000,11531400
2020-06-24,100.9400,101.8500,98.0900,100.0800,8611600
2020-06-23,101.1500,102.2200,100.7100,101.9200,6499000
2020-06-22,96.8500,99.5400,96.0200,99.5100,6918200
2020-06-19,99.9700,99.9800,95.7800,95.7800,10304000
2020-06-18,98.6900,99.4200,97.8500,98.4500,4392400
2020-06-17,99.0000,100.2400,98.8900,99.2100,3404700
2020-06-16,101.2500,101.3400,97.7200,99.0400,6054400
2020-06-15,93.9000,98.0800,93.4400,97.8400,8645300
2020-06-12,97.8000,97.8000,94.7400,96.4300,7415700
2020-06-11,98.3800,98.9900,94.8800,95.1700,10976900
2020-06-10,103.0000,103.1500,101.7100,102.1200,5194200
2020-06-09,102.8200,103.7700,102.4300,102.6300,5385900
2020-06-08,103.0500,104.3000,102.7100,104.2900,6165400
2020-06-05,104.0000,104.6900,102.1300,102.7100,8363600
2020-06-04,103.6600,103.9000,100.4700,101.2800,8775000
2020-06-03,101.2600,104.5500,101.1200,104.1100,5867700
2020-06-02,99.4200,100.8800,98.8200,100.7400,10798700
2020-06-01,98.4000,99.7800,97.8900,99.5400,4295400
2020-05-29,98.1900,99.2500,96.9300,98.5800,10333400
2020-05-28,100.0900,100.6900,98.2500,98.4600,7260700
2020-05-27,98.1200,99.9900,97.6200,99.8700,7915900
2020-05-26,95.9800,97.4300,95.2800,96.6200,7185200
2020-05-22,94.4200,94.6500,93.3500,93.7500,4049500
2020-05-21,92.8800,94.3800,92.3700,94.2600,7504300
2020-05-20,93.2000,93.8600,92.7000,92.9500,6347000
2020-05-19,90.8500,93.8200,90.8200,91.5100,6514100
2020-05-18,90.4900,91.6000,89.8800,91.0400,8519600
2020-05-15,85.2500,87.2300,84.8800,86.9900,9165000
2020-05-14,85.0000,86.5800,84.1100,86.5500,7431800
2020-05-13,87.3800,87.7400,85.2000,86.0200,6739800
2020-05-12,91.5300,91.6700,88.1500,88.2600,5622600
2020-05-11,89.4500,91.4200,89.1400,90.9300,4937600
2020-05-08,90.1100,90.6400,89.5900,90.4600,5489400
2020-05-07,89.4000,90.2400,88.3800,88.5600,4565900
2020-05-06,88.0500,88.6900,87.4300,88.4400,7342300
2020-05-05,86.5400,88.5300,86.0300,87.2000,6321500
2020-05-04,84.6800,85.8000,84.3100,85.7500,6348900
2020-05-01,85.6700,86.1100,84.8100,85.5400,6151200
2020-04-30,87.0000,88.0000,86.5100,87.1800,9371400
2020-04-29,90.0000,91.3900,87.8300,88.0700,9461400
2020-04-28,90.5500,90.7100,88.6300,88.8000,5145400
2020-04-27,88.3800,89.8700,87.3100,89.3700,6875100
2020-04-24,88.8900,89.1200,87.6500,88.3700,4450100
2020-04-23,88.9400,89.5300,87.2600,87.3500,5343500
2020-04-22,86.9800,89.4400,86.4200,88.7700,6463900
2020-04-21,85.9900,86.9000,85.0900,85.2000,6597000
2020-04-20,88.4300,89.4400,87.5200,87.9000,7244400
2020-04-17,89.0000,90.2500,88.3600,89.9100,8111400
2020-04-16,85.4300,86.5300,84.5500,86.3000,9373800
2020-04-15,84.8700,85.8800,83.7100,85.0400,8053900
2020-04-14,85.9500,87.7700,85.4800,87.4700,6397200
2020-04-13,85.8000,85.9900,84.1400,84.4600,5077600
2020-04-09,86.6900,87.3900,85.1600,86.7900,7773600
2020-04-08,84.7000,85.7700,83.6100,85.3000,6642700
2020-04-07,88.7000,88.8700,84.0300,84.1600,10468100
2020-04-06,81.9100,85.0400,81.2100,84.6300,11266500
2020-04-03,79.3600,79.7900,77.9100,78.8600,8476900
2020-04-02,79.0000,81.6000,77.1600,80.1400,12731300
2020-04-01,79.4900,81.1800,78.5300,79.2300,9771300
2020-03-31,85.1300,85.7300,82.4000,82.7400,9610100
2020-03-30,84.0000,85.9600,81.5000,85.3800,10960100
2020-03-27,81.7000,85.7400,79.5100,83.2300,14183400
2020-03-26,80.1700,86.8600,80.0100,84.3000,17200800
2020-03-25,80.1100,83.4900,76.2000,79.0100,27053200
2020-03-24,65.7000,72.6600,64.0000,72.3300,18849500
2020-03-23,65.0000,66.8800,60.5800,62.8000,17690000
2020-03-20,71.5100,74.0600,67.2000,67.4500,15761900
2020-03-19,67.0400,72.7100,64.1500,70.3400,16177200
2020-03-18,64.7900,68.3300,60.0000,68.0400,19498800
2020-03-17,67.5100,73.3300,62.4000,69.8400,17122100
2020-03-16,65.2800,72.9700,63.3700,66.7900,17976700
2020-03-13,78.2000,78.2000,71.7600,75.5800,21859600
2020-03-12,78.2300,78.4900,73.0000,74.2000,21534800
2020-03-11,84.0000,84.6300,82.0700,84.0000,16172000
2020-03-10,86.6900,88.4000,82.8800,88.3000,12755900
2020-03-09,81.8900,86.7400,80.9200,84.1100,13272700
2020-03-06,88.3600,89.3900,85.8800,88.3600,12336400
2020-03-05,91.2600,91.6800,89.9400,90.5800,8851100
2020-03-04,92.0800,93.8200,90.8400,93.7900,6904400
2020-03-03,92.7400,94.9800,90.5700,90.9300,14767600
2020-03-02,89.6000,93.1400,87.9100,92.6800,14102000
2020-02-28,86.0300,89.4700,85.1500,89.3800,16565700
2020-02-27,90.0000,93.0600,88.5000,88.5500,12825700
2020-02-26,93.0800,94.6500,91.9900,92.0000,9308400
2020-02-25,96.3500,96.7600,92.6200,92.9000,9602100
2020-02-24,95.5400,97.0700,95.2500,95.9100,8364200
2020-02-21,102.0000,102.0800,99.6300,100.2500,5750900
2020-02-20,102.4600,102.6300,100.5500,102.5300,6427600
2020-02-19,102.6600,103.3900,102.4300,102.4600,6200500
2020-02-18,103.0000,103.3800,101.6100,102.0000,4916200
2020-02-14,103.5300,103.8900,102.4500,103.5400,4305300
2020-02-13,102.5100,103.7400,101.6800,103.3700,5386800
2020-02-12,100.7400,103.0800,100.4400,103.0000,8075600
2020-02-11,100.0700,100.3500,99.4400,100.0200,4871800
2020-02-10,99.2200,100.5100,99.0000,100.0200,4213900
2020-02-07,99.8100,100.4000,98.9700,99.4400,4121800
2020-02-06,100.9000,101.5300,100.1600,100.2700,5641800
2020-02-05,101.7600,101.9700,99.5300,100.5400,6108300
2020-02-04,101.9100,102.7800,101.2600,101.3800,6559600
2020-02-03,99.0000,100.9200,98.5700,99.2700,9727700
2020-01-31,98.1100,98.4500,95.9200,96.3000,8780300
2020-01-30,99.0200,99.7500,97.3700,98.1900,7065100
2020-01-29,101.0700,101.3000,99.1700,99.8400,4503700
2020-01-28,100.3400,101.0500,99.5200,100.4100,5673200
2020-01-27,98.2100,100.7100,98.0100,100.2400,9841400
2020-01-24,103.5900,103.8900,101.6600,102.0300,3839300
2020-01-23,104.0300,104.3700,102.6200,103.0200,7102900
2020-01-22,105.0000,105.6200,104.4200,104.4900,5031400
2020-01-21,104.2500,104.6900,103.8100,104.5800,4854700
2020-01-17,103.4300,104.5500,103.3400,104.5300,6271200
2020-01-16,102.8800,103.5700,102.8500,103.3700,6571700
2020-01-15,103.2500,103.7000,102.4800,102.7900,4209200
2020-01-14,102.4500,103.8900,102.3500,102.9200,5088500
2020-01-13,101.0000,102.3400,100.8200,102.1600,6722400
2020-01-10,101.8900,101.9300,100.7600,100.9000,5135300
2020-01-09,101.9400,102.4100,101.3900,101.4800,5007500
2020-01-08,101.3100,102.1400,100.8500,101.5500,4942200
2020-01-07,101.8100,102.7400,100.8100,101.7800,6719900
2020-01-06,100.9500,101.8400,100.8700,101.8300,4612400
2020-01-03,100.5900,102.0000,100.3100,101.9200,4541800
2020-01-02,101.3600,102.2100,101.0200,102.2000,5644100
2019-12-31,100.5800,101.3900,100.5100,101.3100,3213600
2019-12-30,101.5400,101.6100,100.4600,100.8000,3495200
2019-12-27,101.0000,101.7900,100.9900,101.5700,5307500
2019-12-26,100.3400,100.7500,100.1100,100.7100,3709900
2019-12-24,99.8300,100.6600,99.7600,100.1400,3328100
2019-12-23,100.2300,100.6900,99.5500,100.0400,6350500
2019-12-20,101.0000,101.4000,98.8500,99.9600,17641600
2019-12-19,100.5000,101.2700,99.6300,101.1500,12214500
2019-12-18,100.2000,100.7900,99.5800,100.5700,7332000
2019-12-17,99.3800,100.1700,99.0500,99.6500,7050700
2019-12-16,98.1400,99.3400,98.0600,98.8100,8211300
2019-12-13,97.4300,98.2900,96.9100,97.7700,5247600
2019-12-12,97.3200,98.1800,96.9000,97.7200,4762800
2019-12-11,96.9000,97.3200,96.6500,97.1800,4319700
2019-12-10,96.7600,97.5900,96.6300,97.0100,4234300
2019-12-09,97.0200,97.6300,96.1600,96.6300,6517800
2019-12-06,96.5600,97.3100,96.3800,97.0000,6368500
2019-12-05,95.8800,95.9500,94.6800,95.7900,6946000
2019-12-04,92.8100,93.7900,92.7300,93.7200,4456400
2019-12-03,92.4800,92.5500,91.3100,92.4600,5570700
2019-12-02,94.0900,94.2800,92.9800,93.5600,3892000
2019-11-29,94.3700,94.6100,93.3900,93.4900,2541800
2019-11-27,93.5000,94.3800,93.5000,94.1400,4017400
2019-11-26,93.3800,93.6300,93.0200,93.3300,5907400
2019-11-25,93.7800,93.9700,92.7400,92.9000,5419700
2019-11-22,92.2100,93.3500,91.9300,93.3400,4264400
2019-11-21,92.6200,93.3000,92.0700,92.1600,5493100
2019-11-20,94.1100,94.4000,92.7700,93.0500,6235400
2019-11-19,94.6100,95.1200,93.0600,93.6100,5368400
2019-11-18,93.5000,94.2600,92.9100,94.1800,6165600
2019-11-15,92.1400,93.5600,91.9600,93.0400,6785500
2019-11-14,91.4900,91.9600,90.7200,91.2700,6035300
2019-11-13,89.7300,91.5500,89.5700,91.2900,5923600
2019-11-12,90.3100,92.0300,89.4900,89.5000,3979600
2019-11-11,89.3700,90.1000,89.3700,90.0500,3247300
2019-11-08,90.2800,90.3500,89.2900,89.8100,4555400
2019-11-07,90.4700,90.6000,89.7700,90.4000,7110000
2019-11-06,90.6400,90.7200,88.7400,89.4800,7033800
2019-11-05,90.1500,90.3400,89.5400,89.8800,5589700
2019-11-04,90.1300,90.5600,89.3200,89.8600,8161200
2019-11-01,90.1800,90.5300,89.0000,89.1800,5263600
2019-10-31,90.0000,90.4100,88.9400,89.5500,6751700
2019-10-30,89.4500,90.2700,89.3500,90.1900,8127300
2019-10-29,90.8500,90.9200,89.1300,89.2800,9044400
2019-10-28,91.0600,91.3000,90.1700,90.8500,10304300
2019-10-25,91.4400,91.8300,90.7500,90.9200,8147200
2019-10-24,92.6800,92.8700,90.9900,91.5000,12085800
2019-10-23,95.0300,95.5400,92.1200,92.3200,11933600
2019-10-22,96.0600,96.8300,95.5200,95.6000,5470100
2019-10-21,96.6100,96.8700,95.4200,96.2200,5185800
2019-10-18,94.8100,96.4600,94.8000,96.1000,6209200
2019-10-17,95.5700,95.8900,94.9700,95.5600,3427400
2019-10-16,94.0900,95.1400,94.0700,94.8800,4883300
2019-10-15,95.0000,95.1800,94.1200,94.7900,4292500
2019-10-14,94.2000,95.2500,94.0500,94.8800,4636000
2019-10-11,94.0000,94.5700,93.5600,93.8800,6220100
2019-10-10,93.5000,93.5000,92.7200,93.0000,5794100
2019-10-09,92.4100,93.0500,91.8200,92.5200,5115900
2019-10-08,90.4500,92.7100,90.4100,91.7500,6916800
2019-10-07,92.5000,93.9200,92.4000,93.1700,4975400
2019-10-04,92.2200,93.1700,91.9300,93.0700,4551400
2019-10-03,91.3100,92.3200,90.3500,92.2200,5762300
2019-10-02,91.4700,91.8400,90.5700,91.4900,6933900
2019-10-01,94.1300,94.7500,92.0600,92.2800,8464900
2019-09-30,92.5300,94.0800,92.5000,93.9200,7401200
2019-09-27,91.8500,92.8600,91.6000,92.3100,6420500
2019-09-26,91.6200,92.4500,90.2500,92.1700,10408300
2019-09-25,91.7800,92.7900,90.1500,90.8100,25330700
2019-09-24,88.4500,88.6900,86.7600,87.1800,10202900
2019-09-23,86.9800,88.0200,86.8000,87.6900,4790000
2019-09-20,88.0000,88.4900,86.6700,86.6800,6991100
2019-09-19,88.4000,88.7200,87.5100,87.7000,4231200
2019-09-18,87.6500,88.4000,87.2100,88.0800,4722200
2019-09-17,86.7700,87.6400,86.4700,87.5900,3248400
2019-09-16,87.0900,87.8200,86.6700,87.2700,4171700
2019-09-13,88.2500,88.7900,87.3000,87.3200,5894700
2019-09-12,87.1000,88.0700,86.2200,87.6700,4057500
2019-09-11,86.9600,87.2500,85.8700,86.7500,4623300
2019-09-10,88.2600,88.6300,86.2900,86.8300,7072400
2019-09-09,88.9400,89.3500,88.4200,88.6700,4282400
2019-09-06,88.4000,88.9800,88.0200,88.6900,3625300
2019-09-05,87.2800,88.6200,87.2800,88.4200,6328400
2019-09-04,85.5800,86.5000,85.5000,86.3500,4151200
2019-09-03,84.0000,84.8300,83.6200,84.6700,6360800
2019-08-30,85.7000,85.9900,84.4100,84.5000,5235400
2019-08-29,84.2200,85.7700,84.1700,85.3800,5101900
2019-08-28,81.9000,83.5900,81.7200,83.4800,4123700
2019-08-27,82.6300,83.1800,82.0000,82.0300,3842500
2019-08-26,81.4400,82.2800,80.7400,82.2500,4336000
2019-08-23,82.0200,82.7600,80.0300,80.4400,8497800
2019-08-22,83.0000,83.7200,82.5000,83.3100,5571600
2019-08-21,81.9400,82.8400,81.6300,82.7400,6454200
2019-08-20,80.7200,81.2300,79.4500,80.5300,5903100
2019-08-19,82.0000,82.3400,80.8300,81.1300,7027900
2019-08-16,80.0900,80.5600,79.2500,80.2800,5649000
2019-08-15,80.9300,81.3000,79.4400,79.5100,6713600
2019-08-14,81.2400,81.6900,80.5100,81.0300,7266100
2019-08-13,81.1700,84.1500,80.8500,83.3200,6896800
2019-08-12,81.4100,81.9500,81.1800,81.6500,3595500
2019-08-09,83.1400,83.4300,81.3200,81.9800,5460200
2019-08-08,81.8100,83.3600,81.6100,83.0000,6208900
2019-08-07,80.5000,81.8200,80.0900,81.2800,6275000
2019-08-06,79.8500,81.5900,79.4900,81.3000,8664500
2019-08-05,79.6600,80.0500,78.1900,78.9700,8493300
2019-08-02,82.5300,83.2400,80.7900,81.1400,8761400
2019-08-01,85.2600,86.7700,82.7000,83.1200,7871800
2019-07-31,87.0900,87.2700,85.5500,86.0300,5818200
2019-07-30,86.8200,87.9100,86.3600,87.2000,3561200
2019-07-29,87.6500,87.8700,87.1800,87.6200,4387300
2019-07-26,87.4400,87.8400,86.7700,87.5400,3707200
2019-07-25,86.8200,87.5000,86.5900,87.2800,4546400
2019-07-24,86.6500,87.2100,86.3100,86.7000,6362900
2019-07-23,86.6400,87.1000,86.2300,86.7000,5659900
2019-07-22,86.5600,86.9900,85.8300,85.9700,6810300
2019-07-19,87.7300,87.8800,86.4800,86.5500,6635300
2019-07-18,87.6300,87.7600,86.7600,87.4400,4609200
2019-07-17,88.4200,88.6900,87.4400,87.5000,4461500
2019-07-16,89.5000,89.7100,88.5700,88.6000,5812800
2019-07-15,89.0600,89.8700,89.0600,89.4800,3750900
2019-07-12,88.1800,89.3100,88.0100,89.1200,4240900
2019-07-11,87.7100,88.3000,87.4000,88.2900,3942400
2019-07-10,88.4800,88.9400,87.3900,87.4400,5985500
2019-07-09,88.1000,88.8000,87.8200,88.0400,6219700
2019-07-08,86.0600,88.5200,85.9700,88.4800,7052000
2019-07-05,85.8000,86.9100,85.4200,86.8200,6440900
2019-07-03,85.3300,86.2900,85.1200,86.2000,4012800
2019-07-02,85.3600,85.4700,84.2200,84.9600,7187200
2019-07-01,84.9300,86.2800,84.9000,85.4100,6607600
2019-06-28,83.9900,84.7500,82.6700,83.9500,12443800
2019-06-27,82.9300,83.7700,82.9300,83.6600,11436700
2019-06-26,83.1500,83.6900,82.4400,82.5500,5838500
2019-06-25,84.6000,84.6900,82.1600,82.6200,7339900
2019-06-24,86.0000,86.8500,84.3700,84.5000,8043300
2019-06-21,85.1600,85.7500,84.6000,85.7500,9289800
2019-06-20,84.9000,85.6700,84.4200,85.2400,6163800
2019-06-19,83.7300,83.9000,83.1400,83.5500,6217785
2019-06-18,82.7000,84.6500,82.5000,84.3000,6045400
2019-06-17,83.3400,83.4600,82.0100,82.1100,5101900
2019-06-14,83.5100,83.8600,83.0400,83.4400,4355600
2019-06-13,83.1500,83.9200,83.0500,83.6100,3383400
2019-06-12,83.4800,84.0200,82.5200,82.6300,4025900
2019-06-11,83.6500,84.3400,83.1300,83.2600,3939400
2019-06-10,83.7500,84.2000,82.4500,82.5800,4419758
2019-06-07,83.0900,83.6800,82.8100,83.4100,3891100
2019-06-06,82.7200,83.0600,82.0800,82.4500,4953000
2019-06-05,82.2900,82.9000,81.9300,82.7200,8173200
2019-06-04,79.3000,81.6500,78.7800,81.6200,7526860
2019-06-03,77.2400,78.5800,77.0800,77.9600,11665500
2019-05-31,78.0000,78.2600,77.0700,77.1400,8891100
2019-05-30,78.9200,79.7300,78.6100,79.2600,6177800
2019-05-29,80.7100,80.8600,77.7000,78.8700,10115200
2019-05-28,82.8500,83.1900,81.1300,81.2000,7927300
2019-05-24,82.2000,83.1700,82.0900,82.1600,5999000
2019-05-23,82.5000,83.0600,81.9900,82.6400,9704200
2019-05-22,82.9900,83.3400,82.7600,83.2000,5237800
2019-05-21,83.3600,83.8000,82.5100,83.6400,5762500
2019-05-20,83.8000,83.8000,82.7400,82.8500,7181900
2019-05-17,83.5100,85.5200,83.5000,84.5700,5068200
2019-05-16,84.5100,85.4000,84.2000,84.2800,6745200
2019-05-15,83.1700,84.4900,82.9400,84.0100,4862200
2019-05-14,82.7800,84.0000,82.0600,83.6700,7529200
2019-05-13,81.6500,82.6300,81.3200,82.5300,6445200
2019-05-10,82.7800,84.2700,82.1900,83.9500,5450500
2019-05-09,82.2100,83.0100,81.5400,82.9800,6336600
2019-05-08,82.4300,83.9900,82.1400,82.7700,9501300
2019-05-07,83.0200,83.6300,81.8300,82.5400,9811300
2019-05-06,83.7700,83.8700,82.8600,83.5700,12836600
2019-05-03,85.9000,86.3000,85.7000,85.7000,6798300
2019-05-02,86.2100,86.2800,84.9900,85.2700,6813700
2019-05-01,87.7300,87.9500,85.8700,85.9000,6524600
2019-04-30,88.2900,88.4000,87.2600,87.8300,7614100
2019-04-29,88.1800,88.5100,88.1300,88.2600,5008400
2019-04-26,87.9500,88.9400,87.3300,88.3100,6219600
2019-04-25,88.4000,88.5400,87.4900,87.5600,6866600
2019-04-24,87.6700,88.8200,87.4300,88.3900,8063000
2019-04-23,87.5700,87.6700,87.0100,87.4300,7513700
2019-04-22,88.3500,88.6400,87.3000,87.3600,5390500
2019-04-18,88.7600,90.0000,88.7000,89.2000,7016600
2019-04-17,87.9500,88.9700,87.4500,88.7300,5694900
2019-04-16,87.0000,87.9500,87.0000,87.8000,4652727
2019-04-15,86.8900,87.2400,86.4400,86.8300,5034900
2019-04-12,85.3000,86.4900,85.2900,86.2400,6037000
2019-04-11,84.9000,85.0500,84.2800,85.0000,3347400
2019-04-10,84.6400,85.0100,84.5600,84.8800,3918400
2019-04-09,84.2200,84.6000,83.9700,84.2800,3804500
2019-04-08,85.0100,85.2900,84.5700,84.7300,4705800
2019-04-05,86.0000,86.1600,85.0500,85.4000,7367400
2019-04-04,84.4900,85.3800,84.3600,85.2800,3660700
2019-04-03,84.9000,84.9900,84.2500,84.4700,4080900
2019-04-02,85.0000,85.2600,84.1600,84.3700,4433800
2019-04-01,85.0400,85.3200,84.7000,85.2300,6737400
2019-03-29,84.6000,84.8500,83.8600,84.2100,6492000
2019-03-28,83.9300,84.7200,83.7000,84.0400,6032700
2019-03-27,83.6900,83.8000,82.0400,83.0900,6485100
2019-03-26,83.6300,84.0900,82.9100,83.3800,9611900
2019-03-25,81.4800,83.2200,80.8900,82.3300,15558300
2019-03-22,85.2000,85.9000,82.1500,82.1900,21659800
2019-03-21,87.2400,88.1200,86.8300,88.0100,10386900
2019-03-20,87.5000,87.5800,86.0900,86.6900,5991500
2019-03-19,88.2200,88.5900,87.2900,87.6900,6642200
2019-03-18,87.3000,87.8400,87.0000,87.8200,7709400
2019-03-15,87.2200,87.6100,85.9600,86.8000,11031400
2019-03-14,86.1500,86.8800,85.7000,86.8700,5905500
2019-03-13,85.7000,86.6600,85.6000,85.9300,5037800
2019-03-12,85.7800,86.0800,85.0200,85.4300,4431600
2019-03-11,85.3900,85.9400,85.0500,85.8200,3999800
2019-03-08,84.5800,84.8800,84.0200,84.8000,4669700
2019-03-07,84.9700,85.4100,84.6600,85.2600,4321800
2019-03-06,85.6000,85.9900,85.0400,85.1300,3198000
2019-03-05,85.8800,86.2500,85.4400,85.4400,4976300
2019-03-04,87.3200,87.9900,85.1100,85.6400,7339500
2019-03-01,86.9300,87.9900,86.2400,87.1600,6314900
2019-02-28,86.0800,86.4000,85.6800,85.7300,4988100
2019-02-27,85.5300,86.2200,85.0600,86.1700,4588200
2019-02-26,85.3100,86.0800,85.2000,85.8000,6678700
2019-02-25,85.3900,85.7300,84.9600,85.1700,6229700
2019-02-22,84.2000,85.0200,84.0301,84.7600,4449747
2019-02-21,83.5700,84.1520,83.3500,83.9500,8579155
2019-02-20,84.6300,84.9500,84.3500,84.8400,4086400
2019-02-19,84.5800,85.0500,84.4600,84.5700,5105894
2019-02-15,85.4900,85.7800,85.1000,85.3800,6111300
2019-02-14,84.6100,85.1400,83.7000,84.6800,5179000
2019-02-13,84.7600,85.5900,84.7600,85.4000,5029400
2019-02-12,83.9700,84.8400,83.6200,84.7100,6290300
2019-02-11,82.9500,83.8300,82.8700,83.6800,6158500
2019-02-08,82.2500,82.7200,81.9400,82.3600,3786500
2019-02-07,82.1500,82.8500,81.7100,82.3900,4827500
2019-02-06,82.5100,82.7100,81.6400,82.7100,3682800
2019-02-05,81.9800,83.1900,81.9300,82.8600,6545600
2019-02-04,81.2200,82.0000,80.8300,81.9900,4236600
2019-02-01,81.8300,81.9000,81.1300,81.5100,5351900
2019-01-31,81.1800,81.9500,80.7100,81.8800,8599200
2019-01-30,80.4000,81.2900,80.0600,81.2800,5200200
2019-01-29,80.3600,80.8300,79.8400,80.2200,4187500
2019-01-28,79.8000,80.5100,79.7400,80.3200,5452000
2019-01-25,81.2500,81.3300,80.4300,80.6100,4457100
2019-01-24,80.6000,80.8700,79.5500,80.4400,4753200
2019-01-23,81.1900,81.4000,80.2200,80.5000,5823000
2019-01-22,80.3300,81.3100,80.2000,80.7500,8781700
2019-01-18,79.9500,80.9700,79.7400,80.4500,10404100
2019-01-17,77.5400,79.4000,77.3100,79.1300,7737300
2019-01-16,78.0000,78.8500,77.5900,77.6800,5697100
2019-01-15,76.1900,77.9800,76.1300,77.8800,6212400
2019-01-14,75.4600,76.8100,75.4600,76.0900,5677400
2019-01-11,76.3400,76.8900,75.8000,76.0400,10689900
2019-01-10,75.6400,77.3400,75.4600,76.4200,11148600
2019-01-09,76.9700,77.1500,76.1400,76.5900,8591000
2019-01-08,76.8300,77.4000,76.2000,76.7300,8809000
2019-01-07,74.7400,76.3600,74.3000,75.7200,8184800
2019-01-04,73.4500,75.1200,73.1200,74.6500,7844200
2019-01-03,73.2500,73.3200,71.2100,72.7500,8007400
2019-01-02,72.7900,74.6400,72.1900,74.0600,6762700
2018-12-31,73.9800,74.4600,73.5150,74.1400,5519230
2018-12-28,73.9700,74.4600,72.5700,73.3400,6197000
2018-12-27,72.1800,73.7300,70.9900,73.6700,8875000
2018-12-26,68.7000,73.0100,68.6500,73.0100,10019200
2018-12-24,71.4000,71.9300,68.0800,68.1000,8551400
2018-12-21,73.2900,74.2900,71.2500,72.3700,28487900
2018-12-20,68.7300,69.5700,66.5300,67.5300,14396600
2018-12-19,71.4500,72.0000,68.3200,68.9700,8426100
2018-12-18,70.9000,72.4100,70.4300,71.1500,7532000
2018-12-17,71.3700,71.7700,69.4600,69.9000,10647700
2018-12-14,71.9700,73.6500,71.4100,72.5300,7214500
2018-12-13,74.5000,74.5900,72.5900,72.9300,7454800
2018-12-12,74.5200,75.2800,73.5100,74.3200,6950400
2018-12-11,73.8700,74.5700,72.5600,73.5700,7794500
2018-12-10,73.1000,73.7100,70.6100,72.5100,7235000
2018-12-07,75.0400,75.9700,72.8700,73.3400,6133700
2018-12-06,74.3700,75.5650,73.5900,75.5400,9693738
2018-12-04,77.4200,78.4000,75.4100,75.7900,8800400
2018-12-03,77.1000,79.0000,76.9300,77.9400,10211800
2018-11-30,74.1800,75.4800,73.9000,75.1200,7947300
2018-11-29,74.6400,74.9500,73.3200,74.3400,5436700
2018-11-28,72.3000,74.7600,72.3000,74.6600,6167200
2018-11-27,72.2800,72.5500,71.3000,72.0900,5008000
2018-11-26,72.3400,73.0000,72.2700,72.7100,6458300
2018-11-23,72.0500,72.5200,71.4050,71.4900,2582343
2018-11-21,71.9900,72.9000,71.8100,72.3700,7326100
2018-11-20,70.4900,72.0700,69.5200,71.1200,9053900
2018-11-19,74.6900,74.7500,71.8600,72.5200,6744900
2018-11-16,73.7600,75.5200,73.0600,74.7400,8064200
2018-11-15,74.4400,74.6700,72.8900,74.3300,7858300
2018-11-14,76.3200,77.4900,74.8900,75.2000,7984200
2018-11-13,75.5300,76.2700,74.8400,75.2000,4584600
2018-11-12,76.3500,76.7700,74.9900,75.1000,5204900
2018-11-09,77.7100,77.7700,75.5300,76.3600,4737600
2018-11-08,77.6900,78.1600,77.2400,77.7800,5425000
2018-11-07,76.9400,78.2300,76.5700,77.9700,5403900
2018-11-06,77.3400,77.5800,76.3600,76.5700,6424200
2018-11-05,76.4900,77.7700,76.0500,77.5300,7143300
2018-11-02,77.5300,78.5900,75.7100,76.5800,6995100
2018-11-01,75.2300,76.8400,74.8400,76.7900,6117800
2018-10-31,75.5000,76.3400,74.9200,75.0400,8755500
2018-10-30,73.0700,74.6400,72.8100,74.5100,9470000
2018-10-29,73.2600,74.0100,71.3900,72.1900,9874200
2018-10-26,72.0000,72.7100,70.6900,72.0700,8371100
2018-10-25,72.6900,73.5000,72.2300,73.1000,7648000
2018-10-24,73.4700,74.6100,71.9500,72.1200,8333900
2018-10-23,74.1900,74.3800,72.0700,73.3500,11423800
2018-10-22,74.6500,75.2100,74.3000,74.9000,7042500
2018-10-19,75.8300,76.0500,74.1400,74.2100,7301200
2018-10-18,77.4000,77.4100,75.0000,75.6000,7622200
2018-10-17,77.5200,77.8000,75.9400,76.4800,6816900
2018-10-16,75.6000,77.6500,75.3200,77.4800,7744200
2018-10-15,75.7700,76.1600,74.9700,74.9900,5789000
2018-10-12,75.9700,76.8600,74.9100,75.9100,10393800
2018-10-11,74.7700,77.0700,73.9000,74.5100,11532100
2018-10-10,79.6600,80.0400,74.7700,74.9400,12977800
2018-10-09,80.3700,81.4900,80.1600,80.4200,7643400
2018-10-08,80.0400,80.5400,79.0800,80.2300,8058700
2018-10-05,80.0900,80.9900,79.4300,80.1200,7019100
2018-10-04,82.3400,82.4800,80.0200,80.1800,9161100
2018-10-03,81.9300,82.9600,81.7500,82.5000,10046700
2018-10-02,84.3400,84.5500,82.5000,82.7700,8446900
2018-10-01,85.1000,85.8500,84.3700,84.4600,7876400
2018-09-28,84.2900,85.2700,84.2500,84.7200,7452700
2018-09-27,83.7700,84.9200,83.7300,84.5400,6080600
2018-09-26,82.6100,84.7300,81.9500,83.7000,16357100
2018-09-25,84.8600,85.1000,84.0700,84.7900,10519500
2018-09-24,85.1600,85.2600,84.2500,84.2700,8770400
2018-09-21,86.0000,86.0400,85.0100,85.5500,13852700
2018-09-20,85.0900,85.8700,84.9300,85.3700,6620300
2018-09-19,85.6900,85.8500,84.1200,84.4300,8053100
2018-09-18,83.2400,85.3500,83.2400,85.2600,7277700
2018-09-17,83.4900,83.9300,82.9400,83.2600,4861100
2018-09-14,83.5800,83.8400,83.0600,83.4900,4797300
2018-09-13,83.2100,83.9000,83.1200,83.4700,5382100
2018-09-12,82.7000,83.0400,82.0400,83.0000,5384300
2018-09-11,83.2000,83.5800,82.5500,82.6300,7166800
2018-09-10,81.3900,82.4400,81.2200,82.1000,6964800
2018-09-07,80.0100,81.1600,80.0100,80.3000,6633900
2018-09-06,80.1700,80.8400,79.7700,80.4000,8576900
2018-09-05,79.6500,80.3200,79.3000,79.9200,12269100
2018-09-04,79.3900,80.9700,79.0000,79.6000,18565800
2018-08-31,81.2500,82.2500,81.2500,82.2000,5177100
2018-08-30,82.5800,82.7600,81.0100,81.4000,7122100
2018-08-29,82.4200,83.1000,82.2200,82.7900,5712400
2018-08-28,83.2300,83.6300,82.4800,82.5800,3788800
2018-08-27,83.0400,83.4500,82.2300,82.6500,4012400
2018-08-24,82.4200,82.8800,82.1000,82.4500,3453000
2018-08-23,82.4300,83.5700,82.3400,82.9100,4156900
2018-08-22,83.1000,83.6800,82.2800,82.6400,4308300
2018-08-21,82.3100,83.0800,82.0200,82.9500,6337000
2018-08-20,81.5200,82.4200,80.9500,82.1800,9345200
2018-08-17,80.0400,80.4400,79.6800,79.7500,9001400
2018-08-16,79.9000,80.6100,79.8000,80.0500,5475800
2018-08-15,79.5700,79.8600,79.1200,79.5700,5057200
2018-08-14,80.3300,80.8450,79.6800,80.1400,6079747
2018-08-13,80.8200,81.1500,80.0100,80.1500,4033900
2018-08-10,80.8200,81.2900,80.2900,80.7300,5036700
2018-08-09,80.4900,81.8800,80.4100,81.2600,4556800
2018-08-08,80.2100,81.0800,80.0400,80.5000,5327100
2018-08-07,79.7300,80.6300,79.2700,80.5300,5418900
2018-08-06,78.7400,79.5800,78.4300,79.5100,4280600
2018-08-03,78.7300,78.9800,78.4400,78.7400,3762100
2018-08-02,77.7700,79.0700,77.4000,78.6500,5313800
2018-08-01,76.5000,78.0600,76.5000,77.5400,6878300
2018-07-31,76.4400,77.5900,76.1600,76.9100,8265600
2018-07-30,76.8800,76.9600,75.4300,75.9600,7275300
2018-07-27,78.1700,78.4100,76.7900,76.8900,6125700
2018-07-26,77.0000,78.4400,76.8200,78.1500,6706200
2018-07-25,75.2400,77.1800,75.0600,77.1600,5542400
2018-07-24,76.8500,77.0900,75.4400,75.5300,6036600
2018-07-23,76.7100,76.9500,76.1300,76.5900,4198200
2018-07-20,76.3100,77.0800,76.1600,76.9600,5246400
2018-07-19,75.9300,77.1600,75.8000,76.9500,4875100
2018-07-18,77.4300,77.6200,76.3200,76.5900,6101600
2018-07-17,77.5100,78.0200,77.4000,77.4700,4355400
2018-07-16,77.3600,78.1000,77.3000,77.7500,4746000
2018-07-13,77.2000,77.6100,77.1400,77.3800,2963100
2018-07-12,77.9400,78.1800,77.2300,77.3700,4879200
2018-07-11,77.1300,77.6400,76.8300,77.3600,3656600
2018-07-10,77.4400,78.0900,77.1600,77.5700,6281800
2018-07-09,76.8400,77.3800,76.3500,77.2800,4871400
2018-07-06,76.4800,77.0800,76.0700,76.4800,5916200
2018-07-05,76.6200,77.4200,76.1400,76.5500,6534500
2018-07-03,77.4100,77.8900,76.1000,76.2800,5794900
2018-07-02,78.5800,79.4800,77.0200,78.3500,11867000
2018-06-29,78.7600,81.0000,78.3600,79.6800,31314100
2018-06-28,71.4500,72.1200,71.3500,71.7000,9118500
2018-06-27,72.7300,72.9500,71.1500,71.3500,7617900
2018-06-26,72.5000,73.2900,72.3500,72.5600,7072600
2018-06-25,73.3200,73.3600,72.0300,72.3500,9064100
2018-06-22,73.5700,74.4100,73.2100,73.4300,9404900
2018-06-21,73.7000,74.7900,73.5500,73.9400,5537900
2018-06-20,74.2000,74.9100,73.9700,74.7200,4424900
2018-06-19,74.5000,74.9200,73.6500,74.2600,7562200
2018-06-18,75.2800,75.7600,74.9100,75.6100,4515900
2018-06-15,74.7100,75.8500,74.5000,75.8400,10977300
2018-06-14,74.6000,75.1500,74.3500,74.7000,4636000
2018-06-13,74.2700,74.9000,73.9900,74.1100,4696200
2018-06-12,74.4200,74.6100,74.0700,74.2900,4356500
2018-06-11,75.0600,75.2100,74.5400,74.5900,4902800
2018-06-08,74.7800,75.0700,74.3000,74.9000,5524900
2018-06-07,74.9500,75.9100,74.6500,74.7600,6846300
2018-06-06,74.3800,74.9400,74.1900,74.7500,5318100
2018-06-05,73.6100,74.2200,73.1400,74.0500,4858500
2018-06-04,73.0000,73.8700,72.7900,73.8300,4581900
2018-06-01,72.1200,72.9500,72.1200,72.7600,4085900
2018-05-31,72.0000,72.2200,71.2400,71.8000,7856200
2018-05-30,71.4600,72.2900,70.9400,72.2300,5799900
2018-05-29,71.5200,71.6100,70.4300,70.9200,5755600
2018-05-25,73.1000,73.4900,71.6300,72.2500,5889700
2018-05-24,71.4300,72.2800,71.3200,72.1800,5613800
2018-05-23,70.9500,71.9200,70.8300,71.3400,6351200
2018-05-22,71.4600,72.1900,71.2600,71.3100,5675300
2018-05-21,71.4800,71.7000,70.7100,71.3800,5480700
2018-05-18,70.7600,71.5900,70.4700,71.3200,5688100
2018-05-17,71.4000,71.6000,70.8200,70.9400,6064700
2018-05-16,69.6700,71.5100,69.6200,71.3400,9693000
2018-05-15,68.3100,69.5200,68.2300,69.5000,5045000
2018-05-14,68.6000,68.8900,68.1100,68.8400,3453800
2018-05-11,68.0300,68.5300,67.9100,68.4300,4145100
2018-05-10,68.1400,68.2700,67.3300,67.9200,4965200
2018-05-09,68.4200,68.4700,67.0100,67.9500,7956300
2018-05-08,69.2000,69.2300,68.2000,68.4600,6534900
2018-05-07,68.0600,69.4200,68.0600,69.3400,5041600
2018-05-04,66.8400,68.3300,66.8000,68.1000,5132900
2018-05-03,67.8000,67.8500,66.6400,66.9000,6155900
2018-05-02,68.0400,68.5600,67.4800,68.2600,5752100
2018-05-01,67.9800,68.2100,67.0300,68.1000,4957800
2018-04-30,69.5800,69.8100,68.3900,68.3900,6484100
2018-04-27,68.4700,70.0000,68.4500,69.5600,7814900
2018-04-26,66.7800,68.2900,66.6400,68.0500,5355200
2018-04-25,66.8400,67.0000,66.2500,66.6700,5188900
2018-04-24,67.3100,67.5100,66.7200,66.9700,8176100
2018-04-23,66.0000,67.0300,65.9500,66.8800,6338400
2018-04-20,65.7500,66.1100,65.4500,66.0900,10402800
2018-04-19,66.0300,66.3000,64.9900,65.7300,8274300
2018-04-18,67.5300,67.7400,66.1600,66.2000,7384000
2018-04-17,67.3700,67.6700,67.2800,67.5100,5605700
2018-04-16,67.8100,67.9800,67.0600,67.0600,6484400
2018-04-13,68.1200,68.3300,66.9800,67.2500,4300200
2018-04-12,67.0700,68.0000,67.0700,67.7700,5145300
2018-04-11,66.5800,67.2000,66.5200,66.8300,5115500
2018-04-10,67.8100,67.8800,66.4900,67.0000,10098900
2018-04-09,68.3900,68.5500,67.1500,67.1800,6504500
2018-04-06,68.5100,69.3100,66.9300,67.5500,9719300
2018-04-05,68.5000,69.7800,68.3900,69.5900,9093300
2018-04-04,65.9700,68.5000,65.9300,68.4200,10275800
2018-04-03,64.4700,66.7300,64.3600,66.7000,8766400
2018-04-02,65.9700,66.0500,63.2100,64.1200,12383900
2018-03-29,65.7000,66.5500,65.6100,66.4400,10748300
2018-03-28,66.5900,67.1500,65.2700,65.4400,7208400
2018-03-27,65.8900,67.6400,65.4300,66.1700,9420903
2018-03-26,65.0800,66.0600,64.9900,65.9000,10651655
2018-03-23,66.7000,67.1100,64.4600,64.6300,17100955
2018-03-22,65.6000,66.1500,64.2300,64.4200,11157800
2018-03-21,66.7300,67.2100,66.3100,66.3500,5772098
2018-03-20,65.9400,66.8700,65.9300,66.8000,6859313
2018-03-19,65.7000,66.3400,65.1900,65.7100,7213652
2018-03-16,66.3100,66.6900,65.9100,65.9100,12640208
2018-03-15,66.4900,66.6100,66.1300,66.3900,5243737
2018-03-14,66.6500,66.9000,65.6700,66.2000,6440556
2018-03-13,67.3000,67.6900,66.1300,66.1700,5135269
2018-03-12,66.6500,67.6100,66.3200,66.8200,7521115
2018-03-09,65.5100,66.5100,65.3600,66.3000,5822649
2018-03-08,64.5600,65.2500,64.4800,65.1100,5448938
2018-03-07,64.5100,64.7900,63.8900,64.1700,6457572
2018-03-06,65.2100,65.3600,64.6300,65.2400,6550100
2018-03-05,65.4800,65.4900,64.3400,65.0500,8838400
2018-03-02,64.9100,66.0900,64.2100,65.8900,8380500
2018-03-01,67.2400,67.6700,65.6700,66.3200,7323900
2018-02-28,68.1000,68.3000,67.0100,67.0300,6069042
2018-02-27,70.0000,70.2500,68.0300,68.0300,6808215
2018-02-26,68.3900,69.8100,68.3400,69.6500,6122074
2018-02-23,67.3900,68.1600,66.8500,68.1600,4359181
2018-02-22,67.2500,67.4800,66.7400,67.1300,6462619
2018-02-21,67.6600,68.0200,67.0300,67.0500,5006910
2018-02-20,67.6400,67.9700,67.0500,67.4900,4818245
2018-02-16,67.9000,69.0000,67.7400,68.3000,6812885
2018-02-15,68.3900,68.7600,67.2500,68.2900,7383161
2018-02-14,65.7200,68.0300,65.5500,67.9600,8587026
2018-02-13,65.8500,66.2300,65.4300,65.8700,9517268
2018-02-12,65.9400,66.8200,65.6800,65.9800,9744722
2018-02-09,63.7600,66.0500,62.8400,65.4900,13692782
2018-02-08,65.5300,65.7100,62.4600,62.4900,13707703
2018-02-07,65.1500,66.8400,65.1000,65.6300,8746674
2018-02-06,62.4800,65.4200,62.0900,65.2200,13232997
2018-02-05,66.6300,67.2100,64.3900,64.3900,12328769
2018-02-02,67.2200,67.7900,67.0000,67.2200,9235431
2018-02-01,67.6700,67.9700,66.7000,67.6500,5712096
2018-01-31,67.5000,68.8300,67.4700,68.2200,10964483
2018-01-30,67.5000,68.3100,67.1600,67.3300,6281296
2018-01-29,67.8200,68.1400,67.4200,67.5800,4868088
2018-01-26,68.2000,68.6400,67.9200,68.0400,6156767
2018-01-25,68.1300,68.6400,67.4500,67.7100,5642681
2018-01-24,67.3400,68.1800,67.0700,68.0000,7356739
2018-01-23,66.5300,67.3300,66.4400,67.1400,6322747
2018-01-22,66.5500,66.8300,65.7600,66.3900,8294425
2018-01-19,65.3100,67.2400,65.1200,67.2100,12634645
2018-01-18,64.0000,64.2100,63.5400,64.1100,5454607
2018-01-17,63.6700,64.0100,63.0800,63.8100,7335906
2018-01-16,64.7800,65.3600,63.3700,63.4200,8884907
2018-01-12,64.5000,64.7200,64.3200,64.6700,5045094
2018-01-11,64.0300,64.3100,63.7800,64.2900,5049597
2018-01-10,63.8800,64.2300,63.4400,64.2200,4902505
2018-01-09,64.2300,64.7200,63.4700,64.0900,6697632
2018-01-08,64.1500,64.7100,63.9800,64.5500,11888826
2018-01-05,63.7000,64.3000,63.4700,63.9800,11482945
2018-01-04,63.4000,63.5500,62.5500,63.4400,5727712
2018-01-03,63.4800,63.6600,62.7600,63.4800,6086964
2018-01-02,62.8500,63.4900,62.8500,63.4900,5559283
2017-12-29,63.2100,63.3700,62.5500,62.5500,5195058
2017-12-28,63.0000,63.3200,62.8500,62.9500,3950551
2017-12-27,63.5600,63.6000,62.7700,62.9500,6091767
2017-12-26,62.9000,63.8900,62.8100,63.6500,4438641
2017-12-22,61.2000,63.5400,60.1300,63.2900,20369725
2017-12-21,64.3300,64.9800,63.3000,64.7700,13218571
2017-12-20,64.4000,64.5000,63.5800,63.5900,12358225
2017-12-19,65.0900,65.1850,64.1800,64.2400,8197588
2017-12-18,64.9900,65.0800,64.3900,64.8100,12633649
2017-12-15,64.9300,65.0700,64.1500,64.7900,15158735
2017-12-14,64.4350,64.8500,64.0500,64.5300,12968876
2017-12-13,62.2200,64.4600,62.0200,64.3000,15759848
2017-12-12,61.8100,62.5300,61.6500,62.1700,7319761
2017-12-11,61.3700,62.2200,61.3000,61.9100,8988202
2017-12-08,60.5000,61.3700,60.2900,61.3000,5913287
2017-12-07,59.8600,61.0600,59.6500,60.6000,6066962
2017-12-06,60.4100,60.8500,59.7000,59.7200,7806059
2017-12-05,60.6500,60.8000,59.6500,60.4200,8737956
2017-12-04,60.2700,60.6950,59.9700,60.1000,7507367
2017-12-01,60.4200,60.4300,59.2400,59.8800,10113500
2017-11-30,60.2600,61.2100,60.2000,60.4200,12551200
2017-11-29,59.7300,60.6300,59.7300,60.3600,12022800
2017-11-28,58.7600,59.6000,58.5400,59.5800,8639368
2017-11-27,59.2000,59.7000,59.1700,59.6300,7771640
2017-11-24,59.0000,59.3500,58.9100,59.3200,3400441
2017-11-22,59.1800,59.3400,58.9400,59.0700,8501300
2017-11-21,59.0300,59.4000,58.9300,59.3900,8644520
2017-11-20,58.6300,59.5000,57.9800,59.2500,8441225
2017-11-17,58.5400,59.5300,58.3700,59.1900,15275318
2017-11-16,56.6200,57.2775,56.4100,57.2300,7968197
2017-11-15,55.9600,56.8700,55.0800,56.6300,6598543
2017-11-14,55.7100,56.1800,55.5300,55.9800,5023748
2017-11-13,55.6600,56.0850,55.6600,55.9100,10070701
2017-11-10,55.8800,56.4900,55.6200,56.0900,7533874
2017-11-09,55.5000,56.3500,55.3100,56.1300,10854910
2017-11-08,55.0000,55.7700,54.8900,55.7600,6974626
2017-11-07,55.7500,56.0150,55.0200,55.1500,7356767
2017-11-06,55.2900,56.1300,55.1400,56.0400,9236671
2017-11-03,55.1500,55.7200,55.0400,55.7100,9287951
2017-11-02,55.1500,55.3200,54.5900,55.1200,7150987
2017-11-01,55.4200,55.5000,54.8500,55.0700,7340709
2017-10-31,54.7500,55.2800,54.5200,54.9900,9691459
2017-10-30,55.7100,55.9300,54.8400,55.2700,9880004
2017-10-27,55.8200,56.3600,55.6500,55.9600,12452190
2017-10-26,55.2600,57.2500,55.1400,56.8100,21763064
2017-10-25,53.4300,55.9050,52.6700,54.9245,22918301
2017-10-24,53.9000,54.0000,53.1000,53.4200,14727551
2017-10-23,53.0600,53.9500,53.0000,53.6600,12059509
2017-10-20,52.7900,53.5000,52.7900,53.0600,12357612
2017-10-19,51.6600,52.8000,51.4800,52.6900,12563336
2017-10-18,52.1800,52.4000,52.1000,52.3000,10729274
2017-10-17,51.5000,52.0400,51.3800,52.0000,9437231
2017-10-16,50.8000,51.4050,50.6400,51.3700,9295514
2017-10-13,50.8300,51.0700,50.4000,50.9800,4142470
2017-10-12,51.0000,51.1200,50.3500,50.8300,2646542
2017-10-11,51.3900,51.5200,50.8300,51.0300,8990627
2017-10-10,51.5800,51.8200,51.3700,51.5300,8349811
2017-10-09,52.2300,52.3000,51.5000,51.5200,6864820
2017-10-06,52.2000,52.4600,52.1200,52.4200,5233937
2017-10-05,52.0100,52.3200,51.7750,52.1800,5028209
2017-10-04,51.5100,52.1300,51.4000,52.0800,8108079
2017-10-03,52.0000,52.0500,51.4000,51.4700,8059110
2017-10-02,52.1600,52.2100,51.6600,51.8700,7486231
2017-09-29,52.5900,52.8200,51.7600,51.8500,12025158
2017-09-28,52.8000,53.0300,52.3300,52.6300,11285042
2017-09-27,52.1700,52.6900,51.0300,52.6700,35853124
2017-09-26,53.1800,53.9700,52.9800,53.7000,14213350
2017-09-25,53.0800,53.5600,53.0000,53.2300,12194742
2017-09-22,53.0200,53.6100,52.8000,53.2400,10903065
2017-09-21,53.5500,53.6400,53.0900,53.1900,8016973
2017-09-20,53.4900,53.6400,53.0400,53.5600,6973534
2017-09-19,52.7800,54.0500,52.5100,53.3300,14607706
2017-09-18,53.8700,54.1600,53.4000,53.5000,8155643
2017-09-15,53.8600,54.0600,53.5200,53.8700,9820057
2017-09-14,53.5400,53.8900,53.1200,53.7300,7478837
2017-09-13,53.4500,53.6400,53.0400,53.5200,5915354
2017-09-12,53.7700,54.0900,53.3000,53.4000,7807840
2017-09-11,52.3800,53.1300,52.3200,53.0300,8527706
2017-09-08,52.2500,52.5100,52.1100,52.2000,8484006
2017-09-07,52.7600,52.8500,52.3400,52.3900,6849554
2017-09-06,53.1200,53.3400,52.7100,52.7600,7277442
2017-09-05,53.2500,53.4700,52.8800,53.0100,6306497
2017-09-01,53.0000,53.4500,52.9000,53.3600,5503836
2017-08-31,52.6000,52.9800,52.4700,52.8100,7667789
2017-08-30,52.8000,52.9600,52.2500,52.5600,6988404
2017-08-29,52.7400,52.8775,52.0650,52.7300,12677668
2017-08-28,54.0700,54.4300,53.6150,53.7300,5198255
2017-08-25,54.0300,54.2000,53.5375,53.9000,6401011
2017-08-24,53.9300,53.9700,53.4600,53.8400,5392383
2017-08-23,53.9200,54.0800,53.4450,53.6100,6336076
2017-08-22,53.9200,54.4100,53.7900,54.1300,8101468
2017-08-21,54.4400,54.4400,53.1050,53.6100,13255490
2017-08-18,54.8500,55.4200,54.1700,54.9500,22843960
2017-08-17,58.5300,58.7445,57.4200,57.4600,8904122
2017-08-16,58.9000,59.0500,58.2210,58.5400,5460194
2017-08-15,58.9400,59.0100,58.2900,58.5600,8863222
2017-08-14,59.1500,60.0000,59.1300,59.7800,5838268
2017-08-11,58.7300,59.2700,58.5900,58.9700,4975573
2017-08-10,59.6800,59.6900,59.0600,59.0700,5553866
2017-08-09,59.4200,59.9650,59.2600,59.9000,5154261
2017-08-08,59.8800,60.1200,59.3600,59.4600,5579607
2017-08-07,59.8200,60.1000,59.7100,59.7900,3984257
2017-08-04,60.1700,60.3400,59.6300,59.7600,4099118
2017-08-03,59.8000,60.5300,59.6400,60.1400,5651591
2017-08-02,59.5500,59.9500,59.2700,59.7900,4118493
2017-08-01,59.0000,59.9400,58.9000,59.8400,8941908
2017-07-31,58.7100,59.1200,58.3300,59.0500,6128762
2017-07-28,58.1500,58.7350,57.9700,58.6700,5037386
2017-07-27,58.6000,58.6800,57.9850,58.1500,8099235
2017-07-26,59.0900,59.1300,58.3200,58.3600,5405479
2017-07-25,59.3200,59.5200,58.9200,59.3900,5121957
2017-07-24,59.6900,59.7701,58.7610,58.9500,7114145
2017-07-21,59.0000,60.0000,58.9100,59.9500,11012537
2017-07-20,59.1200,59.5900,58.8000,59.1000,11756824
2017-07-19,57.6000,57.8750,57.3925,57.7700,4371314
2017-07-18,57.7400,58.0800,57.4700,57.6500,4812655
2017-07-17,58.0000,58.3500,57.7550,57.7900,6814937
2017-07-14,57.9500,58.2100,57.6400,58.0000,6239192
2017-07-13,58.2200,58.5800,57.9300,57.9400,8105730
2017-07-12,58.3100,58.7500,58.1000,58.2200,7215190
2017-07-11,58.5400,58.9300,58.0400,58.1800,7218344
2017-07-10,57.8900,58.8100,57.6800,58.7300,8882866
2017-07-07,57.4000,58.0800,57.0300,57.9800,7960765
2017-07-06,57.4500,57.7200,57.0000,57.1600,9013156
2017-07-05,58.2400,58.2900,57.5100,57.5600,16060361
2017-07-03,58.3700,59.0100,58.3300,58.6500,9908761
2017-06-30,56.6000,59.7100,56.5000,59.0000,45870400
2017-06-29,53.3300,53.6300,52.9900,53.1700,11942423
2017-06-28,53.1700,53.6100,52.9600,53.3600,7452463
2017-06-27,53.1900,53.2600,52.6400,52.9500,7805954
2017-06-26,52.9500,53.5700,52.6700,53.2800,7805929
2017-06-23,52.1500,52.9150,51.6700,52.8500,8286992
2017-06-22,52.6000,52.6200,52.0900,52.4000,10310968
2017-06-21,51.9000,52.6850,51.9000,52.5900,12948665
2017-06-20,52.0500,52.1300,51.1000,51.5600,10657174
2017-06-19,51.4200,52.2200,51.4000,52.0200,11098434
2017-06-16,51.7500,51.8400,50.7900,51.1000,25422485
2017-06-15,54.0000,54.0500,52.7300,52.9000,16034253
2017-06-14,54.4800,54.6700,53.9500,54.6600,6657071
2017-06-13,54.0300,54.6600,53.8400,54.3100,8704635
2017-06-12,53.5100,54.2500,53.5000,54.0300,9180010
2017-06-09,53.2000,53.4700,52.8000,53.4600,8341639
2017-06-08,53.5400,54.1400,53.1500,53.2000,7680155
2017-06-07,52.7900,53.3600,52.7500,53.2300,7416029
2017-06-06,52.9000,53.1000,52.4300,52.4800,8892894
2017-06-05,53.0000,53.2300,52.7000,53.0100,5725025
2017-06-02,52.7000,53.0100,52.3600,52.9800,18462510
2017-06-01,53.0600,53.3000,52.2100,52.3000,13312106
2017-05-31,53.0200,53.2799,52.7100,52.9900,8841337
2017-05-30,52.7600,53.0200,52.6400,52.9200,7974656
2017-05-26,52.3500,52.7600,52.2300,52.5900,5910820
2017-05-25,52.3800,52.5900,52.2100,52.3500,7622628
2017-05-24,52.2500,52.3000,51.7400,52.0100,9383620
2017-05-23,51.9800,52.6250,51.8800,52.2000,11081842
2017-05-22,51.7700,51.9600,51.4000,51.5700,13668910
2017-05-19,51.0000,52.1100,50.8100,51.7700,20025859
2017-05-18,51.9700,52.0800,51.3000,51.6800,22559314
2017-05-17,52.3900,52.8700,51.8000,51.8000,18311492
2017-05-16,52.3700,53.3800,52.1200,52.7800,14525878
2017-05-15,54.1200,54.2000,53.6800,53.7700,8187705
2017-05-12,54.1000,54.3900,53.7900,54.2000,5549459
2017-05-11,54.5200,54.5200,53.4000,54.2400,6391871
2017-05-10,54.9100,55.0600,54.5100,54.5600,5806153
2017-05-09,54.3300,55.0800,54.1600,54.8900,6337070
2017-05-08,54.1800,54.5100,53.8300,54.3000,8719555
2017-05-05,54.4100,54.5000,53.5600,53.9500,13231643
2017-05-04,54.6800,54.8300,54.2000,54.4700,6822606
2017-05-03,55.1700,55.3000,54.4000,54.5300,9471796
2017-05-02,55.1200,55.1600,54.7900,55.0700,7273355
2017-05-01,55.4300,55.4500,54.9800,54.9900,4868204
2017-04-28,55.4300,55.5300,55.1400,55.4100,6415324
2017-04-27,55.1800,55.5700,54.9100,55.4700,8531229
2017-04-26,55.4600,55.8400,55.1200,55.1600,10873447
2017-04-25,55.5300,55.7700,55.4100,55.4500,8569029
2017-04-24,56.1400,56.2100,55.4700,55.4700,10777733
2017-04-21,56.2900,56.3800,55.6800,55.8500,6055624
2017-04-20,55.9600,56.6900,55.8810,56.4000,6867130
2017-04-19,56.1600,56.2200,55.7400,55.8600,5947674
2017-04-18,56.0200,56.4200,55.8000,56.1100,5651118
2017-04-17,55.3200,56.3350,55.2500,56.2400,7688742
2017-04-13,55.4100,55.6000,55.2600,55.3400,5282110
2017-04-12,54.6600,55.6200,54.5000,55.5700,8504108
2017-04-11,54.9500,55.0699,54.5500,54.9200,4348643
2017-04-10,55.0000,55.3300,54.7210,54.9000,5472680
2017-04-07,55.1000,55.2400,54.7700,55.1100,6078250
2017-04-06,55.0700,55.9400,54.9400,55.1400,6692225
2017-04-05,54.9700,55.8000,54.5000,54.9800,7722093
2017-04-04,55.1500,55.3000,54.8300,55.0400,8843216
2017-04-03,55.7400,55.8000,55.1500,55.5600,7088088
2017-03-31,56.0000,56.0300,55.6450,55.7300,5905639
2017-03-30,56.4800,56.6000,55.8100,56.0400,7210468
2017-03-29,56.4100,57.1000,56.3500,56.6800,7456208
2017-03-28,55.9900,56.7800,55.7900,56.6200,7823943
2017-03-27,55.6400,56.2490,55.5400,55.9300,8663611
2017-03-24,55.2900,56.6400,55.1200,56.3600,14438573
2017-03-23,54.6100,55.5500,54.5200,55.3700,23848344
2017-03-22,54.7600,55.0000,53.7600,53.9200,374134
2017-03-21,58.7800,59.0000,57.7200,58.0100,15269827
2017-03-20,58.0000,58.8100,57.9600,58.6800,13352530
2017-03-17,57.7700,57.8850,57.3100,57.8000,10791471
2017-03-16,57.4300,57.7200,56.8300,57.6000,9894955
2017-03-15,57.6300,57.9900,56.7500,57.6600,10067524
2017-03-14,56.8700,58.0100,56.7200,57.2800,9286917
2017-03-13,56.4000,56.8150,56.1100,56.6700,7235882
2017-03-10,56.4900,56.9900,56.2600,56.4300,8882395
2017-03-09,56.6100,56.6600,56.0900,56.3600,6165660
2017-03-08,56.9400,56.9400,56.3100,56.5100,7604792
2017-03-07,56.7100,56.9900,56.0200,56.5500,7124367
2017-03-06,56.7000,56.9300,56.5300,56.7700,6896754
2017-03-03,57.6300,57.6500,56.5100,56.7000,9192475
2017-03-02,57.9000,58.2500,57.6500,57.8000,6436688
2017-03-01,57.8600,58.0300,57.3300,57.9500,8558904
2017-02-28,57.3700,57.5500,56.8550,57.1600,7951164
2017-02-27,57.6500,57.8300,57.3488,57.6900,4375503
2017-02-24,57.3900,58.4200,57.0700,57.8600,9684155
2017-02-23,58.1100,58.4000,57.2700,57.3900,12316307
2017-02-22,57.4800,58.3800,57.3600,58.2400,10914088
2017-02-21,56.3800,57.4500,56.2000,57.3600,10955030
2017-02-17,56.1200,56.8000,55.8600,56.7500,12637733
2017-02-16,56.8800,56.9200,56.1000,56.2900,8374192
2017-02-15,56.2900,56.7600,56.2100,56.6400,6651971
2017-02-14,55.9200,56.6900,55.8300,56.4500,8891430
2017-02-13,56.1700,56.3400,55.7500,56.0900,7679800
2017-02-10,55.6300,56.4700,55.6300,56.2200,14973383
2017-02-09,53.9300,55.7000,53.9300,55.3100,14345385
2017-02-08,52.7400,53.9400,52.7000,53.8800,9280934
2017-02-07,53.0700,53.2800,52.6700,52.8100,6446876
2017-02-06,52.0900,52.8000,52.0500,52.8000,7354956
2017-02-03,52.6200,52.8050,52.2500,52.3600,8850413
2017-02-02,53.0000,53.0100,52.4801,52.8000,7874179
2017-02-01,52.9800,53.2600,52.6100,53.0200,8810837
2017-01-31,51.6800,52.9000,51.6300,52.9000,12284427
2017-01-30,52.7800,53.2200,52.4100,53.0800,9770223
2017-01-27,53.6800,54.0800,53.0300,53.1900,7361878
2017-01-26,54.1100,54.1200,53.3600,53.6500,6201845
2017-01-25,53.7300,54.1200,53.6900,53.8600,6675011
2017-01-24,53.0200,53.5700,52.9900,53.4500,6321310
2017-01-23,53.0200,53.2600,52.7247,53.2400,7025695
2017-01-20,53.2200,53.3520,52.9000,53.2000,7860847
2017-01-19,53.8400,53.9400,52.8900,52.9300,8320612
2017-01-18,53.8600,53.8900,52.8600,53.2700,6742444
2017-01-17,53.4000,53.9500,53.0100,53.6500,9888451
2017-01-13,52.5900,52.9300,52.2300,52.9200,6694067
2017-01-12,52.5100,52.6900,52.1600,52.4000,7368654
2017-01-11,53.1200,53.2900,52.6650,52.6900,8208307
2017-01-10,53.5500,53.7301,53.1100,53.1100,8041852
2017-01-09,53.9600,53.9900,53.2150,53.3800,8835265
2017-01-06,53.0900,54.0900,52.9800,53.9100,12532449
2017-01-05,52.9200,53.1000,52.4400,53.0600,8682151
2017-01-04,52.2300,53.3450,52.0900,53.0700,13757598
2017-01-03,51.9900,52.5000,51.7700,51.9800,13295607
2016-12-30,51.1000,51.3300,50.7000,50.8300,7383674
2016-12-29,51.0000,51.2400,50.8800,51.0600,4680840
2016-12-28,51.3100,51.5000,50.8700,51.0200,6317326
2016-12-27,51.8000,52.2500,51.2000,51.2900,8173721
2016-12-23,51.9900,52.3500,51.6700,51.9100,9359109
2016-12-22,52.8000,53.0000,52.0255,52.1400,11798868
2016-12-21,52.9000,53.3500,51.5500,52.3000,23233072
2016-12-20,51.0600,51.9900,50.7500,51.7900,15984083
2016-12-19,50.9100,51.3600,50.4800,50.8500,9449595
2016-12-16,51.6000,51.6400,50.6700,50.9200,13975949
2016-12-15,52.0000,52.0400,51.0900,51.2900,9567532
2016-12-14,52.2400,52.3400,51.5900,51.7900,8012409
2016-12-13,51.8300,53.2150,51.8300,52.3000,11442327
2016-12-12,51.5000,51.9000,50.9400,51.5400,11459410
2016-12-09,51.7600,51.9699,51.5000,51.7200,5869828
2016-12-08,52.1500,52.4700,51.4500,51.5500,9258990
2016-12-07,50.7900,52.2500,50.5968,52.1000,10412638
2016-12-06,50.8300,51.1000,50.2600,50.5700,12496332
2016-12-05,50.8000,52.2700,50.7000,51.8500,12031170
2016-12-02,50.2600,50.6800,50.1050,50.4600,6933124
2016-12-01,50.1100,51.2500,50.0600,50.6500,7609735
2016-11-30,50.5200,50.8100,50.0700,50.0700,8198261
2016-11-29,51.2000,51.3700,50.5700,50.6300,6065482
2016-11-28,51.4400,51.4400,50.6100,51.0100,8602118
2016-11-25,51.6800,51.7400,51.3500,51.5200,2736767
2016-11-23,51.7100,51.8500,51.2000,51.3400,4148848
2016-11-22,51.4700,51.7500,51.0500,51.7100,5228142
2016-11-21,51.0000,51.4200,50.9527,51.2800,5357204
2016-11-18,51.3900,51.8900,50.9600,51.1000,7461602
2016-11-17,50.9400,51.6725,50.7200,51.5900,7670420
2016-11-16,50.0000,50.8000,49.9500,50.6800,6663156
2016-11-15,50.4600,50.6400,49.7500,50.1300,9299754
2016-11-14,51.1800,51.1900,50.2100,50.2100,8063943
2016-11-11,50.2200,50.8500,50.1800,50.7700,6300607
2016-11-10,51.2900,51.3700,50.3300,50.3900,12316075
2016-11-09,50.0700,51.2700,49.8000,51.1200,9058575
2016-11-08,51.1000,51.4900,50.9530,51.0800,8109896
2016-11-07,50.4800,50.9300,50.2800,50.9100,8358692
2016-11-04,49.8000,50.4500,49.7600,49.9600,9925046
2016-11-03,49.9800,50.0000,49.3100,49.7300,7654517
2016-11-02,49.2400,50.2700,49.0100,49.7200,10775309
2016-11-01,50.5000,50.5100,49.1400,49.6200,14100226
2016-10-31,50.8800,51.1500,50.0000,50.1800,17930682
2016-10-28,52.1200,52.5000,51.7900,52.0200,9096719
2016-10-27,52.3400,52.3400,51.6900,51.8900,7939188
2016-10-26,50.9500,52.2700,50.9000,51.9700,12386745
2016-10-25,50.9700,51.4400,50.7100,51.0500,14974601
2016-10-24,52.1600,52.2900,51.8300,51.8700,7576134
2016-10-21,51.7400,51.8700,51.2500,51.7700,9161003
2016-10-20,51.7700,52.3600,51.6900,51.8900,6588374
2016-10-19,51.3400,51.8400,51.1400,51.8000,6998963
2016-10-18,51.3000,51.6600,51.1900,51.2200,6805166
2016-10-17,51.6500,51.7500,50.9600,51.0300,7904002
2016-10-14,52.3800,52.5000,51.6200,51.6200,7132404
2016-10-13,52.1200,52.3200,51.5000,52.0300,8425755
2016-10-12,52.0100,52.7100,51.8000,52.4400,9300662
2016-10-11,51.9500,52.2500,51.5200,51.8200,9203523
2016-10-10,52.1300,52.2500,51.7700,51.7900,5469323
2016-10-07,52.4200,52.4600,51.6800,51.7900,8404624
2016-10-06,52.2000,52.3300,51.9700,52.0300,9391223
2016-10-05,52.1500,52.6400,52.1000,52.1200,7244125
2016-10-04,52.9000,53.0600,52.0800,52.1400,10737412
2016-10-03,52.5400,53.0000,52.4200,52.6700,7632493
2016-09-30,52.5700,53.0600,52.2800,52.6500,12879656
2016-09-29,52.9200,53.5800,52.1200,52.1600,16992033
2016-09-28,54.6000,54.9965,52.8000,53.2500,33208613
2016-09-27,54.2500,55.5400,53.9000,55.3400,17945212
2016-09-26,54.8000,55.0000,54.0750,54.4000,11627947
2016-09-23,55.0200,55.7100,54.9100,55.1500,8921382
2016-09-22,55.4700,55.9800,55.2400,55.4100,8051818
2016-09-21,55.0200,55.3800,54.6100,55.3400,8041695
2016-09-20,55.2600,55.4400,54.7600,54.8700,8562999
2016-09-19,55.3800,55.4700,54.9300,54.9500,7671328
2016-09-16,55.2400,55.3600,55.0500,55.1800,11664961
2016-09-15,55.0000,55.5400,54.8100,55.4700,6316151
2016-09-14,55.1600,55.5600,54.9300,55.1300,7621197
2016-09-13,55.8600,55.9400,55.1200,55.3700,7359422
2016-09-12,55.0000,56.1150,54.9500,56.0100,7470941
2016-09-09,55.8800,56.0000,55.2650,55.3300,11310403
2016-09-08,56.8800,57.2700,56.1100,56.1700,12741924
2016-09-07,57.4800,57.7800,57.0100,57.7200,7536144
2016-09-06,58.2500,58.3800,57.2100,57.4100,9771551
2016-09-02,58.6300,59.1800,57.9900,58.0200,6933123
2016-09-01,57.6700,58.5500,57.5300,58.5400,8224952
2016-08-31,57.8600,58.2800,57.1850,57.6400,7723638
2016-08-30,58.4600,58.7600,57.8500,58.0000,6344565
2016-08-29,59.2000,59.2500,58.5300,58.6300,5830727
2016-08-26,58.5700,59.2000,58.3000,59.0000,9994300
2016-08-25,60.0100,60.1500,59.0300,59.2400,8713898
2016-08-24,59.8900,60.3300,59.7200,60.2200,11369922
2016-08-23,58.8000,59.8000,58.8000,59.6200,8218389
2016-08-22,58.8200,59.4552,58.6500,58.6600,8265962
2016-08-19,57.4000,59.1400,57.2500,58.9000,15985926
2016-08-18,56.9900,57.4600,56.8950,57.2100,6043620
2016-08-17,56.8700,56.9700,56.5400,56.8600,7340338
2016-08-16,56.8000,57.0350,56.4200,56.8800,4901794
2016-08-15,56.6500,57.0600,56.6200,56.7700,4836335
2016-08-12,56.7000,56.7550,56.1300,56.4500,5393054
2016-08-11,55.6300,56.8900,55.4800,56.7300,9539467
2016-08-10,55.9500,56.1800,55.0700,55.1300,6881449
2016-08-09,56.0800,56.2400,55.6900,55.7700,8044357
2016-08-08,56.1300,56.3900,55.6800,55.9800,6306977
2016-08-05,55.3200,56.0600,55.1700,55.8500,7512502
2016-08-04,54.9600,55.5700,54.6500,54.7900,8677755
2016-08-03,54.5500,55.1850,54.2800,54.7500,9686277
2016-08-02,55.2300,55.2800,54.7800,54.9200,7145600
2016-08-01,55.7300,55.8700,55.3000,55.4100,6268325
2016-07-29,55.2700,55.6600,55.2080,55.5000,6353014
2016-07-28,55.5900,55.8100,54.9800,55.4500,9574064
2016-07-27,56.5000,57.0000,55.4700,55.7900,10295057
2016-07-26,57.2000,57.8689,56.2500,56.3700,8545448
2016-07-25,56.8700,57.1500,56.4600,57.1400,7256091
2016-07-22,56.8200,56.9600,56.4250,56.7300,8614746
2016-07-21,57.9900,58.0300,56.5700,56.9900,8316152
2016-07-20,57.9900,58.1000,57.7400,57.7600,5872418
2016-07-19,57.4600,57.7700,57.1500,57.7600,7442596
2016-07-18,58.0000,58.1600,57.7400,57.7400,6478026
2016-07-15,58.5900,58.8650,57.8700,57.8700,9214367
2016-07-14,58.3000,58.6000,58.1500,58.4900,7487317
2016-07-13,58.1800,58.4394,57.7300,57.9900,9126169
2016-07-12,57.0900,58.2000,57.0700,58.0600,11164218
2016-07-11,56.8300,57.2300,56.7100,56.8300,8120921
2016-07-08,56.1000,56.8200,56.0900,56.7200,8645942
2016-07-07,55.8000,55.9750,55.5600,55.9200,6947979
2016-07-06,54.8800,55.8100,54.8200,55.8000,7863271
2016-07-05,55.3400,55.9100,55.0100,55.2000,10255124
2016-07-01,55.0700,55.8100,54.9100,55.6100,9284512
2016-06-30,55.2900,55.4300,54.6000,55.2000,17350521
2016-06-29,54.5000,55.1400,52.8900,55.1300,36084771
2016-06-28,52.0400,53.1950,51.5700,53.0900,20742440
2016-06-27,52.0000,52.5200,51.4750,51.8900,15374062
2016-06-24,52.3600,53.3600,52.1800,52.5900,18479149
2016-06-23,55.1100,55.1800,53.9500,54.1200,11214368
2016-06-22,55.0000,55.1400,54.5300,54.5700,7018546
2016-06-21,54.4600,55.0900,54.4400,54.7700,7918112
2016-06-20,54.2300,55.1500,54.2300,54.3600,8429371
2016-06-17,53.4500,53.8700,53.1600,53.7100,11007105
2016-06-16,53.5400,53.6400,52.9400,53.4700,14453465
2016-06-15,54.2400,55.0600,54.2400,54.3100,7498346
2016-06-14,54.5800,54.9400,54.0800,54.1200,9585498
2016-06-13,55.0000,55.6400,54.8800,54.9100,8582081
2016-06-10,54.6400,55.3600,54.5500,55.1100,12183598
2016-06-09,54.1100,55.0500,53.8800,54.9400,11609694
2016-06-08,53.8300,54.3400,53.6600,54.1200,12068525
2016-06-07,54.1600,54.3492,53.5500,53.5500,13333980
2016-06-06,53.7700,54.5400,53.6900,54.3000,13808032
2016-06-03,54.2900,54.5700,53.4000,53.4500,17263662
2016-06-02,54.2200,54.6700,54.2200,54.5300,13901685
2016-06-01,53.3300,55.0400,52.9200,54.9300,28407987
2016-05-31,56.4100,56.4700,55.1700,55.2200,14232353
2016-05-27,56.1700,56.5300,55.9800,56.1900,8525832
2016-05-26,56.0500,56.3600,55.6000,55.8400,9061988
2016-05-25,56.4700,56.6900,55.7699,55.9900,9921707
2016-05-24,56.0500,56.7700,55.8600,56.5900,11098417
2016-05-23,56.6000,56.9700,55.9500,55.9900,7780429
2016-05-20,55.8800,57.0600,55.4100,56.4800,13601445
2016-05-19,55.8200,57.3000,55.6700,57.0400,9376468
2016-05-18,56.7600,56.8700,55.6700,56.1200,11532822
2016-05-17,57.1500,57.3750,56.6500,57.1000,7620685
2016-05-16,57.2700,57.5300,56.6300,57.1400,8045888
2016-05-13,57.7400,58.1200,57.2800,57.3100,7392232
2016-05-12,57.5200,58.3400,57.3100,57.9900,8083244
2016-05-11,58.5000,58.6799,56.8500,57.0100,12821995
2016-05-10,58.6100,59.9900,58.6100,59.2000,7598153
2016-05-09,58.5900,59.1900,58.4500,58.7200,5604923
2016-05-06,58.1600,58.4400,57.3800,58.4300,7307951
2016-05-05,58.9400,58.9800,58.0000,58.1900,7845599
2016-05-04,59.2300,59.9600,58.8200,59.1100,8062777
2016-05-03,59.2400,59.8450,59.0300,59.5200,8061253
2016-05-02,59.0900,59.7450,58.9900,59.5900,8647783
2016-04-29,58.4100,59.0870,58.1000,58.9400,8178624
2016-04-28,58.9500,59.8900,58.4200,58.5400,6027460
2016-04-27,59.6300,59.7300,58.6299,59.2700,8093578
2016-04-26,59.3100,59.9700,59.2700,59.5400,5581020
2016-04-25,59.3400,59.4200,58.7600,59.2100,6117737
2016-04-22,60.1800,60.2200,58.9700,59.4300,8294324
2016-04-21,60.5300,60.5300,59.7100,60.0800,7155698
2016-04-20,59.4300,60.2400,59.4300,59.6200,7177408
2016-04-19,59.9600,59.9900,59.3300,59.5600,6593404
2016-04-18,59.3800,60.0000,59.3800,59.5700,6075901
2016-04-15,59.0200,59.5900,58.3900,59.5000,7651165
2016-04-14,59.7100,60.3400,59.4400,59.4900,7785128
2016-04-13,59.0200,59.9500,58.8300,59.5800,10628662
2016-04-12,58.0000,58.6200,56.8900,58.5500,12471043
2016-04-11,59.7300,59.7800,57.8200,57.9200,12592996
2016-04-08,60.4900,60.5600,59.3200,59.4200,8760503
2016-04-07,59.7900,60.5800,59.7100,60.3000,7092447
2016-04-06,59.6000,60.6800,59.1900,60.3100,10200914
2016-04-05,59.6200,60.1700,59.4400,59.6700,7553879
2016-04-04,61.7300,61.8500,59.4200,59.9700,16522261
2016-04-01,61.2200,61.8199,61.1500,61.5900,7555022
2016-03-31,61.9900,62.6400,61.3100,61.4700,8257617
2016-03-30,61.7700,62.4100,61.7700,62.0400,7859032
2016-03-29,61.2600,61.9000,61.2500,61.4900,7837765
2016-03-28,61.5800,61.9800,61.2500,61.3400,7898843
2016-03-24,62.0600,62.1400,61.1200,61.6500,12228762
2016-03-23,61.3300,63.4500,61.1500,62.4400,26980673
2016-03-22,64.8300,65.4400,64.1700,64.9000,17966998
2016-03-21,63.5500,65.2900,63.4000,64.7200,13615001
2016-03-18,63.5500,63.9750,62.8500,62.9900,13191259
2016-03-17,61.7600,63.3800,61.7400,63.1800,9924755
2016-03-16,61.4700,62.2300,61.2898,61.8600,7018279
2016-03-15,60.5000,61.7500,60.3550,61.4000,6188824
2016-03-14,60.1900,61.3300,60.1000,60.8100,7090309
2016-03-11,59.1300,60.4400,59.1300,60.0800,8833870
2016-03-10,58.7000,59.0400,57.9700,58.8800,9402476
2016-03-09,59.5800,59.6200,57.9500,58.3300,12766345
2016-03-08,59.0300,60.6000,58.7100,59.8100,9280816
2016-03-07,61.0700,61.1400,58.7900,59.2500,12826402
2016-03-04,61.4200,61.5399,60.3801,61.2600,7278926
2016-03-03,62.0500,62.2000,60.9200,61.4700,7923962
2016-03-02,62.5200,62.8900,61.5000,62.2200,8465815
2016-03-01,61.9700,63.1000,61.7500,62.9200,7433722
2016-02-29,62.4600,62.6800,61.5800,61.5900,7716217
2016-02-26,62.6400,63.4900,62.4657,62.6000,8895227
2016-02-25,60.6800,62.3800,60.6299,62.3800,8523728
2016-02-24,59.7400,60.6950,59.2000,60.4000,10390788
2016-02-23,60.2600,60.7400,59.8900,60.2100,7504589
2016-02-22,59.6500,60.4750,59.2600,60.1700,11523396
2016-02-19,58.5000,59.3100,57.6300,59.3100,10079486
2016-02-18,58.1700,58.9600,57.9800,58.6000,9658603
2016-02-17,58.6000,58.6000,57.1000,58.1700,10332598
2016-02-16,57.5700,58.0000,56.8200,57.7900,8056644
2016-02-12,57.3700,57.4475,55.5000,56.4200,10229487
2016-02-11,56.4600,56.9100,55.3900,56.0000,13089817
2016-02-10,56.5400,58.1800,55.9300,57.4100,13375355
2016-02-09,54.5000,56.6200,54.2800,55.6800,10915445
2016-02-08,56.1000,56.2100,53.6400,55.0400,21213999
2016-02-05,59.7600,59.8400,56.9750,57.1700,14414212
2016-02-04,62.0200,62.1600,59.9900,60.1700,10455614
2016-02-03,62.8800,62.9000,61.3000,62.4900,7213516
2016-02-02,63.0200,63.5000,62.3100,62.5500,9458479
2016-02-01,61.7500,63.4700,61.7000,63.1600,8247137
2016-01-29,61.2000,62.1600,61.2000,62.0100,10475094
2016-01-28,60.3200,61.6000,59.9800,61.2000,10205839
2016-01-27,60.9600,61.0999,59.2000,59.5800,8592600
2016-01-26,60.4900,61.3700,60.2715,61.1100,8004590
2016-01-25,61.0900,61.3000,60.6200,60.7000,10383323
2016-01-22,61.2900,61.4700,60.5900,60.8800,8427350
2016-01-21,59.0800,61.1600,59.0600,60.5600,16120099
2016-01-20,57.2500,59.5900,56.7500,59.0400,16233497
2016-01-19,58.1900,59.0700,57.6700,58.3200,9923509
2016-01-15,56.9300,58.1400,56.5900,57.5600,12208075
2016-01-14,59.0000,59.3500,57.2800,58.5100,9987696
2016-01-13,60.5300,60.5300,58.6700,58.7800,9944268
2016-01-12,60.3500,60.8200,59.5700,59.9400,8291497
2016-01-11,58.9700,60.0400,58.5350,59.5500,12824098
2016-01-08,60.0600,60.7900,58.6600,58.8700,11177517
2016-01-07,60.3900,61.2600,59.7800,59.8500,10875987
2016-01-06,61.3000,62.0400,61.1500,61.4900,6550841
2016-01-05,61.7200,62.5900,61.7200,62.3800,9220223
2016-01-04,61.1100,61.9100,60.8600,61.5200,11625862
2015-12-31,63.1500,63.1700,62.5000,62.5000,6452574
2015-12-30,64.3600,64.4000,63.1700,63.2500,5815007
2015-12-29,64.3100,64.4800,64.0200,64.2600,6708558
2015-12-28,63.2100,63.8800,62.8000,63.8100,8785445
2015-12-24,64.5500,64.7300,62.1500,63.1800,13890843
2015-12-23,136.2400,136.3900,127.8200,128.7100,28648158
2015-12-22,131.4800,131.8500,129.8200,131.8500,8565416
2015-12-21,129.6800,130.3100,128.6100,129.8000,4482926
2015-12-18,129.7300,130.5324,128.3700,128.5200,6885294
2015-12-17,131.7000,131.8500,130.0700,130.2200,3700400
2015-12-16,129.3700,131.2000,128.8200,130.9300,3771004
2015-12-15,129.6000,130.0000,128.3500,128.6100,3434762
2015-12-14,126.6300,128.3300,126.1200,127.8600,3994364
2015-12-11,127.6200,127.7400,125.6700,126.2900,4137612
2015-12-10,128.7200,129.6400,128.0100,128.6400,2841206
2015-12-09,130.7600,131.5400,127.7400,128.8400,3721445
2015-12-08,130.8700,132.7400,130.4300,131.7000,2802605
2015-12-07,132.7500,132.9000,130.6100,131.6000,3093483
2015-12-04,129.8000,132.9200,129.8000,132.3300,3700895
2015-12-03,133.1100,133.3600,129.0000,129.1200,5322794
2015-12-02,132.8500,133.2200,132.1000,132.6500,3982455
2015-12-01,132.1200,133.4200,131.9200,133.3100,3427582
2015-11-30,133.9300,134.1900,131.6400,132.2800,4367714
2015-11-27,134.9200,135.3000,133.3310,134.3300,2264117
2015-11-25,133.0800,134.5500,133.0300,134.1300,3494196
2015-11-24,131.6300,132.9800,131.2600,132.5100,2655751
2015-11-23,132.8200,133.0000,131.7800,132.4600,3567411
2015-11-20,132.0700,132.8000,130.4800,132.6500,9529488
2015-11-19,126.2600,126.9900,125.3800,125.7800,4266347
2015-11-18,123.0400,126.0300,122.6600,125.7800,5298104
2015-11-17,123.0500,123.6000,120.4200,122.5800,5290613
2015-11-16,121.8000,123.4800,121.3400,123.4600,4572686
2015-11-13,125.0800,125.2200,121.1542,121.8600,8182791
2015-11-12,127.0000,128.0000,125.4100,125.9800,4692665
2015-11-11,130.2800,130.5900,127.2800,127.4200,4289025
2015-11-10,130.0900,130.6900,129.5300,130.0000,2643708
2015-11-09,131.2500,131.4200,129.2700,130.4800,3090197
2015-11-06,131.6000,132.9400,131.3600,131.7800,2418812
2015-11-05,131.1800,132.4400,130.4625,131.8600,2534149
2015-11-04,131.3900,131.8700,129.8800,130.3600,2595134
2015-11-03,131.2400,131.7000,130.6800,131.4000,2745822
2015-11-02,131.7300,132.0000,129.4600,131.1900,3061455
2015-10-30,131.5500,131.6184,130.0700,131.0300,3615414
2015-10-29,130.6800,131.4650,129.9600,131.1200,2479488
2015-10-28,131.7200,132.0500,129.9300,131.2900,3545553
2015-10-27,131.0000,131.2400,129.6600,130.8200,3074820
2015-10-26,130.2700,132.2280,130.2700,131.3800,3441359
2015-10-23,133.0700,133.2000,128.9100,130.5300,5258868
2015-10-22,132.8700,133.4500,130.5800,132.4100,4647353
2015-10-21,132.6500,133.2200,131.8300,132.4700,2752660
2015-10-20,133.0500,133.3600,131.9700,132.3700,4552098
2015-10-19,131.7100,133.5200,131.1100,133.2100,6293928
2015-10-16,129.5000,130.5900,128.8700,130.4700,4660645
2015-10-15,127.2200,129.1700,126.9600,128.7900,5382399
2015-10-14,125.9900,126.6100,125.3900,125.8400,3254479
2015-10-13,126.0000,126.5400,125.5900,125.8100,3177677
2015-10-12,125.2000,127.1000,125.0200,126.4300,2724455
2015-10-09,124.5600,125.3400,124.0900,124.9400,3470261
2015-10-08,122.9200,125.2400,122.6700,124.9100,3811322
2015-10-07,123.6100,124.4500,121.0000,122.1000,5111440
2015-10-06,124.2700,124.8000,122.5900,123.1900,3832541
2015-10-05,125.8400,126.4900,124.0900,124.2700,4823510
2015-10-02,122.0900,125.2100,121.5600,125.2100,4556998
2015-10-01,123.1600,123.9400,121.2800,123.8300,4495745
2015-09-30,120.7400,123.1200,120.7400,122.9700,4693230
2015-09-29,122.0000,122.0900,119.0500,119.6700,7206907
2015-09-28,124.5000,124.7600,120.8500,122.1400,8211486
2015-09-25,123.1250,125.9500,122.7000,125.0000,18482580
2015-09-24,114.3000,115.1500,113.5000,114.7900,7120510
2015-09-23,115.9700,116.6000,115.2000,115.4300,4527853
2015-09-22,115.2500,116.1600,114.3800,115.9700,3776330
2015-09-21,115.6700,117.0900,114.7610,116.5600,4371814
2015-09-18,114.1500,115.6300,113.7600,115.0500,9307499
2015-09-17,115.2400,116.7900,114.5600,115.2700,4031321
2015-09-16,114.3300,115.9100,113.8400,115.5800,4051961
2015-09-15,111.9000,114.0800,110.8000,113.8400,3849656
2015-09-14,111.5100,112.0600,111.1400,111.8900,3416637
2015-09-11,110.2300,111.8400,109.9900,111.8200,2794548
2015-09-10,109.6600,111.0400,108.9400,110.3800,3681451
2015-09-09,112.7100,112.9900,109.6100,109.8600,3174861
2015-09-08,111.4600,111.8700,110.2201,111.7500,2755038
2015-09-04,109.2200,110.4300,108.9400,109.6900,3563534
2015-09-03,111.2300,112.0900,110.4100,110.8500,3032526
2015-09-02,110.0000,110.7800,109.2000,110.7000,4267837
2015-09-01,109.1100,109.8300,108.0300,108.6300,4692164
2015-08-31,111.6400,112.4900,111.2300,111.7500,3536250
2015-08-28,112.3500,113.0000,111.6400,112.5000,3761708
2015-08-27,110.1900,112.6900,109.6300,112.6200,6808465
2015-08-26,106.5000,109.0100,103.9800,108.7600,7567000
2015-08-25,107.2800,107.3100,103.4797,103.5300,6807859
2015-08-24,100.2600,107.3800,94.5000,103.8700,9941020
2015-08-21,111.4700,111.6600,106.8400,106.8700,7945729
2015-08-20,113.7100,114.4500,112.2400,112.3000,3268423
2015-08-19,114.0000,116.0500,113.5500,114.9600,3108217
2015-08-18,115.1200,115.6800,114.5900,114.8200,1835705
2015-08-17,114.1200,115.1300,113.0900,114.9800,1958730
2015-08-14,113.5900,114.5649,113.1100,114.3600,2343067
2015-08-13,113.2700,114.5250,112.9500,113.6000,2953866
2015-08-12,113.5400,113.7500,110.6500,113.0600,3587342
2015-08-11,114.1400,114.9900,113.6300,114.4600,2553706
2015-08-10,115.3900,116.1700,114.8500,115.3600,2306632
2015-08-07,114.7200,114.9590,113.1000,114.5100,2953945
2015-08-06,117.0000,117.5000,114.3700,115.1200,3105653
2015-08-05,116.6100,117.7199,116.3500,116.7500,3416707
2015-08-04,114.9500,115.9300,114.3300,115.7700,2614496
2015-08-03,115.5100,116.0000,113.5900,114.8300,2495999
2015-07-31,115.5000,115.9400,114.8300,115.2200,2539325
2015-07-30,114.9500,115.4000,113.9410,115.0100,2797031
2015-07-29,113.5800,115.3400,113.5000,114.9200,3419946
2015-07-28,112.0700,113.9100,111.8500,113.4700,3474118
2015-07-27,112.4000,112.9200,110.9500,111.7300,3324030
2015-07-24,114.1800,114.1800,112.4730,112.9900,2983421
2015-07-23,114.5000,114.7040,113.8120,114.0000,3357394
2015-07-22,112.8700,114.2200,112.8700,114.0900,2977064
2015-07-21,112.9800,113.5700,112.7200,112.9900,2313150
2015-07-20,113.2700,113.5500,112.8200,113.1300,2989051
2015-07-17,112.3700,112.9800,111.9000,112.8000,2272557
2015-07-16,112.7600,112.9000,111.8500,112.3400,2167857
2015-07-15,112.0000,112.3900,111.6900,111.9000,2508568
2015-07-14,112.8400,113.0600,111.9200,112.3400,2779664
2015-07-13,111.2400,112.5500,110.8000,112.4100,2523821
2015-07-10,110.5300,110.8000,109.0000,110.5200,2579578
2015-07-09,110.2400,110.9200,109.1900,109.4400,3084201
2015-07-08,110.2200,110.7521,109.0000,109.2700,3366817
2015-07-07,110.0800,111.3300,109.0600,111.2900,3603515
2015-07-06,109.0900,110.5100,109.0100,109.8400,2495412
2015-07-02,109.9100,110.7300,109.0900,109.8700,2950011
2015-07-01,108.9500,109.4300,108.5900,109.4300,2961976
2015-06-30,108.8500,108.8800,107.8000,108.0200,3765554
2015-06-29,109.2700,109.4900,107.6600,107.6700,4501438
2015-06-26,108.3700,110.3400,105.2200,109.7100,10141309
2015-06-25,106.8100,106.8100,104.6700,105.2200,5383369
2015-06-24,107.2000,107.3700,106.0400,106.2200,2527248
2015-06-23,107.2000,107.2600,106.8200,107.2000,2967143
2015-06-22,106.8600,107.4500,106.6500,106.7900,2093331
2015-06-19,106.0300,106.8500,105.9400,106.5300,3639264
2015-06-18,105.0500,106.6700,105.0100,106.0000,2844860
2015-06-17,104.7400,105.1700,104.0800,104.7500,2036247
2015-06-16,103.4800,104.9800,103.4400,104.5600,2517049
2015-06-15,103.1000,103.8500,102.7300,103.3500,2450997
2015-06-12,103.5500,104.1000,103.2100,103.7800,2066519
2015-06-11,105.0900,105.1200,103.4700,103.8800,3089014
2015-06-10,101.8300,104.0300,101.6600,103.3400,3135199
2015-06-09,101.4900,101.9260,100.7800,101.3500,1738422
2015-06-08,101.6000,101.8900,101.3800,101.4400,2157045
2015-06-05,101.5000,102.2500,101.1300,102.0300,1895873
2015-06-04,102.0600,103.3000,101.6200,101.9500,2233584
2015-06-03,102.2900,103.0900,101.7700,102.5100,2383352
2015-06-02,101.8000,102.6900,101.5000,102.1100,2487338
2015-06-01,101.7700,102.2900,101.4500,101.7600,2472055
2015-05-29,102.3000,102.3800,101.0400,101.6700,2781140
2015-05-28,102.2300,102.9500,101.5100,102.3000,2890833
2015-05-27,103.4800,103.9200,102.3100,102.8400,4447579
2015-05-26,104.4300,104.7500,103.1800,103.4200,2845684
2015-05-22,105.2100,105.2200,104.0400,104.4300,2827388
2015-05-21,104.8700,105.2000,104.2400,104.4000,2726420
2015-05-20,104.9200,105.1500,104.2100,104.6100,2699951
2015-05-19,104.6200,105.1799,104.3500,104.6400,2985644
2015-05-18,105.1100,105.5000,104.4200,104.7500,2522491
2015-05-15,103.6500,105.0300,103.3700,104.9800,3932508
2015-05-14,102.9400,103.5050,102.3100,103.4400,2716427
2015-05-13,102.6900,102.7300,101.7900,102.1600,2254143
2015-05-12,101.9800,102.6900,101.6000,102.3700,2338220
2015-05-11,102.4200,103.2200,102.0900,102.7900,2668832
2015-05-08,102.2900,103.3000,102.2900,102.4400,2767371
2015-05-07,100.4500,101.5900,100.0150,101.4500,2763164
2015-05-06,100.2700,101.0000,99.6800,100.2200,2697950
2015-05-05,100.4300,100.8700,100.2600,100.4200,2552252
2015-05-04,101.0000,101.2000,100.4845,100.8300,2278890
2015-05-01,99.8800,100.8200,99.4100,100.7800,3341749
2015-04-30,99.7500,100.5100,98.4600,98.8400,3248480
2015-04-29,99.5300,100.4900,99.2600,100.1700,2695914
2015-04-28,100.8000,100.8000,99.1903,99.8600,3015812
2015-04-27,101.2700,102.0000,100.7700,100.9400,2565425
2015-04-24,100.4600,101.2800,100.2100,100.9500,2166951
2015-04-23,99.7800,101.6000,99.4500,101.1100,2332843
2015-04-22,100.3000,100.3900,99.2900,100.1500,1952895
2015-04-21,100.7600,100.8500,99.7200,100.2900,2562651
2015-04-20,99.0800,100.3400,99.0200,99.9900,3104286
2015-04-17,99.1700,99.3700,98.1400,98.5500,3024566
2015-04-16,99.4900,100.1700,99.4000,99.9000,2051969
2015-04-15,100.6300,100.7300,99.7300,99.8300,2858142
2015-04-14,99.0600,99.8100,98.7000,99.5300,2385422
2015-04-13,99.9700,100.0600,99.0600,99.2700,3656866
2015-04-10,100.9200,101.0800,99.9300,99.9700,2959020
2015-04-09,101.0000,101.6900,100.6000,100.7200,2650094
2015-04-08,100.0000,100.9700,99.7200,100.8400,3261184
2015-04-07,99.7300,100.2600,99.4700,99.6100,1996819
2015-04-06,98.7500,100.6300,98.5500,99.7300,2513707
2015-04-02,100.0400,100.3200,99.3906,99.6600,1920221
2015-04-01,100.0000,100.2800,98.3400,99.5500,3302678
2015-03-31,100.8800,101.8400,100.2900,100.3300,3154617
2015-03-30,101.2300,101.5500,100.5400,100.8900,2717129
2015-03-27,99.1200,100.1800,99.1200,99.8800,2201650
2015-03-26,98.3400,100.0900,97.6700,99.3300,4739846
2015-03-25,101.0000,101.1800,98.9400,98.9900,4066647
2015-03-24,101.0500,101.6600,100.6000,100.6500,3798977
2015-03-23,101.5500,102.6000,101.2000,101.4600,5235934
2015-03-20,102.6300,103.7900,101.2500,101.9800,14889910
2015-03-19,97.8100,98.6200,97.2100,98.3200,6712390
2015-03-18,96.5400,97.8700,95.6100,97.5100,4426465
2015-03-17,96.1400,96.7800,95.5100,96.5400,3203770
2015-03-16,96.2000,96.8000,95.9300,96.4400,4248144
2015-03-13,97.0400,97.4800,95.3000,95.8100,3697443
2015-03-12,95.5000,97.1000,95.3800,97.0400,2904898
2015-03-11,96.3800,97.0800,95.1800,95.3400,3726346
2015-03-10,96.4200,96.9701,96.2500,96.5100,3547993
2015-03-09,97.0900,97.8200,96.9400,97.4300,2969434
2015-03-06,98.4600,98.6900,96.6000,96.9100,3587348
2015-03-05,97.9600,98.6800,97.7900,98.4600,3316847
2015-03-04,97.6700,97.8700,96.9600,97.5200,2421052
2015-03-03,98.4400,98.4700,97.1200,97.9700,3494333
2015-03-02,96.8900,98.8600,96.7500,98.7500,5512474
2015-02-27,96.9500,97.4050,96.6300,97.1200,3559328
2015-02-26,96.6600,97.3300,96.6500,96.9900,2967471
2015-02-25,95.4200,97.2000,95.4200,96.8200,3526777
2015-02-24,94.7500,95.5400,94.7500,95.4200,2619714
2015-02-23,94.9200,95.2300,94.2800,95.0100,2311108
2015-02-20,93.6100,95.2900,93.3500,94.9300,3698875
2015-02-19,93.4800,94.2600,93.4800,93.7000,3302616
2015-02-18,91.5400,93.7650,91.4300,93.6200,4071858
2015-02-17,91.7400,92.9000,91.7200,91.8600,3685478
2015-02-13,92.0200,92.5700,91.9000,92.0400,3847781
2015-02-12,91.4600,92.6600,90.8000,92.0000,5927893
2015-02-11,92.4900,92.7500,90.9500,91.3100,4270096
2015-02-10,91.7400,93.1000,91.2200,92.7500,3847303
2015-02-09,91.5000,91.7000,90.6901,91.1700,3669698
2015-02-06,93.4000,93.4700,91.5400,91.7900,3690692
2015-02-05,92.8800,93.5900,92.5600,93.3400,2877154
2015-02-04,92.7700,93.2700,92.2700,92.5400,3593557
2015-02-03,92.2300,93.3900,92.0300,93.3500,3970058
2015-02-02,92.6800,92.6900,90.7700,91.9200,4028278
2015-01-30,93.9200,94.3600,92.1000,92.2500,4052859
2015-01-29,93.6700,94.8700,93.1700,94.8700,3401183
2015-01-28,95.0000,95.3200,93.2500,93.3100,3201338
2015-01-27,95.3000,95.4500,94.1200,94.5000,3348432
2015-01-26,96.0000,96.4650,95.5500,96.3500,2481990
2015-01-23,96.1400,96.7500,95.6500,96.1600,3390503
2015-01-22,94.3500,96.1100,93.5600,95.8500,3475366
2015-01-21,93.1100,94.1300,93.0100,93.5100,2927030
2015-01-20,93.4400,93.8900,92.6200,93.6100,4695289
2015-01-16,92.7700,93.1300,92.0300,92.9900,4384999
2015-01-15,94.6300,94.6800,92.5700,92.8100,2117475
2015-01-14,93.3800,94.3700,92.9100,93.7100,3375127
2015-01-13,96.3400,97.4500,94.6300,95.0100,3105115
2015-01-12,95.9100,96.5200,95.2300,95.8600,2815367
2015-01-09,96.9300,96.9900,95.6000,95.9900,2323612
2015-01-08,95.6600,97.1000,95.6200,97.0600,2998522
2015-01-07,93.6100,95.3000,93.1000,94.8700,3628022
2015-01-06,93.8900,94.1500,92.0700,92.9500,3787690
2015-01-05,94.5100,94.5500,93.1300,93.5000,3444586
2015-01-02,96.5500,96.9500,94.1100,95.0300,2492872
2014-12-31,96.9700,97.6100,96.0400,96.1500,2348728
2014-12-30,96.8800,97.3000,96.6200,96.8800,2073429
2014-12-29,96.6100,97.6500,96.6100,97.3000,2008867
2014-12-26,96.5100,97.2100,96.2500,96.8300,1572309
2014-12-24,96.4000,97.3500,96.0850,96.2900,1220605
2014-12-23,96.0000,96.5100,95.5900,95.9700,2626223
2014-12-22,95.1300,95.9300,95.0200,95.9300,3831094
2014-12-19,95.5000,96.2800,92.8300,94.8400,13500984
2014-12-18,96.2700,97.0800,95.0600,97.0800,9455387
2014-12-17,93.7300,94.7600,92.9000,94.5000,5602560
2014-12-16,95.3500,95.4200,92.9700,93.2100,7306392
2014-12-15,96.4300,96.9300,94.7800,95.4300,5076347
2014-12-12,96.6500,97.8900,96.1700,96.1700,4131492
2014-12-11,97.4800,98.6000,96.8400,96.9300,4361722
2014-12-10,96.4800,98.2400,96.4600,97.6600,3228598
2014-12-09,97.0600,97.4000,95.9800,97.0300,2994696
2014-12-08,99.0500,99.0500,97.3000,97.7200,2578974
2014-12-05,99.2600,99.5000,98.8300,99.3300,1704122
2014-12-04,98.5000,99.3900,98.0600,99.0500,2064095
2014-12-03,98.1600,98.6000,97.5200,98.5000,1896350
2014-12-02,98.0600,98.7200,97.6900,98.0400,2191963
2014-12-01,98.6600,99.3900,97.6600,97.6900,2569551
2014-11-28,98.3400,99.7600,98.2300,99.2900,1804745
2014-11-26,97.3000,97.8800,97.1000,97.8000,1974379
2014-11-25,98.3000,98.5000,97.2700,97.2900,3088560
2014-11-24,97.7900,98.5000,97.7400,97.9500,2540661
2014-11-21,98.6900,98.9600,96.6600,97.4200,3508239
2014-11-20,96.6200,97.7000,96.3100,97.3000,2411175
2014-11-19,96.5000,97.1000,96.3500,96.9500,2292945
2014-11-18,95.9900,96.8500,95.7600,96.4700,2401742
2014-11-17,95.3700,96.1900,95.0400,96.0600,2965367
2014-11-14,95.7900,95.8800,95.0100,95.5000,3202977
2014-11-13,96.1800,96.5500,95.5600,96.1200,2708673
2014-11-12,94.4500,95.9200,94.2300,95.8100,2509002
2014-11-11,95.2000,95.3000,94.5800,94.8800,2281574
2014-11-10,94.0400,95.0700,94.0400,94.9600,2949062
2014-11-07,94.7500,94.7500,93.5350,93.7800,2454896
2014-11-06,94.8500,95.0900,94.5400,94.6000,2740860
2014-11-05,94.8400,94.8400,93.7100,94.6800,3256857
2014-11-04,93.0600,94.0200,92.6161,93.9500,2220691
2014-11-03,93.3500,93.4800,92.8700,93.4500,2431652
2014-10-31,94.1300,94.1400,92.6700,92.9700,3231800
2014-10-30,91.7700,93.0000,91.5500,93.0000,2292265
2014-10-29,92.1600,92.5400,91.4201,91.9500,2499865
2014-10-28,91.5300,92.4500,91.3100,92.4500,3179216
2014-10-27,90.9100,91.7800,90.4300,91.6400,2909081
2014-10-24,89.9500,90.9900,89.9110,90.9000,2465499
2014-10-23,90.1300,91.3200,89.9500,90.3700,3095926
2014-10-22,90.6500,91.5300,89.8100,89.8600,3544351
2014-10-21,89.3000,90.7000,89.0200,90.6400,3234569
2014-10-20,86.8000,88.9250,86.7700,88.9000,3371713
2014-10-17,87.7800,88.3500,86.9300,87.1800,5703582
2014-10-16,84.1900,87.2500,83.8500,87.0400,6821962
2014-10-15,85.1200,87.1000,84.1000,85.1800,8786022
2014-10-14,85.7800,85.9100,84.8400,85.0900,4927161
2014-10-13,86.9600,87.1200,85.2400,85.3900,4005213
2014-10-10,87.4400,88.2000,87.0100,87.1900,4524141
2014-10-09,88.4500,88.9900,87.1000,87.2300,3731136
2014-10-08,88.1100,89.1600,87.5300,88.8300,3740644
2014-10-07,88.6000,89.1900,88.0300,88.0700,2743377
2014-10-06,90.2900,90.5000,88.5600,89.2200,3515607
2014-10-03,89.7600,90.4500,89.1700,90.2900,4399210
2014-10-02,87.6700,89.5100,86.8800,89.3000,4372095
2014-10-01,88.9100,89.0000,87.5100,87.7000,4735980
2014-09-30,88.6900,90.2900,88.4000,89.2000,5792008
2014-09-29,88.2700,90.1000,88.2700,89.1200,7425242
2014-09-26,79.7500,79.7500,79.7500,79.7500,17554398
2014-09-25,80.6800,80.6800,79.2700,79.7500,5742049
2014-09-24,80.1400,80.8700,79.9200,80.8400,3376150
2014-09-23,80.5200,80.5800,79.8900,80.1200,3006050
2014-09-22,81.6800,81.8700,80.2000,80.7100,4068579
2014-09-19,82.6400,82.7400,81.3300,81.8100,9852200
2014-09-18,81.8500,82.0000,81.2500,81.9700,3196700
2014-09-17,81.5500,81.8300,81.0000,81.5100,3721600
2014-09-16,81.2300,81.5400,80.8300,81.2000,4696600
2014-09-15,82.1000,82.1800,81.0100,81.6100,3364500
2014-09-12,81.9700,82.0000,81.4100,81.8400,2963100
2014-09-11,82.1600,82.5900,81.5400,81.8200,3730200
2014-09-10,81.7300,82.6100,81.5000,82.4700,3371200
2014-09-09,82.2700,82.5400,81.5100,81.8400,4059500
2014-09-08,81.9200,82.7900,81.0900,82.4000,5864100
2014-09-05,79.5400,82.1100,79.3500,82.0400,6190300
2014-09-04,79.2000,80.2200,79.1800,79.9200,3011400
2014-09-03,79.7900,79.8800,78.5400,78.8200,2204800
2014-09-02,78.3500,79.5200,78.3500,79.2800,4082100
2014-08-29,78.8500,78.9400,78.2700,78.5500,3211500
2014-08-28,79.0200,79.2200,78.6600,78.8200,2584600
2014-08-27,79.9900,79.9900,79.4200,79.7200,1839700
2014-08-26,80.0300,80.1000,79.4200,79.4800,2608200
2014-08-25,79.6000,80.3000,79.5000,80.0100,2537200
2014-08-22,79.2500,79.7300,78.9200,79.2900,2903700
2014-08-21,79.0400,79.4000,78.6500,78.9400,2000900
2014-08-20,78.1900,79.0800,78.1900,78.9100,1982900
2014-08-19,78.7100,79.0900,78.3500,78.5100,2212000
2014-08-18,77.7300,78.6900,77.5700,78.5500,2848700
2014-08-15,77.7200,78.0000,76.4930,77.1300,2245000
2014-08-14,77.5200,77.8100,76.9600,77.3000,1967500
2014-08-13,77.0800,77.7900,76.5400,77.2500,3200200
2014-08-12,77.0000,77.4425,76.4900,76.7300,4571000
2014-08-11,77.4800,77.5000,76.9800,77.0600,3914300
2014-08-08,76.3100,77.1000,75.9000,77.0600,3357400
2014-08-07,77.7000,77.7300,75.9800,76.3500,3368700
2014-08-06,76.5100,77.2400,76.4500,77.1400,2537200
2014-08-05,76.7600,77.6400,76.5300,76.9200,2433100
2014-08-04,76.8800,77.4050,76.2920,77.1600,2419700
2014-08-01,79.7900,79.8800,78.5400,78.8200,2912900
2014-07-31,78.6600,79.0200,76.9800,77.1300,3898400
2014-07-30,78.3900,79.9400,78.2800,79.6100,4524100
2014-07-29,78.4200,78.8600,78.1000,78.1000,2334800
2014-07-28,77.9300,78.6000,77.5200,78.4000,555778
2014-07-25,78.3600,78.7700,77.6200,77.7200,542713
2014-07-24,77.9400,78.7700,77.8600,78.6000,4015100
2014-07-23,77.2600,77.4500,76.8300,77.3700,2046100
2014-07-22,77.1100,77.6400,77.0000,77.0400,2518000
2014-07-21,76.8300,77.3000,76.7000,76.8200,2104700
2014-07-18,76.8500,77.7100,76.6700,77.5200,3032600
2014-07-17,76.4300,76.9700,76.3000,76.5300,3730800
2014-07-16,77.8500,78.2300,76.7700,76.9200,3724800
2014-07-15,77.5200,78.2099,77.4800,78.0300,3253000
2014-07-14,77.9500,78.1900,77.5900,77.9500,2751700
2014-07-11,77.2800,77.5900,76.7600,77.2900,2879000
2014-07-10,77.2700,77.8100,76.7900,77.5000,3178500
2014-07-09,77.7800,78.7650,77.6900,78.6900,3514400
2014-07-08,78.3100,78.4100,77.0700,77.6700,4022200
2014-07-07,78.0000,78.8300,77.9400,78.6500,2732400
2014-07-03,77.5300,78.6200,77.0000,78.4500,2284300
2014-07-02,78.0600,78.4050,77.6900,77.7900,2788600
2014-07-01,77.7300,78.5400,77.7300,78.0000,3564600
2014-06-30,77.5100,77.7300,77.0900,77.5500,4267900
2014-06-27,78.5300,79.1500,77.6800,77.6800,9069200
2014-06-26,76.5700,76.9100,75.6700,76.8600,5261300
2014-06-25,75.0300,76.5400,75.0300,76.4700,3586100
2014-06-24,75.3900,75.9650,74.9300,74.9800,3808500
2014-06-23,75.1000,75.6100,74.4000,75.4500,4534600
2014-06-20,76.0900,76.1300,75.0500,75.1000,5692800
2014-06-19,76.4300,76.4500,75.2100,75.6400,2488800
2014-06-18,75.2400,76.3602,74.7200,76.2100,4926100
2014-06-17,74.7700,75.1600,74.2500,75.0900,3061100
2014-06-16,74.8100,75.3000,74.4000,74.5500,3265700
2014-06-13,74.7400,74.9300,73.1400,74.6200,3856100
2014-06-12,75.1900,75.4400,74.5800,74.7700,3165300
2014-06-11,75.6700,75.8000,74.9000,75.1400,4625000
2014-06-10,76.3400,76.9200,76.2400,76.3100,2575100
2014-06-09,76.1000,76.9100,76.1000,76.6700,2514300
2014-06-06,76.1600,76.8700,76.1500,76.2300,3318800
2014-06-05,76.3100,76.5370,75.3200,75.8700,3663200
2014-06-04,75.4400,76.3600,75.4200,76.1300,3678400
2014-06-03,76.4200,76.6100,75.4800,75.5500,3396700
2014-06-02,76.9900,76.9900,76.3000,76.7200,1904800
2014-05-30,76.4000,76.9300,76.3000,76.9100,2596200
2014-05-29,76.2000,76.6400,75.9850,76.3800,1993800
2014-05-28,76.5300,76.6100,75.9200,76.2700,2365000
2014-05-27,76.4400,76.8500,76.2200,76.6100,3349000
2014-05-23,75.1300,76.3200,74.9600,75.8500,3667600
2014-05-22,74.4200,74.9300,74.0000,74.8800,2433200
2014-05-21,73.3800,74.2600,73.2600,74.2100,2335900
2014-05-20,74.0400,74.1000,73.1070,73.2600,2960700
2014-05-19,74.0200,74.5500,73.7320,74.4900,2341100
2014-05-16,72.9600,73.9500,72.8300,73.9400,2688400
2014-05-15,73.4100,73.6200,72.3700,72.9400,3019900
2014-05-14,74.4800,74.6500,73.5000,73.5800,3140600
2014-05-13,74.6700,75.0000,74.5300,74.5900,2265100
2014-05-12,73.6200,74.6600,73.3700,74.6300,3318200
2014-05-09,72.8700,73.5770,72.6900,73.4500,2408500
2014-05-08,72.2800,73.3500,72.2500,73.0500,3982600
2014-05-07,72.7100,72.8250,71.5250,72.1800,2802700
2014-05-06,72.9900,73.1650,72.2100,72.2500,2292600
2014-05-05,72.6700,73.4300,72.2600,73.2900,2327800
2014-05-02,72.9300,73.5300,72.8400,72.9900,2024000
2014-05-01,72.8100,73.3800,72.5900,72.9200,2409100
2014-04-30,72.3300,73.0599,72.0900,72.9500,3086900
2014-04-29,71.7200,72.7200,71.6500,72.4800,3118000
2014-04-28,73.3600,73.6900,71.1000,71.6700,5723400
2014-04-25,73.0900,73.7008,72.5100,72.7000,3240600
2014-04-24,74.0200,74.3700,73.1000,73.3900,3392300
2014-04-23,74.5400,74.8600,74.0101,74.1000,2359700
2014-04-22,73.7100,74.7000,73.7100,74.3500,2561100
2014-04-21,73.9100,74.0600,73.3200,73.9000,3405900
2014-04-17,73.3400,74.4300,73.2850,74.0300,4520800
2014-04-16,72.8400,73.1800,72.5000,73.1000,2305600
2014-04-15,72.3800,72.8700,71.7300,72.2800,3888700
2014-04-14,71.7000,72.4600,71.3000,72.3800,3632400
2014-04-11,72.0000,72.6700,71.2200,71.2500,4349000
2014-04-10,73.7700,74.1700,72.2500,72.4500,4188300
2014-04-09,73.2600,73.6000,72.5300,73.5600,3539200
2014-04-08,72.2200,73.1100,71.9000,72.9200,6329800
2014-04-07,72.8100,72.9400,70.6000,70.8300,6926900
2014-04-04,74.3700,74.5000,72.5200,72.8400,4860100
2014-04-03,74.5600,75.1800,73.8200,73.9900,4127500
2014-04-02,74.7100,75.0000,74.3200,74.5400,3807300
2014-04-01,74.0200,74.7800,74.0200,74.3900,3699700
2014-03-31,74.0000,74.1900,73.4500,73.8600,3178300
2014-03-28,73.5800,74.1200,73.2800,73.5400,2993500
2014-03-27,73.3100,74.1000,73.0100,73.3200,4079300
2014-03-26,74.1800,74.5000,73.2200,73.2200,4268800
2014-03-25,75.3500,75.5100,73.5900,73.6500,5263500
2014-03-24,75.4800,75.8300,74.5700,74.8600,4999500
2014-03-21,77.1000,77.3100,75.0000,75.2100,15883500
2014-03-20,78.9500,79.2700,77.7700,79.2700,6220300
2014-03-19,79.3500,79.9600,78.5600,79.1500,2985200
2014-03-18,79.1800,80.0799,79.0500,79.6400,4122700
2014-03-17,78.8700,79.1400,78.5200,78.9800,4288800
2014-03-14,78.2900,79.0000,77.8100,78.3200,3043000
2014-03-13,79.2500,79.7300,78.3300,78.5300,4200200
2014-03-12,78.1000,79.0000,78.0300,78.9700,2148400
2014-03-11,79.0500,79.6200,78.5700,78.8000,2453300
2014-03-10,79.1700,79.3600,78.4500,78.9800,2672200
2014-03-07,79.1000,80.0900,79.0800,79.4600,4465400
2014-03-06,77.8000,78.3900,77.3600,78.2200,2768200
2014-03-05,78.5200,78.6000,77.3600,77.4200,3366600
2014-03-04,78.5700,79.0500,78.3600,78.6200,2830600
2014-03-03,77.6300,77.9900,76.5500,77.3900,3034600
2014-02-28,77.9000,78.7100,77.6100,78.3000,3437600
2014-02-27,78.0000,78.3900,77.4800,78.0200,3299600
2014-02-26,78.3100,79.0550,78.3100,78.4200,3958700
2014-02-25,77.7300,78.5200,77.5700,78.1100,3422000
2014-02-24,76.5900,78.1400,76.4900,77.8400,5536100
2014-02-21,75.3900,76.6600,75.3600,76.4800,4364300
2014-02-20,74.9900,75.7500,74.8600,75.5800,2790800
2014-02-19,74.6100,75.5460,74.6100,74.8200,2700700
2014-02-18,75.1400,75.4700,74.9000,75.2100,2967800
2014-02-14,74.8700,75.1800,74.2000,75.0700,3102400
2014-02-13,73.8300,74.9564,73.7400,74.8700,3080700
2014-02-12,74.3100,74.8100,73.8400,74.1100,3198100
2014-02-11,72.6500,74.1450,72.4500,73.9800,4369700
2014-02-10,72.7300,72.9900,72.1225,72.6700,3215200
2014-02-07,71.9100,72.8450,71.7500,72.6900,3373600
2014-02-06,70.7500,72.2700,70.5000,71.5100,3679300
2014-02-05,70.4700,70.8625,69.8500,70.6000,3683400
2014-02-04,70.9600,71.2400,70.3400,70.5100,3502100
2014-02-03,72.7600,72.7900,70.7800,70.8800,4758000
2014-01-31,72.9900,73.3100,72.3600,72.8500,4326000
2014-01-30,72.4500,74.2000,72.3800,73.9400,5219200
2014-01-29,72.3100,72.5700,71.5100,71.7700,5244400
2014-01-28,72.2900,73.1500,72.1500,72.7100,4534600
2014-01-27,71.9100,72.2600,71.7200,71.9000,5705800
2014-01-24,72.2900,72.6600,71.6400,71.6500,4606000
2014-01-23,73.0100,73.1800,72.0200,72.7300,4752600
2014-01-22,73.9600,74.0600,73.5000,73.5000,3712000
2014-01-21,74.1400,74.6000,73.4100,73.7500,6573500
2014-01-17,74.6000,74.7400,73.3800,73.3900,4925900
2014-01-16,75.2300,75.3800,74.3500,74.7900,2424000
2014-01-15,75.2500,75.7300,75.1400,75.4300,2926200
2014-01-14,75.1000,75.3400,74.6500,75.1700,3904200
2014-01-13,76.8300,76.9200,75.0000,75.1800,4131200
2014-01-10,77.0000,77.3500,76.7000,76.9200,2554000
2014-01-09,77.4200,77.4600,76.7600,77.0900,3131600
2014-01-08,77.5000,77.9500,76.9300,77.0900,3448900
2014-01-07,77.7100,78.0000,77.4100,77.4900,3384500
2014-01-06,78.4700,78.6000,77.4050,77.4300,3022900
2014-01-03,78.1500,78.6300,77.9600,78.0300,2798500
2014-01-02,78.1500,78.8300,77.9300,78.2400,2659300
2013-12-31,78.7700,78.9500,78.3450,78.6400,2053100
2013-12-30,77.9200,78.8900,77.9200,78.7400,2144500
2013-12-27,78.7500,79.0100,78.0300,78.1600,2320400
2013-12-26,77.7400,78.4600,77.7000,78.1900,2304900
2013-12-24,77.2200,77.7970,77.2100,77.6600,1391300
2013-12-23,77.0900,77.4400,76.6900,77.1100,4688400
2013-12-20,77.4400,77.7000,76.6400,77.3400,10221300
2013-12-19,78.5700,78.7500,77.7600,78.2600,5147300
2013-12-18,77.0000,78.5800,76.9500,78.5500,5407200
2013-12-17,76.9400,77.2450,76.3950,76.7600,6990300
2013-12-16,76.9100,77.1000,76.2800,76.4400,4865500
2013-12-13,76.3500,76.7900,76.2400,76.4000,3781100
2013-12-12,76.9200,76.9200,75.4200,76.2300,5413000
2013-12-11,78.9200,79.0200,76.7300,76.8400,6655800
2013-12-10,79.3500,79.6550,79.1150,79.2200,2696900
2013-12-09,79.9300,80.2600,79.6700,79.7800,2149600
2013-12-06,79.6200,79.8900,79.2600,79.8600,1947000
2013-12-05,78.9900,79.3400,78.6300,78.9500,2746700
2013-12-04,78.9000,79.1800,78.2600,78.8200,2416600
2013-12-03,78.8900,79.4900,78.5950,79.1300,2564600
2013-12-02,79.4700,80.1400,78.9200,79.0900,3233900
2013-11-29,79.5800,79.7600,79.0800,79.1400,1737600
2013-11-27,79.6900,79.8300,79.0900,79.3300,1867100
2013-11-26,79.7700,79.8699,79.1600,79.6000,3680200
2013-11-25,79.0600,79.6100,78.8800,79.1300,2291700
2013-11-22,78.4550,78.9800,77.9800,78.8700,3517800
2013-11-21,77.8200,78.2200,77.4098,78.0900,2334700
2013-11-20,78.0000,78.6000,77.7300,77.8400,2946500
2013-11-19,78.4100,78.6300,77.5500,77.8100,3221600
2013-11-18,79.4000,79.4000,78.3300,78.5800,2846600
2013-11-15,78.3900,79.2800,78.2500,79.2200,2887000
2013-11-14,78.2300,78.8100,77.8900,78.6400,2382100
2013-11-13,76.5400,77.8900,76.4550,77.8500,2401100
2013-11-12,77.0000,77.2600,76.4000,76.8700,2163700
2013-11-11,77.3000,77.3600,76.7200,77.1600,1761600
2013-11-08,75.5900,77.1400,75.5800,77.1200,2910800
2013-11-07,77.2000,77.3000,75.6601,75.7000,3125400
2013-11-06,77.6600,77.6600,76.1499,76.7600,1972700
2013-11-05,76.0400,77.3200,75.8800,77.2000,3160200
2013-11-04,76.3300,76.5400,75.6300,76.3700,1804600
2013-11-01,75.8000,76.4300,75.6500,76.0600,2110800
2013-10-31,76.0400,76.2700,75.1400,75.7600,4092200
2013-10-30,76.6100,76.8900,75.9500,76.1300,3157100
2013-10-29,75.7800,76.1800,75.5350,75.9100,2100500
2013-10-28,75.7500,75.9800,75.3700,75.5100,3068400
2013-10-25,75.5600,76.3600,75.3500,75.7000,3444500
2013-10-24,75.6100,75.7800,75.2400,75.5100,2813200
2013-10-23,75.5400,75.9400,75.1100,75.5600,2381000
2013-10-22,76.1100,76.4900,75.5200,75.9600,3409400
2013-10-21,75.8900,76.3700,75.5000,76.0900,4996300
2013-10-18,74.5500,75.9900,74.2700,75.9300,4915400
2013-10-17,74.3500,74.6500,74.0850,74.5400,4692200
2013-10-16,74.0900,74.6200,73.7200,74.5200,4375800
2013-10-15,73.9000,74.3700,73.4100,73.7100,3975600
2013-10-14,72.9500,74.1700,72.7800,74.0600,3099900
2013-10-11,73.4700,73.7300,72.8800,73.4600,5396100
2013-10-10,72.1500,73.4500,71.9400,73.4400,5552400
2013-10-09,70.5200,71.4750,69.9600,70.8900,4641100
2013-10-08,71.4600,72.6300,70.1752,70.2800,3757100
2013-10-07,71.4100,71.9700,71.3000,71.3400,2586400
2013-10-04,71.7700,72.3500,71.3200,72.1400,3584100
2013-10-03,71.8900,72.4999,71.0600,71.6400,3572300
2013-10-02,72.0400,72.2600,71.5900,71.8900,4375800
2013-10-01,73.0400,73.2500,72.0200,72.4200,5222200
2013-09-30,72.3000,73.1700,72.1600,72.6400,7398200
2013-09-27,74.8200,75.2500,73.3500,73.6400,15591000
2013-09-26,69.2300,70.4900,69.1500,70.3400,6882500
2013-09-25,69.4300,69.5300,68.7400,68.9200,3941600
2013-09-24,69.4400,69.7200,69.1926,69.4300,3716400
2013-09-23,69.1100,69.5500,68.0400,68.9800,5511000
2013-09-20,69.2000,69.5000,68.1000,69.3700,18578500
2013-09-19,69.7700,70.5600,68.8100,69.5000,7313800
2013-09-18,67.9700,69.8500,67.9300,69.4800,4274000
2013-09-17,68.1800,68.6700,67.9800,68.3200,3876200
2013-09-16,68.7500,68.8200,67.9100,68.1900,2668800
2013-09-13,67.9000,68.1400,67.1900,67.9100,3292300
2013-09-12,67.9600,68.9000,67.8000,68.0800,4124900
2013-09-11,66.9800,67.8199,66.8200,67.5900,4556200
2013-09-10,66.7000,66.9800,65.9600,66.8200,6690000
2013-09-09,65.0600,65.5900,64.9300,65.4000,2073900
2013-09-06,65.4000,65.5500,64.1700,64.9800,2316300
2013-09-05,65.0000,65.5750,64.6900,65.3800,2635800
2013-09-04,64.3300,65.4850,64.3000,65.1300,3550700
2013-09-03,63.6100,64.9000,63.5000,64.2900,4107000
2013-08-30,63.7100,63.7900,62.6000,62.8200,2925500
2013-08-29,62.9900,63.8600,62.8800,63.4800,2300000
2013-08-28,62.7200,63.7000,62.6500,63.3700,3022000
2013-08-27,63.2600,63.7400,62.7900,62.8100,2435400
2013-08-26,64.2000,64.5300,63.9200,63.9200,2736200
2013-08-23,65.1700,65.2200,63.9000,64.2100,4022300
2013-08-22,64.1000,65.1700,63.9000,64.8600,2528000
2013-08-21,64.5700,64.9900,64.0400,64.1300,2385200
2013-08-20,64.5500,65.7100,64.3129,64.6300,3834200
2013-08-19,63.7000,65.1150,63.5000,64.7100,3874800
2013-08-16,63.4400,64.3100,63.3400,63.6500,2630600
2013-08-15,63.7800,64.0000,63.1600,63.4900,3113500
2013-08-14,65.5300,65.6600,64.2300,64.3500,2980900
2013-08-13,66.6100,66.7500,65.6900,65.8100,2149700
2013-08-12,66.0900,66.6000,66.0500,66.5100,2200900
2013-08-09,65.9200,66.7400,65.8400,66.3100,2822400
2013-08-08,66.0600,66.4500,65.7800,66.0500,2528700
2013-08-07,66.1400,66.2400,65.6100,65.6300,2944400
2013-08-06,66.3100,66.8500,65.8849,66.5400,3122000
2013-08-05,66.2000,66.5400,66.1600,66.4000,2106500
2013-08-02,65.9900,66.6100,65.4100,66.3000,3749900
2013-08-01,63.2400,66.1100,63.2400,65.9700,7906600
2013-07-31,63.1200,63.5000,62.7700,62.9200,4230900
2013-07-30,62.6500,63.1000,62.6400,62.8500,3199800
2013-07-29,62.2500,62.7900,62.2500,62.7100,2537800
2013-07-26,62.0500,62.6000,62.0300,62.5300,2758900
2013-07-25,62.7500,62.8900,62.2000,62.4900,4455700
2013-07-24,63.1900,63.4300,62.5700,62.6300,2352700
2013-07-23,63.5200,63.5800,63.1400,63.1900,2144800
2013-07-22,63.1100,63.5700,62.8400,63.2900,2790800
2013-07-19,63.2500,63.5880,63.0800,63.3500,2959700
2013-07-18,63.2400,63.7800,62.9000,63.3200,2243400
2013-07-17,62.6000,63.6700,62.5700,63.3300,3123800
2013-07-16,63.1400,63.4650,62.4700,62.7000,3429100
2013-07-15,63.4600,63.6500,63.2500,63.3500,2880900
2013-07-12,63.6300,63.8300,63.4900,63.6700,2212000
2013-07-11,64.2000,64.4400,63.4400,63.7200,3573000
2013-07-10,63.9100,63.9100,63.3200,63.6000,2550900
2013-07-09,64.0000,64.2800,63.4000,63.9300,3494600
2013-07-08,64.0000,64.6600,63.4800,63.7200,3490800
2013-07-05,63.1600,63.8300,63.1500,63.6400,2578900
2013-07-03,62.2400,62.9350,62.1000,62.8600,1687800
2013-07-02,61.9300,63.0800,61.9000,62.6200,3701200
2013-07-01,63.9400,64.5900,62.2000,62.3300,7199400
2013-06-28,61.9400,64.0700,60.1800,63.6800,13401900
2013-06-27,62.8700,63.2500,62.1300,62.3200,6141400
2013-06-26,60.8600,62.1200,60.7900,61.8500,5688400
2013-06-25,60.4200,60.9900,59.9500,60.3900,5448200
2013-06-24,60.1599,60.5100,59.1100,59.9500,4744700
2013-06-21,60.8200,61.3800,60.0700,60.5700,5044600
2013-06-20,61.3299,61.6300,60.6400,60.7800,4912100
2013-06-19,62.1400,62.3400,61.7299,61.7500,4611800
2013-06-18,61.8400,62.2500,61.6200,62.1500,4534400
2013-06-17,62.3800,62.7200,61.8200,61.9400,3756400
2013-06-14,61.6300,62.4000,61.6100,61.8900,2611200
2013-06-13,61.3000,61.9200,61.0300,61.7600,3916300
2013-06-12,62.5700,62.5700,61.3500,61.4100,2721300
2013-06-11,62.3000,62.9400,61.9700,62.1500,2770200
2013-06-10,62.9100,63.4800,62.7400,63.0400,2739500
2013-06-07,62.4800,63.0900,62.2500,62.7500,2666000
2013-06-06,61.7400,62.1800,61.2100,62.1600,2380700
2013-06-05,62.6000,62.9400,61.6000,61.7500,3102700
2013-06-04,63.2500,63.5700,62.3100,62.7800,3392700
2013-06-03,61.6000,63.0800,61.1100,63.0300,5070600
2013-05-31,62.2000,63.1400,61.6600,61.6600,3730200
2013-05-30,62.9500,63.3000,62.3900,62.4100,2977600
2013-05-29,62.9100,63.1700,62.4000,62.9300,2760600
2013-05-28,63.5700,64.1090,63.0350,63.2800,3892000
2013-05-24,62.6700,62.8700,61.5600,62.7900,3758700
2013-05-23,63.9800,64.1499,63.0900,63.3300,4313200
2013-05-22,65.2400,65.5700,64.0900,64.4500,4147600
2013-05-21,65.3400,65.4500,64.9800,65.2300,3232700
2013-05-20,65.2700,65.5000,65.0500,65.3300,2730900
2013-05-17,64.4700,65.4400,64.4000,65.3200,3109600
2013-05-16,65.7600,66.0700,64.1600,64.4400,3844300
2013-05-15,65.7800,66.0000,65.4500,65.8300,2643100
2013-05-14,64.5300,65.9800,64.5300,65.9100,4138600
2013-05-13,64.5100,64.8000,64.3200,64.6500,1890300
2013-05-10,63.8600,64.7950,63.6700,64.7600,3322800
2013-05-09,63.9000,64.5300,63.6500,63.7400,2216900
2013-05-08,63.7000,64.1150,63.6700,63.9000,3129500
2013-05-07,64.1900,64.3700,63.8100,63.9100,3149000
2013-05-06,64.4000,64.5500,63.7800,63.9600,2375100
2013-05-03,63.6800,64.9600,63.6800,64.5500,3475400
2013-05-02,63.5000,63.5700,62.9500,63.3200,2802700
2013-05-01,63.5600,64.2900,63.2000,63.3600,3962200
2013-04-30,62.7300,63.7650,62.6600,63.6000,5047400
2013-04-29,62.0000,62.8100,61.6200,62.6300,2920800
2013-04-26,62.1600,62.4700,61.5800,61.8900,2412800
2013-04-25,61.6200,62.4900,61.5700,62.0700,2183800
2013-04-24,61.8500,62.0000,61.4000,61.5300,2084000
2013-04-23,61.6200,61.9300,61.2400,61.6800,3059800
2013-04-22,61.0900,61.4900,60.6300,61.3600,2984300
2013-04-19,60.5800,61.0383,60.2664,60.9200,3384200
2013-04-18,60.9700,61.2000,59.6999,60.1800,3008200
2013-04-17,60.1700,61.3100,60.0100,60.9000,5217400
2013-04-16,60.0300,60.5200,59.6700,60.5000,647809
2013-04-15,60.4700,60.9300,59.6700,59.6700,953022
2013-04-12,61.0700,61.2300,60.4300,60.5800,2769400
2013-04-11,60.3700,61.3800,60.3100,61.2000,4394700
2013-04-10,59.9200,60.5500,59.9200,60.2900,2975500
2013-04-09,59.8200,60.1300,59.2900,59.8900,3337500
2013-04-08,58.8900,59.9500,58.8200,59.9500,4006600
2013-04-05,58.5800,59.0400,58.3300,58.9700,3094900
2013-04-04,58.7900,59.5000,58.7400,59.3400,2499700
2013-04-03,59.2000,59.5300,58.5550,58.9100,3813300
2013-04-02,58.3700,59.3900,58.3600,58.9000,4665300
2013-04-01,59.0000,59.1900,57.9800,58.2600,3484900
2013-03-28,58.9600,59.3150,58.4500,59.0100,3806200
2013-03-27,59.0200,59.3000,58.1400,58.4500,5222500
2013-03-26,59.3500,59.6262,58.9000,59.4700,4474300
2013-03-25,59.3900,59.9800,59.0300,59.5600,6658700
2013-03-22,57.9999,60.2500,57.8700,59.5300,19328700
2013-03-21,54.4600,54.7250,53.5300,53.6000,7948100
2013-03-20,54.0700,54.8800,54.0600,54.8300,3970900
2013-03-19,54.2900,54.4400,53.5400,53.8300,3314200
2013-03-18,54.4300,54.6624,54.0803,54.1600,2539700
2013-03-15,54.6700,54.8500,54.2850,54.7800,4060500
2013-03-14,54.8400,54.9000,54.3400,54.6900,3455400
2013-03-13,53.6100,54.9900,53.6000,54.8500,4092700
2013-03-12,53.7000,54.1700,53.2700,53.4900,6170800
2013-03-11,54.5700,54.6400,54.1600,54.5300,3377400
2013-03-08,55.1200,55.2300,54.5000,54.6900,4006500
2013-03-07,55.4000,55.6500,55.1400,55.2200,2842600
2013-03-06,54.9600,55.6100,54.7000,55.3000,2906000
2013-03-05,54.9000,55.0000,54.5200,54.9000,4049000
2013-03-04,54.5500,54.9000,54.4100,54.7300,2645900
2013-03-01,54.4200,54.8300,54.1800,54.8200,4026700
2013-02-28,54.2600,54.7200,54.0000,54.4600,3356800
2013-02-27,54.1600,54.5150,53.9600,54.3400,3134600
2013-02-26,54.4100,54.7400,53.9400,54.2700,3042600
2013-02-25,54.5400,54.9950,54.0400,54.0400,4283000
2013-02-22,54.6000,54.8800,54.0000,54.4700,2927500
2013-02-21,54.8300,55.0400,54.1200,54.5400,4677900
2013-02-20,54.4000,54.6600,53.9900,54.0200,3793600
2013-02-19,54.8900,55.1600,54.2900,54.4700,4255600
2013-02-15,54.6900,55.1400,54.5200,54.9500,3528100
2013-02-14,54.5700,54.9900,54.3200,54.6200,3082100
2013-02-13,55.0300,55.3700,54.4100,54.5600,3026900
2013-02-12,54.9000,55.2100,54.7900,55.0900,1933300
2013-02-11,55.2800,55.9000,54.7300,55.2200,4458300
2013-02-08,54.5700,55.1900,54.4800,54.5900,2550400
2013-02-07,54.2300,54.7200,54.0700,54.6800,2786500
2013-02-06,53.6800,54.3700,53.5000,54.1600,2648500
2013-02-05,53.9400,54.3100,53.8600,53.8900,2263600
2013-02-04,53.5900,54.2600,53.5000,53.6600,2537900
2013-02-01,54.4600,54.7200,53.6000,53.7000,3386700
2013-01-31,53.6200,54.2800,53.4400,54.0500,4571900
2013-01-30,53.9700,54.1600,53.5600,53.6100,3171500
2013-01-29,54.3900,54.4600,53.8800,53.9200,3607400
2013-01-28,55.4000,55.5201,54.3200,54.5000,4019100
2013-01-25,54.1299,55.5700,53.9900,55.5500,6271400
2013-01-24,53.1900,53.8800,53.1600,53.8600,3409900
2013-01-23,53.1400,53.3550,52.8100,53.0900,3389600
2013-01-22,53.4200,53.5100,53.0500,53.4800,3103800
2013-01-18,53.4700,53.5700,52.9800,53.2900,3072700
2013-01-17,53.7900,53.9700,53.3100,53.4800,2432400
2013-01-16,53.5200,54.0000,53.2400,53.7300,2650100
2013-01-15,53.0400,53.7500,52.8900,53.6400,3253600
2013-01-14,53.1900,53.4800,53.0100,53.1900,2795900
2013-01-11,52.6600,53.4190,52.3100,53.1000,4895500
2013-01-10,52.6300,52.8800,52.1700,52.5500,3852800
2013-01-09,52.5700,52.7400,52.3100,52.4500,2765200
2013-01-08,52.7200,52.9400,52.1900,52.4000,3357100
2013-01-07,52.7900,53.0800,52.5300,52.9600,3244700
2013-01-04,52.5000,53.0400,52.4700,52.8800,3397000
2013-01-03,51.9500,52.6000,51.7801,52.3700,3616100
2013-01-02,52.4000,52.4800,51.4000,51.8400,3756400
2012-12-31,50.8300,51.6400,50.5900,51.6000,3403700
2012-12-28,51.4500,51.7200,50.9900,50.9900,3216200
2012-12-27,51.2200,51.9400,50.9300,51.7600,3925200
2012-12-26,52.0500,52.5000,51.1900,51.3300,2022600
2012-12-24,104.5600,106.2300,104.3600,105.6000,2999800
2012-12-21,102.5000,105.4800,101.1600,105.1000,6973700
2012-12-20,98.1200,99.0500,97.2100,99.0000,3000000
2012-12-19,98.9200,99.2000,97.7700,97.7800,1969800
2012-12-18,98.0700,98.9800,97.7300,98.9200,1967900
2012-12-17,97.2100,98.0900,96.8000,97.9900,2092400
2012-12-14,97.1300,97.8901,96.8500,96.9100,2165500
2012-12-13,99.0900,99.5700,97.0400,97.3300,1861300
2012-12-12,99.4000,100.0000,98.6036,99.2000,2664000
2012-12-11,98.0000,99.5000,97.8400,99.4100,2308600
2012-12-10,98.6700,99.3100,97.9800,98.0800,1819200
2012-12-07,98.9100,98.9900,97.7300,98.5900,1854500
2012-12-06,97.4700,98.6800,97.2300,98.4200,2273000
2012-12-05,97.9200,98.0800,96.6100,97.6800,1691100
2012-12-04,97.6300,98.3800,97.2300,97.6700,1757100
2012-12-03,97.6600,98.9100,97.0900,97.5600,2172000
2012-11-30,98.4600,98.5200,96.9100,97.4800,3167500
2012-11-29,99.5800,100.3300,98.8000,98.9700,2436000
2012-11-28,96.6000,99.1600,96.6000,99.1300,2153400
2012-11-27,96.0500,98.0000,96.0500,97.0100,2134300
2012-11-26,95.4800,97.6800,95.3800,97.6600,3013200
2012-11-23,96.0000,96.7600,95.8800,96.7500,838100
2012-11-21,95.5600,95.8300,94.9600,95.6000,1840900
2012-11-20,96.3200,96.5200,95.2700,95.6100,2275800
2012-11-19,93.4900,96.3400,93.4600,96.3200,2615600
2012-11-16,91.8400,92.7500,91.4000,92.5900,2997300
2012-11-15,90.2900,91.2200,90.0700,90.8300,1941100
2012-11-14,91.9600,91.9600,89.6500,90.6000,3254800
2012-11-13,91.1700,92.6600,91.0300,91.4700,1811500
2012-11-12,92.5000,93.2000,91.9800,92.2900,1494800
2012-11-09,91.6900,93.0000,91.6800,92.3100,1937200
2012-11-08,94.4500,94.6000,91.8600,91.8600,2612600
2012-11-07,95.7200,95.8800,94.6200,94.6500,1913800
2012-11-06,95.2500,96.1300,94.7500,96.1300,1956200
2012-11-05,94.5500,95.4800,94.3500,95.2600,1468200
2012-11-02,95.7000,96.7400,94.4900,94.5400,1816100
2012-11-01,91.9000,95.6000,91.9000,95.3500,3563700
2012-10-31,91.0500,91.7900,90.7800,91.3800,2282200
2012-10-26,91.0800,91.3500,90.3200,91.1500,3111000
2012-10-25,93.0500,93.5000,91.1300,91.3100,2504900
2012-10-24,93.7400,93.8100,92.4600,92.8900,2486900
2012-10-23,93.8400,94.2500,92.7500,92.8200,2346100
2012-10-22,95.4200,96.3500,93.8200,94.4800,2248200
2012-10-19,97.5400,98.1000,96.1000,96.4500,2335300
2012-10-18,97.7000,98.0700,97.0200,97.5700,1949400
2012-10-17,97.2800,98.0000,96.9100,97.5700,1781500
2012-10-16,96.2800,97.6100,96.1400,97.2400,2503000
2012-10-15,94.5300,95.8200,94.3800,95.6100,1881900
2012-10-12,95.0400,95.4600,94.3300,94.4200,1634300
2012-10-11,94.6200,95.4700,94.5300,94.9000,1984400
2012-10-10,94.8600,95.4600,94.1500,94.2200,1802200
2012-10-09,94.9100,95.6885,94.4000,94.4800,2444700
2012-10-08,95.0100,95.7900,94.7500,94.9900,1409500
2012-10-05,96.1400,96.5300,94.8600,95.2200,2311800
2012-10-04,94.3300,95.9600,94.0000,95.8900,3264600
2012-10-03,94.9100,95.5400,93.6200,93.8000,3692800
2012-10-02,96.0600,96.2000,94.5800,94.9500,2826400
2012-10-01,94.9100,96.2000,94.6200,95.5500,2768200
2012-09-28,93.0600,96.1800,92.7900,94.9100,6838600
2012-09-27,95.8000,96.6400,94.6500,96.0000,4849500
2012-09-26,94.9600,96.2100,94.3300,95.4900,2966500
2012-09-25,95.1900,96.3500,95.0000,95.0800,3998100
2012-09-24,95.6000,96.3500,94.0000,95.3200,2956200
2012-09-21,97.5400,97.5400,96.2000,96.5200,3414400
2012-09-20,98.4000,98.4000,96.3800,96.7200,3212600
2012-09-19,100.2300,100.5000,97.6000,97.6600,4667400
2012-09-18,97.7000,98.2500,97.0700,97.7200,3400300
2012-09-17,96.3200,98.0600,96.0800,97.9700,2344800
2012-09-14,98.9200,99.1000,95.8900,96.6400,5722600
2012-09-13,99.3500,99.8000,98.2700,99.2000,4331500
2012-09-12,99.8400,100.9200,99.4000,100.8400,2299500
2012-09-11,99.4300,100.1900,99.1100,99.6800,2460000
2012-09-10,99.2500,100.9000,99.0300,100.0400,2169400
2012-09-07,99.3200,99.7500,98.8800,99.2900,1747900
2012-09-06,97.7500,99.5500,97.4700,99.4600,2270900
2012-09-05,97.5200,97.7800,96.9700,97.3500,1572000
2012-09-04,97.1900,97.8900,96.2400,97.2600,1897300
2012-08-31,98.0700,98.5200,96.9500,97.3600,2032300
2012-08-30,97.8900,98.4800,97.5300,97.7500,1755100
2012-08-29,98.9600,99.0000,98.2100,98.6900,2367000
2012-08-28,96.2100,99.2900,95.8500,98.8700,4117900
2012-08-27,96.9200,97.2477,96.1000,96.4300,1730400
2012-08-24,95.4400,97.1300,95.4400,96.8600,2441000
2012-08-23,95.6800,95.9800,94.9400,95.4500,1690500
2012-08-22,95.7800,95.9850,95.1900,95.7700,1616300
2012-08-21,95.9300,96.2704,95.1600,95.8500,2138300
2012-08-20,96.2200,96.7700,95.5900,95.7700,1860400
2012-08-17,95.0300,96.4600,94.8300,96.2600,3073800
2012-08-16,94.2100,95.3850,93.4300,94.7800,3485700
2012-08-15,94.9000,95.6800,94.1700,94.2200,2616600
2012-08-14,96.1200,96.1350,94.7000,94.9100,2749700
2012-08-13,94.3100,95.9100,93.8600,95.8500,1720000
2012-08-10,94.6500,94.9800,94.3300,94.5000,2321000
2012-08-09,95.6300,95.9700,94.9238,95.0600,2478600
2012-08-08,95.7800,96.2100,95.2000,95.9000,2068500
2012-08-07,95.6500,97.1900,95.6500,96.1700,2078300
2012-08-06,94.7300,95.7400,94.6500,95.5200,1580400
2012-08-03,93.6100,94.6450,93.3800,94.5700,2249300
2012-08-02,91.9800,92.9900,91.0400,92.5400,2615400
2012-08-01,93.5100,94.3300,92.7600,93.0000,2398600
2012-07-31,95.0400,95.5800,93.2500,93.3500,3267500
2012-07-30,96.9300,97.7500,95.4900,95.8500,2278200
2012-07-27,96.8200,97.4499,95.6400,97.0300,2604900
2012-07-26,94.4900,96.8900,94.2900,96.5800,3691400
2012-07-25,93.5400,94.2500,93.1000,93.5100,2061200
2012-07-24,93.2600,93.9300,92.4100,92.9600,2076300
2012-07-23,92.0500,93.2600,91.3400,92.8500,2154800
2012-07-20,94.7100,95.0000,93.0500,93.0800,2993800
2012-07-19,95.2000,95.9800,94.1100,95.2600,2715300
2012-07-18,92.4900,94.9400,91.9800,94.6300,2741000
2012-07-17,92.4800,93.4300,91.9100,92.7600,2665000
2012-07-16,93.8100,93.8950,92.8900,93.0200,2921200
2012-07-13,92.2600,94.2900,92.0400,93.9700,2849100
2012-07-12,91.9200,92.2350,90.2100,91.8200,3741200
2012-07-11,91.6700,92.4000,90.5000,92.2600,4347400
2012-07-10,90.6000,92.0000,90.6000,91.2900,3632300
2012-07-09,91.2100,91.7000,90.0000,90.2800,3477500
2012-07-06,91.6100,92.2300,90.7700,91.3800,4049100
2012-07-05,90.7000,92.7000,90.5500,92.2000,5564300
2012-07-03,89.3700,90.6000,88.2500,90.4800,3749600
2012-07-02,88.3900,89.4900,88.0300,88.8500,5875400
2012-06-29,87.8400,90.5000,85.1000,87.7800,21584900
2012-06-28,97.5400,98.4800,95.8400,96.8900,5979200
2012-06-27,98.9300,99.6100,97.5000,98.1100,2805600
2012-06-26,97.7600,98.8600,97.3000,98.4500,2395000
2012-06-25,98.3800,98.7400,96.7000,97.4600,2968300
2012-06-22,98.9100,99.5200,98.2840,99.4000,3839300
2012-06-21,101.2600,102.4600,98.5300,98.6600,4013600
2012-06-20,102.5600,102.7200,100.6300,101.2000,3209900
2012-06-19,101.4400,102.6500,101.3300,101.5400,2159600
2012-06-18,101.5300,101.7300,100.1300,101.4000,3164200
2012-06-15,100.2500,102.0000,99.5600,101.7500,4207700
2012-06-14,103.4600,103.4600,99.3600,100.0200,6013100
2012-06-13,107.2100,107.5300,101.2800,102.2200,5692600
2012-06-12,107.5900,108.6600,106.7400,107.6000,2539900
2012-06-11,109.1200,109.9100,107.4000,107.4600,1564400
2012-06-08,107.3800,108.7700,106.3100,108.6400,1813600
2012-06-07,107.9400,108.3900,106.2500,107.3600,1769900
2012-06-06,106.0900,107.1000,105.7300,107.0700,1948500
2012-06-05,104.3000,105.7598,104.0000,105.5100,2295800
2012-06-04,104.5500,105.1200,103.1400,104.7000,2550500
2012-06-01,106.2900,106.5500,104.1801,104.6000,2344100
2012-05-31,108.5000,108.8500,106.6600,108.1800,2699200
2012-05-30,109.5800,110.3300,108.2300,108.6100,2589300
2012-05-29,109.5100,110.9200,109.1400,110.9200,2183700
2012-05-25,107.9200,109.1900,107.6200,108.7900,1671900
2012-05-24,107.6700,108.6400,106.7800,107.4800,2157400
2012-05-23,107.7700,109.0000,106.1800,107.5200,2128300
2012-05-22,107.2400,109.1500,107.2000,108.4500,2553500
2012-05-21,105.3100,107.3550,105.3100,107.2300,2258600
2012-05-18,105.4000,107.7800,105.0800,105.4400,3961200
2012-05-17,106.7800,106.9978,104.2700,104.3400,2361100
2012-05-16,107.7400,108.9200,106.2200,107.0000,2491300
2012-05-15,107.3100,109.0100,107.0100,107.2200,1781900
2012-05-14,107.6500,108.4588,106.9400,107.4700,1409100
2012-05-11,107.2000,109.3000,106.6600,108.2600,1582100
2012-05-10,109.0300,109.5100,107.2400,107.5600,2364700
2012-05-09,107.4300,108.8800,107.0800,108.1500,2256500
2012-05-08,109.8000,110.1500,106.5600,108.7300,3514700
2012-05-07,111.4000,112.3000,111.2040,111.4200,1716000
2012-05-04,113.9000,114.0500,111.5400,111.8100,1801400
2012-05-03,114.2100,114.8100,113.5200,114.4000,2585200
2012-05-02,111.0400,114.5550,111.0400,114.2800,2645300
2012-05-01,111.9100,112.0000,110.5000,111.3000,2541000
2012-04-30,111.0000,112.0000,111.0000,111.8700,2388100
2012-04-27,110.0900,111.5600,109.8100,110.6400,2337300
2012-04-26,109.0300,110.7500,108.7300,110.3500,1557100
2012-04-25,107.1700,109.0600,106.9300,109.0300,2097100
2012-04-24,108.9900,109.7600,106.3400,106.7500,3313600
2012-04-23,109.8300,109.9800,108.6700,109.7500,1588800
2012-04-20,109.7300,111.4400,109.7300,110.7700,2324900
2012-04-19,110.6300,110.9500,109.0300,109.6100,2006900
2012-04-18,109.3400,110.9500,109.0500,110.5600,2043700
2012-04-17,109.8600,110.0000,109.2010,109.8300,1443000
2012-04-16,109.0700,109.8800,108.6800,109.4000,1783800
2012-04-13,108.8500,109.6300,108.2800,108.8000,655500
2012-04-12,108.1400,108.7000,107.1700,108.6500,2888700
2012-04-11,107.7000,108.7650,107.4700,108.2500,3008700
2012-04-10,110.4800,110.5000,105.9300,106.4600,4216100
2012-04-09,108.8900,111.0000,108.5100,110.6900,2827400
2012-04-05,109.0300,110.5300,109.0000,110.3900,2196900
2012-04-04,109.1500,109.8900,108.6800,109.4900,2216700
2012-04-03,108.8100,109.8900,108.3000,109.8700,1161000
2012-04-02,108.4200,109.8300,107.9900,109.0200,2447000
2012-03-30,108.3800,109.1800,107.8500,108.4400,2318700
2012-03-29,106.3000,107.9900,106.3000,107.8500,1973300
2012-03-28,107.6100,107.9300,106.2800,107.2300,2309800
2012-03-27,108.7100,109.1700,107.7200,107.8800,2532700
2012-03-26,107.8800,108.8000,107.7200,108.5500,3128200
2012-03-23,111.2100,111.5000,106.0700,107.4200,6627300
2012-03-22,110.1100,111.6300,109.0820,110.9900,5113400
2012-03-21,112.0700,112.7000,110.3800,110.4400,3777400
2012-03-20,111.7300,112.9700,111.7300,111.7400,2670300
2012-03-19,111.9000,112.5200,110.9600,112.1300,2599900
2012-03-16,110.7400,111.7800,110.5600,111.2200,3612400
2012-03-15,110.8300,111.0700,110.3100,110.7300,1824300
2012-03-14,110.9000,111.2300,110.1600,110.3000,1863100
2012-03-13,110.0000,110.8400,109.5400,110.7600,2382800
2012-03-12,108.8000,109.9200,108.6000,109.4500,2302000
2012-03-09,108.6400,110.1504,108.2000,109.9800,2453400
2012-03-08,108.1300,108.5000,107.6600,107.9000,1141200
2012-03-07,107.4600,108.1500,107.2982,107.5800,1794400
2012-03-06,108.5600,109.2200,106.9750,107.3400,1971800
2012-03-05,108.7000,109.6655,108.3000,109.2400,1793300
2012-03-02,108.6700,109.0600,107.9500,108.7400,1752800
2012-03-01,108.8900,108.9800,108.0228,108.5400,1767600
2012-02-29,107.5100,108.2800,106.9300,107.9200,1772100
2012-02-28,107.4100,107.6300,106.5200,107.4300,1261900
2012-02-27,105.8800,107.7050,105.5400,107.1700,1519300
2012-02-24,106.1100,106.6000,105.6284,106.2900,1168800
2012-02-23,105.9200,106.7000,105.5400,106.1400,1465100
2012-02-22,105.0600,106.2400,104.9800,105.7300,1559300
2012-02-21,106.5900,107.1800,104.7100,104.9500,1827200
2012-02-17,106.7400,107.4800,106.2800,106.6800,1739300
2012-02-16,106.4700,107.4300,105.5513,106.1600,1664500
2012-02-15,106.9500,107.6300,106.3100,106.6000,2483800
2012-02-14,104.7900,106.6400,104.2884,106.6300,2381500
2012-02-13,105.8000,105.9299,104.6200,105.2200,1468800
2012-02-10,105.0700,105.5900,104.7600,105.4100,1552500
2012-02-09,105.7500,106.1800,105.2200,105.7600,1461900
2012-02-08,104.5200,106.6600,104.5200,105.9300,2785700
2012-02-07,103.2200,104.7000,102.9600,104.2300,1307800
2012-02-06,103.0400,103.8600,102.6806,103.4600,1557600
2012-02-03,103.5000,104.0000,103.1000,103.5000,3298000
2012-02-02,104.0000,104.1899,102.5740,102.8200,2343200
2012-02-01,104.4100,104.8300,103.7400,103.7500,2500100
2012-01-31,104.5700,104.9400,103.4600,103.9900,6187900
2012-01-30,101.4500,104.1500,100.8710,103.3900,2973000
2012-01-27,102.1700,102.6300,101.5000,102.1100,1733500
2012-01-26,103.2000,103.2000,101.7900,102.3000,560040
2012-01-25,101.9200,103.2800,101.9200,103.2100,682954
2012-01-24,101.3400,102.3800,101.0200,102.2100,1641100
2012-01-23,101.9200,102.9700,101.1700,101.5600,2082400
2012-01-20,101.5500,102.0000,101.0200,101.7600,2237400
2012-01-19,100.7400,101.9700,100.5200,101.5800,2289500
2012-01-18,98.8100,101.1200,98.7000,100.8600,3069700
2012-01-17,98.7000,99.4400,98.0500,99.2400,2060500
2012-01-13,98.3900,98.9300,98.0400,98.3000,1633500
2012-01-12,98.2900,99.1400,97.7380,99.1000,1879100
2012-01-11,98.2700,98.6000,97.7900,98.1400,1750700
2012-01-10,98.8300,98.9300,97.6800,98.4700,2453100
2012-01-09,98.1000,98.9300,97.7000,98.3500,2511400
2012-01-06,97.9300,98.4952,97.5200,97.9900,1940200
2012-01-05,97.7900,98.5800,97.0000,98.1600,2098300
2012-01-04,96.7100,98.7550,96.5100,98.2200,2360200
2012-01-03,97.3700,97.9900,96.7000,96.8100,2736100
2011-12-30,97.3900,97.5400,96.3700,96.3700,1652300
2011-12-29,96.5500,97.9200,96.4900,97.4600,2142900
2011-12-28,97.9300,98.0000,96.2800,96.4300,1707500
2011-12-27,96.9800,98.0000,96.5100,97.7700,1612000
2011-12-23,95.2700,96.9300,94.7700,96.9000,1791300
2011-12-22,96.5900,96.5900,94.2500,94.8200,2927900
2011-12-21,95.8300,97.2900,94.2900,96.3500,6261300
2011-12-20,94.4800,95.9000,92.8900,93.6300,4575200
2011-12-19,93.9200,94.1400,93.0600,93.3800,2191300
2011-12-16,94.7800,95.0800,93.5500,93.6700,3197100
2011-12-15,95.4400,95.7400,93.4102,94.0800,2683000
2011-12-14,94.9700,95.7200,93.7500,94.3900,2363800
2011-12-13,97.1300,97.7900,94.4100,95.0500,2678500
2011-12-12,97.3400,97.7500,95.7800,96.9500,2713100
2011-12-09,95.4800,98.2500,95.3000,97.6800,3105700
2011-12-08,95.6000,96.4800,95.0000,95.1800,2348300
2011-12-07,96.7800,96.9900,95.2600,95.8900,2802300
2011-12-06,97.2000,97.2400,95.9600,96.2500,1746900
2011-12-05,96.7300,97.4900,95.9400,96.6000,2213900
2011-12-02,95.7800,96.7100,95.5100,96.2500,2366400
2011-12-01,95.3600,96.3400,94.5100,95.2500,2391700
2011-11-30,97.0800,97.5000,94.9200,96.1800,3373200
2011-11-29,95.2600,95.4300,94.3100,94.8700,2756100
2011-11-28,92.0450,95.8297,91.9000,94.9100,3860600
2011-11-25,90.6600,91.8600,90.2800,90.2800,868900
2011-11-23,90.7300,91.9700,90.5000,90.9300,1867600
2011-11-22,91.1900,92.6200,90.9917,91.6300,1915000
2011-11-21,91.6200,92.1589,89.7900,91.0600,1838500
2011-11-18,92.6200,93.4800,91.4500,92.7500,2360200
2011-11-17,93.1300,93.6800,90.9000,91.8900,2259800
2011-11-16,95.1400,95.5000,93.5400,93.7000,2212500
2011-11-15,95.2600,96.5950,94.6700,95.9500,1753400
2011-11-14,95.8400,96.8900,95.2000,95.7500,1712300
2011-11-11,94.7500,96.4100,94.4500,96.1500,2027000
2011-11-10,93.4200,94.5400,92.5700,93.9200,2348400
2011-11-09,93.4700,94.0500,91.6100,92.3600,2926700
2011-11-08,94.3900,95.6400,93.7003,95.4200,2414800
2011-11-07,94.5200,95.3000,93.4400,93.8000,2182700
2011-11-04,95.2000,95.9900,93.6100,94.3800,2059800
2011-11-03,96.1500,96.2428,93.5700,95.6800,2698200
2011-11-02,95.6500,95.8000,94.0860,94.9400,2906100
2011-11-01,93.5100,95.4300,93.4600,93.8800,2662800
2011-10-31,95.7600,97.6800,95.5400,96.3500,3057000
2011-10-28,95.6600,96.9300,94.9200,96.7500,3055400
2011-10-27,96.1700,96.4900,95.4300,95.8300,3860200
2011-10-26,94.6400,94.9900,92.7300,94.2100,2388800
2011-10-25,94.1100,95.3400,93.4700,93.7500,2372200
2011-10-24,94.3400,95.9300,94.1200,95.0700,3293400
2011-10-21,92.8000,94.3500,92.5300,94.3500,3095900
2011-10-20,91.6400,92.4600,90.6900,91.8900,2111200
2011-10-19,91.6700,92.5000,91.0700,91.2900,2141700
2011-10-18,90.6100,92.3300,87.9800,91.4800,2781500
2011-10-17,92.2700,92.8989,90.7100,91.0200,2051400
2011-10-14,92.5800,93.1800,91.9100,92.9700,2142700
2011-10-13,91.4200,92.5000,90.9300,92.2100,2116200
2011-10-12,90.3300,92.5000,89.9500,91.7900,3513800
2011-10-11,89.7900,90.7000,89.4280,89.8500,2172600
2011-10-10,89.7800,90.8700,89.3400,90.7200,2052300
2011-10-07,89.2900,89.8700,87.5900,88.1500,2590400
2011-10-06,87.5300,89.7950,87.2200,89.2800,2651000
2011-10-05,85.9300,88.2400,85.3300,87.8000,3696600
2011-10-04,81.5400,85.9000,81.0100,85.7300,3445400
2011-10-03,84.9500,86.1900,83.0000,83.0500,3584000
2011-09-30,86.9800,88.2400,85.4800,85.5100,3489700
2011-09-29,89.7900,90.0000,85.4400,87.9900,3594500
2011-09-28,90.6700,91.9800,88.2500,88.4700,3564500
2011-09-27,90.4000,92.5600,89.9800,90.5800,4365700
2011-09-26,89.5550,89.9800,87.2200,89.3100,4209600
2011-09-23,87.7800,89.9900,86.6900,88.6400,9104800
2011-09-22,83.1900,84.7100,82.2200,84.1800,5940800
2011-09-21,89.2400,89.6200,85.5500,85.7400,5110700
2011-09-20,90.6700,91.1800,89.2400,89.4600,3963600
2011-09-19,88.2400,90.5000,88.0310,90.2000,3634500
2011-09-16,88.6200,89.9800,88.3300,89.7700,4043900
2011-09-15,88.2600,88.4000,86.7600,88.0400,2751400
2011-09-14,86.2700,88.7900,85.4100,87.4900,3854000
2011-09-13,84.4100,86.3800,84.0600,85.8200,2961400
2011-09-12,81.9800,84.4200,81.4500,84.3600,2479200
2011-09-09,84.4300,85.3900,82.4800,82.5000,3725800
2011-09-08,85.7500,87.4900,84.8000,85.3300,2799700
2011-09-07,85.0400,86.5100,84.1600,86.5100,2851500
2011-09-06,81.1500,83.9100,80.2000,83.7600,2823300
2011-09-02,84.8700,85.8300,83.8000,84.0400,2575300
2011-09-01,86.3500,88.1000,86.0200,86.5500,3938600
2011-08-31,87.0400,88.5300,86.1500,86.6500,3489500
2011-08-30,88.3000,88.5300,86.3600,86.3700,4707800
2011-08-29,87.1100,88.6000,86.8000,88.5400,2791000
2011-08-26,83.3000,86.4600,82.3000,86.2900,3057700
2011-08-25,85.8500,86.4900,83.4900,83.7600,3089900
2011-08-24,83.2100,85.9850,82.8600,85.8000,3820400
2011-08-23,79.5700,83.6250,79.1000,83.5900,3011400
2011-08-22,80.0300,80.5800,79.0300,79.2500,2784700
2011-08-19,78.9400,81.4900,78.5000,78.5800,3162200
2011-08-18,80.7600,81.3900,78.9700,79.9200,4161000
2011-08-17,83.6500,84.5900,81.8400,82.5500,3004300
2011-08-16,84.0900,85.5300,83.1300,83.2200,3510300
2011-08-15,84.6100,85.1600,82.7800,85.1300,2506700
2011-08-12,83.8600,85.0500,83.3900,84.2400,2665800
2011-08-11,79.6600,84.3900,79.3200,83.2500,3737600
2011-08-10,81.6700,82.9000,79.0400,79.3300,4827400
2011-08-09,80.3600,82.6500,76.9800,82.5000,5386000
2011-08-08,81.3800,83.3400,78.0000,79.1900,5965400
2011-08-05,82.5100,84.5100,80.3400,83.8700,5377800
2011-08-04,86.1100,86.7500,81.4900,81.5500,4712700
2011-08-03,85.3000,87.1200,82.9100,87.0800,3988600
2011-08-02,88.2600,89.2000,84.9800,85.1100,4265400
2011-08-01,90.4200,90.4600,88.0100,89.3400,2511700
2011-07-29,89.8100,90.8000,89.2500,90.1500,2476300
2011-07-28,88.8700,91.3650,88.8700,90.4800,3702600
2011-07-27,89.9400,90.5700,88.5500,88.7200,3171600
2011-07-26,91.0000,91.3200,90.1900,90.3300,1891700
2011-07-25,90.3400,91.4100,90.3200,90.9300,1741300
2011-07-22,92.0500,92.2900,91.4300,91.7100,1804800
2011-07-21,90.7600,92.5900,90.2900,91.8400,2905300
2011-07-20,90.8900,90.9799,90.1700,90.6000,2479000
2011-07-19,91.4500,91.5300,90.5100,90.7400,4644900
2011-07-18,90.9000,91.5900,90.4800,90.6400,2915600
2011-07-15,92.3700,92.3700,90.8300,91.7000,3582600
2011-07-14,92.1700,92.9500,91.2500,91.9600,2710800
2011-07-13,90.9800,92.8700,90.9800,92.0500,2364600
2011-07-12,91.2800,91.9800,90.6454,91.2300,1821000
2011-07-11,91.8700,93.0500,91.1300,91.4300,3149900
2011-07-08,92.9900,93.3400,92.2700,93.2400,3168100
2011-07-07,92.7600,94.2300,92.7100,93.6600,4299500
2011-07-06,91.3900,92.4900,91.3700,92.3500,3622000
2011-07-05,91.2800,92.1050,90.9300,91.7400,3734700
2011-07-01,89.6500,91.9900,89.4300,91.8200,4195300
2011-06-30,89.2200,90.4300,89.2200,89.9800,4428800
2011-06-29,89.6600,90.3460,88.1800,89.7800,6356900
2011-06-28,85.2700,90.5800,85.1600,89.9000,15114200
2011-06-27,80.9200,82.7700,80.9200,81.6200,5748200
2011-06-24,82.1100,82.4900,80.7300,81.1800,3891100
2011-06-23,81.3600,82.3600,80.6300,82.1900,4271500
2011-06-22,83.8900,84.4100,81.8500,81.9500,4592600
2011-06-21,83.1500,84.8300,83.0500,84.5100,2315800
2011-06-20,80.8600,83.3900,80.8600,83.2300,2285200
2011-06-17,80.8100,81.5925,80.8000,81.1100,2623600
2011-06-16,80.4700,80.7500,79.4400,80.2900,2273000
2011-06-15,81.5600,81.9100,79.9000,80.3900,2854700
2011-06-14,81.1700,82.4300,81.0800,82.2400,2932900
2011-06-13,79.7500,81.8900,79.6800,80.5100,2696900
2011-06-10,80.5900,81.5600,79.5500,79.6600,2480000
2011-06-09,80.2900,81.3300,80.2400,80.6700,2384700
2011-06-08,81.5300,81.9900,79.8700,80.1000,3055800
2011-06-07,80.1900,82.3200,80.1500,81.9000,3452300
2011-06-06,80.3700,80.9500,79.7400,79.7700,2273200
2011-06-03,80.5100,81.3500,80.2200,80.3600,2814800
2011-06-02,81.8700,82.5900,81.0600,81.1500,2957300
2011-06-01,84.3400,84.7250,82.0800,82.1500,2531200
2011-05-31,84.8400,84.9500,83.8200,84.4500,2219800
2011-05-27,84.2400,84.8000,84.1900,84.6200,1519900
2011-05-26,83.1700,84.2400,82.9900,84.0700,1690500
2011-05-25,83.7800,83.8000,83.1100,83.1900,2307600
2011-05-24,83.7900,84.7300,83.6300,84.3300,1439000
2011-05-23,84.1000,84.7300,83.4600,83.6200,2278100
2011-05-20,86.3900,86.4800,84.3850,85.0500,2532600
2011-05-19,85.1900,86.1600,85.0400,86.1100,2059900
2011-05-18,84.8900,85.6000,84.5300,84.8300,2464400
2011-05-17,84.8200,85.0200,83.9700,84.8900,2493100
2011-05-16,85.7400,86.2600,85.0200,85.2700,2664200
2011-05-13,84.7200,86.5300,84.7000,86.2600,3612200
2011-05-12,82.6400,84.7000,82.4400,84.5800,2560200
2011-05-11,83.1700,83.6600,82.2000,82.6600,2150400
2011-05-10,83.2500,83.7000,82.7300,83.5000,2601400
2011-05-09,81.8000,82.9700,81.7000,82.9100,1634200
2011-05-06,83.1900,83.4300,81.7600,82.0200,2406200
2011-05-05,82.7000,83.3400,82.0900,82.6100,2407800
2011-05-04,82.4800,83.0000,81.4100,82.7900,2989000
2011-05-03,82.3500,82.6000,81.5400,81.6600,2177700
2011-05-02,82.7800,83.4800,82.0050,82.2400,3100600
2011-04-29,82.2600,82.5300,81.7460,82.3200,2211100
2011-04-28,81.0800,82.7300,80.6000,82.5700,2516000
2011-04-27,80.0600,81.2300,79.9200,81.1200,2495300
2011-04-26,80.0900,80.5999,79.4000,79.9600,1829400
2011-04-25,80.6100,80.9100,79.8800,80.1100,1744000
2011-04-21,80.6300,80.6300,79.8400,80.1900,2176500
2011-04-20,79.4400,80.2500,79.2600,80.0700,3716300
2011-04-19,78.6700,79.5500,78.4900,78.7300,2700700
2011-04-18,78.0700,78.6500,77.2000,78.5800,2885800
2011-04-15,80.4100,80.4100,78.6700,78.7300,3436700
2011-04-14,78.8600,80.2700,78.6500,80.0800,3521900
2011-04-13,78.1800,79.5300,78.1500,79.4100,3017400
2011-04-12,77.5200,78.3700,77.3500,78.2000,2212500
2011-04-11,77.2600,78.1400,77.2500,78.1300,2082300
2011-04-08,78.6700,79.0000,77.0600,77.3900,2692400
2011-04-07,78.6400,78.6400,77.0200,78.0900,3705700
2011-04-06,78.6400,79.0000,78.2400,78.6700,3921000
2011-04-05,77.1800,78.0000,76.8500,77.9300,3195800
2011-04-04,76.7800,77.5600,76.3500,77.4100,2491300
2011-04-01,75.9400,76.9000,75.8200,76.5300,3223100
2011-03-31,76.4900,76.6100,75.6200,75.7000,3274300
2011-03-30,76.4700,77.0000,76.2400,76.7500,2477800
2011-03-29,76.1000,76.6550,75.6200,76.3600,3918100
2011-03-28,76.6800,76.9900,75.8000,75.8900,3698400
2011-03-25,76.8300,77.6000,76.6200,76.6600,4708400
2011-03-24,77.4800,77.8400,76.4000,76.7300,4431700
2011-03-23,75.1800,77.7000,75.0500,77.2200,12140500
2011-03-22,76.6500,77.0000,69.4300,75.4500,9157100
2011-03-21,77.6200,77.9500,76.6200,76.8400,5856500
2011-03-18,77.9900,78.6500,76.8300,77.5900,19723800
2011-03-17,85.5700,85.7400,84.4900,85.4100,3455500
2011-03-16,85.0000,85.8700,84.0500,84.8200,2506200
2011-03-15,84.6300,85.8200,84.0000,85.3300,2472800
2011-03-14,86.8600,86.8800,85.3600,86.2100,2559000
2011-03-11,87.4800,87.5900,85.4700,87.1700,3729300
2011-03-10,88.2500,89.0719,87.5400,88.1800,2269600
2011-03-09,88.7600,89.6600,88.2500,88.9500,2487600
2011-03-08,89.1500,89.6700,88.8300,89.1900,2405500
2011-03-07,90.0000,91.1200,88.2700,88.9200,4066600
2011-03-04,89.8100,90.0000,89.3400,89.8800,2545400
2011-03-03,88.9100,89.9900,88.9000,89.8400,2605300
2011-03-02,87.6600,89.2300,87.2300,88.3300,2366300
2011-03-01,89.6500,89.8100,87.5100,87.7000,3429600
2011-02-28,88.2900,89.1600,87.9500,89.0300,2588200
2011-02-25,86.6700,88.3000,86.5400,87.9800,2249600
2011-02-24,85.9200,86.9200,85.5000,86.5200,2191300
2011-02-23,86.8900,87.8300,85.7900,86.1900,2963600
2011-02-22,87.6000,88.3200,86.9100,87.2300,2744700
2011-02-18,86.4800,88.8300,86.0000,88.8200,3677300
2011-02-17,84.7400,86.0800,84.4000,86.0400,2984300
2011-02-16,85.5200,85.9500,85.1200,85.7500,2227200
2011-02-15,85.2700,85.5900,84.6200,85.5500,2027400
2011-02-14,86.3200,86.5398,85.4500,85.7700,1844000
2011-02-11,86.4500,86.7100,85.9600,86.2100,1848200
2011-02-10,86.9200,87.4400,86.2600,86.7900,1688100
2011-02-09,86.7100,87.7000,86.4500,87.2500,2092200
2011-02-08,86.6800,86.8100,86.1800,86.7100,1709200
2011-02-07,85.8000,86.8000,85.6600,86.5000,2095200
2011-02-04,84.0100,85.8850,83.8100,85.7400,2409100
2011-02-03,83.5700,84.3007,83.3800,83.8000,2588100
2011-02-02,83.4300,83.9400,83.1200,83.9100,1941100
2011-02-01,82.7500,83.7000,82.6200,83.5500,2426300
2011-01-31,81.5200,82.5600,81.0100,82.4800,1920200
2011-01-28,82.9100,82.9800,81.3000,81.4600,2242000
2011-01-27,84.0700,84.3400,82.6900,82.7700,2442400
2011-01-26,83.1400,84.1700,82.7900,84.0000,2589400
2011-01-25,82.5700,82.9500,81.9200,82.8800,1858500
2011-01-24,82.0000,82.9000,81.5000,82.6600,2028900
2011-01-21,83.5100,83.5600,82.1900,82.3000,1857600
2011-01-20,83.2000,83.6500,82.5000,83.0700,2357800
2011-01-19,84.0900,84.1700,82.8300,83.6600,2725300
2011-01-18,84.4200,84.9800,83.8700,84.0600,2256100
2011-01-14,82.6200,84.3000,82.3700,84.0700,2097700
2011-01-13,83.8300,83.8300,82.4500,82.5600,2443600
2011-01-12,84.4000,84.4900,83.6800,83.7300,2413400
2011-01-11,84.2000,84.8000,83.6200,84.0200,1390800
2011-01-10,83.2500,84.4900,83.0600,84.1700,2228600
2011-01-07,83.7000,83.9500,83.2700,83.5300,2043600
2011-01-06,84.4500,84.5000,83.5600,83.7600,2014300
2011-01-05,83.6500,84.8300,83.5100,84.5200,2899700
2011-01-04,85.6000,85.7500,83.7500,83.9700,3449400
2011-01-03,85.8300,86.5800,85.2600,86.0900,2141600
2010-12-31,85.4000,85.8400,85.1200,85.4200,1449000
2010-12-30,85.3000,86.1200,85.1200,85.7600,1477500
2010-12-29,86.5400,86.5400,85.2500,85.2700,1740100
2010-12-28,86.2400,86.7800,86.1100,86.3300,2114900
2010-12-27,85.9800,86.0800,85.5000,85.8300,1593400
2010-12-23,86.9300,87.0000,85.4300,86.0500,3443200
2010-12-22,87.0000,88.2500,86.6000,86.9500,8306000
2010-12-21,91.0000,92.4900,90.4800,92.3000,6250000
2010-12-20,90.5300,90.8700,89.6300,90.2700,2173200
2010-12-17,89.3600,90.3500,89.2800,90.0500,2888100
2010-12-16,88.5400,89.2500,87.7700,89.2300,1806100
2010-12-15,89.2700,89.6000,88.4300,88.5800,1750200
2010-12-14,88.9800,89.7400,88.5100,89.2800,1889700
2010-12-13,89.6400,90.5200,89.0100,89.2300,3239100
2010-12-10,87.7600,88.3900,87.5000,87.8000,1273800
2010-12-09,88.1400,88.5000,87.2400,87.4700,1605100
2010-12-08,87.4500,87.6500,86.4000,87.3200,1365700
2010-12-07,88.3900,88.4500,87.1200,87.1900,1921700
2010-12-06,87.5100,87.9600,87.0400,87.7300,1201600
2010-12-03,87.5100,87.9800,86.8200,87.5300,2029100
2010-12-02,87.8400,88.0000,86.9600,87.8300,1612300
2010-12-01,87.4800,88.2800,87.4000,87.6400,1990900
2010-11-30,84.5000,86.6000,84.3700,86.1300,3291500
2010-11-29,85.4000,85.4000,83.9200,85.1600,2425100
2010-11-26,86.3100,86.6000,85.9000,85.9600,1012600
2010-11-24,85.4400,86.9700,85.4400,86.5300,2226400
2010-11-23,85.0500,85.8800,84.8800,85.2600,1658000
2010-11-22,85.0800,86.0000,85.0800,85.9200,1818900
2010-11-19,82.8700,86.3200,82.8700,85.8100,4819200
2010-11-18,82.1700,82.9400,82.1700,82.4700,2108000
2010-11-17,80.7800,81.9300,80.5700,81.3900,2690500
2010-11-16,81.5800,82.2400,80.2600,80.5100,3232700
2010-11-15,82.9100,82.9400,81.7000,81.8000,1993900
2010-11-12,83.1900,83.6500,82.0426,82.6200,1907600
2010-11-11,83.3500,83.8000,82.9900,83.6700,1672400
2010-11-10,83.1400,83.9900,82.8200,83.8800,2202800
2010-11-09,83.6500,83.6900,82.8800,83.2000,2426300
2010-11-08,83.6600,83.8400,82.9600,83.6100,1825100
2010-11-05,83.2400,84.1100,83.2400,84.1100,2259700
2010-11-04,82.7200,83.4900,82.4000,83.4100,2469000
2010-11-03,81.7300,82.1700,80.9600,81.8300,1757300
2010-11-02,81.8000,82.2400,81.5100,81.7500,1779400
2010-11-01,81.8800,82.0000,80.5900,81.1000,1895800
2010-10-29,80.9400,81.4900,80.6500,81.4400,2012900
2010-10-28,81.3100,81.7000,80.5700,81.1100,1626400
2010-10-27,81.2400,81.3500,80.2700,81.0300,2243500
2010-10-26,81.6400,82.2200,81.2600,81.8200,2572400
2010-10-25,82.5700,83.0300,82.0100,82.0500,2220700
2010-10-22,82.1100,82.5300,81.7100,81.9200,1060100
2010-10-21,81.6200,82.8400,81.4900,82.1100,2898300
2010-10-20,81.0400,81.6700,80.8500,81.2400,1883300
2010-10-19,80.4600,81.5500,80.0800,80.7300,2704100
2010-10-18,82.0000,82.1200,81.5000,81.6600,1574400
2010-10-15,82.2600,82.4600,81.6200,82.0000,2069200
2010-10-14,81.7200,82.2700,81.3400,81.7700,2352500
2010-10-13,82.3800,82.7500,81.5000,82.0200,2622700
2010-10-12,83.0000,83.4000,81.8000,81.8900,5624300
2010-10-11,81.6200,82.3000,81.5000,81.9800,2475700
2010-10-08,80.9400,82.6000,80.9000,82.0400,4759600
2010-10-07,81.2700,81.3200,80.3100,80.9900,3045900
2010-10-06,81.0300,81.3100,80.8200,81.3100,2408600
2010-10-05,80.6000,81.4700,80.2700,81.3000,3367800
2010-10-04,79.9200,80.2600,79.0419,79.8800,2588300
2010-10-01,80.9600,80.9600,79.8300,80.2500,3542500
2010-09-30,80.0100,80.8000,79.5100,80.1400,3373300
2010-09-29,80.2700,80.4100,79.2300,79.9300,3643500
2010-09-28,79.0700,80.8200,78.5700,80.6400,5427400
2010-09-27,79.4200,79.5000,78.1500,79.1100,4694000
2010-09-24,81.3500,81.7000,79.4800,79.5700,8346100
2010-09-23,76.9000,78.1200,76.5900,77.6700,4430400
2010-09-22,77.4700,77.9900,76.7000,77.3100,2622200
2010-09-21,77.9300,78.0700,77.2200,77.6900,3318400
2010-09-20,77.3000,79.0400,77.2900,78.3700,3775400
2010-09-17,76.9300,77.5400,76.4800,77.2600,3036600
2010-09-16,76.3000,76.8700,75.9200,76.6400,2173200
2010-09-15,75.1500,76.7100,74.9300,76.5600,3952900
2010-09-14,74.4700,75.8800,74.3700,75.2700,2498800
2010-09-13,74.4100,75.2800,74.3801,74.6800,2464600
2010-09-10,74.1500,74.8500,73.6700,73.7500,2039800
2010-09-09,74.8300,75.0200,73.6000,73.9200,1751700
2010-09-08,74.2400,74.7100,73.9000,74.1400,2299500
2010-09-07,73.7800,74.4700,73.7500,74.0200,2025300
2010-09-03,73.7400,74.4400,73.2500,74.2500,3069500
2010-09-02,72.0800,73.0700,71.7700,72.9600,2408000
2010-09-01,71.1300,72.2200,70.8200,72.1300,3434300
2010-08-31,70.0100,70.7600,69.5800,70.0000,2985400
2010-08-30,70.7200,71.4000,69.9600,70.3600,2521900
2010-08-27,70.7300,71.1600,69.7000,70.9400,2656200
2010-08-26,70.6500,71.7200,70.3400,70.3900,3401600
2010-08-25,69.4500,70.3650,68.3200,70.1300,3151100
2010-08-24,70.0300,70.7300,69.4100,70.0500,2654000
2010-08-23,71.6300,72.3900,70.9500,70.9500,1964000
2010-08-20,70.7300,71.4100,70.4900,71.2600,1787900
2010-08-19,71.8100,72.0100,70.5600,71.3400,2470200
2010-08-18,71.6900,72.7100,70.9400,72.2400,2195700
2010-08-17,71.7500,72.7100,71.4700,71.7100,2530900
2010-08-16,70.1100,71.4700,69.7700,71.0600,2381400
2010-08-13,71.4100,71.4800,70.4800,70.5800,2198600
2010-08-12,70.9900,71.7900,70.7000,71.5200,2438000
2010-08-11,72.7700,72.7800,71.4800,72.0800,3038000
2010-08-10,73.4200,74.3900,72.8000,73.9100,2346600
2010-08-09,74.1400,75.0000,73.8800,74.1200,1973400
2010-08-06,73.4200,74.0900,72.7800,73.9600,1924700
2010-08-05,73.4500,74.3600,73.3000,74.0600,2016400
2010-08-04,73.1800,74.3700,73.1300,74.0000,3039400
2010-08-03,74.2000,74.2000,72.8500,73.1000,3180900
2010-08-02,74.3900,74.9700,73.9400,74.3200,2567000
2010-07-30,73.0100,73.9500,72.6400,73.6400,2175700
2010-07-29,73.6500,74.1100,72.6800,73.5300,2416100
2010-07-28,73.6400,74.0200,72.8700,73.1100,2114100
2010-07-27,73.7000,73.8500,72.8400,73.6800,2603100
2010-07-26,72.7100,73.9500,72.4826,73.2200,2622900
2010-07-23,71.5000,73.1600,71.1600,72.7400,2879700
2010-07-22,70.3900,72.1200,70.3600,71.5600,3382000
2010-07-21,70.1300,71.0700,69.3100,69.6500,3947200
2010-07-20,67.9000,70.0000,67.6200,69.8400,3701000
2010-07-19,69.1400,69.4700,68.1900,68.6100,2395000
2010-07-16,70.3500,70.6600,68.6900,68.9600,3425900
2010-07-15,70.3400,70.8000,69.3500,70.6500,3525800
2010-07-14,70.1600,70.6000,69.4700,70.5400,2914000
2010-07-13,70.4000,70.9200,70.0200,70.4700,3032400
2010-07-12,69.9700,70.4700,69.2800,69.8100,2222400
2010-07-09,70.1600,70.2100,69.5200,70.1500,2740600
2010-07-08,69.2300,70.4800,69.0200,70.2800,4450400
2010-07-07,67.4700,68.5900,67.0100,68.5600,4292900
2010-07-06,68.2100,69.1700,66.3400,67.2100,4218700
2010-07-02,68.1900,68.9400,67.4300,67.8600,2906700
2010-07-01,67.8900,68.5000,66.7700,68.0700,5120600
2010-06-30,67.9400,69.1400,67.3000,67.5500,4637800
2010-06-29,69.6300,69.6700,67.4400,68.1700,5830200
2010-06-28,70.5000,70.8700,69.6250,70.5000,3180100
2010-06-25,69.8600,70.4700,68.9000,70.1200,4522500
2010-06-24,70.0100,70.6700,69.2000,69.6300,9026000
2010-06-23,72.6600,73.1770,71.5000,72.5200,2914700
2010-06-22,74.4400,75.0000,72.1700,72.4600,2597000
2010-06-21,75.4900,75.9200,73.8200,74.3500,2798000
2010-06-18,74.8000,75.2300,74.4700,74.9400,2799100
2010-06-17,74.4200,74.7000,73.6300,74.5700,2950600
2010-06-16,73.3700,74.5000,73.0800,73.8300,3175100
2010-06-15,72.2900,73.9800,72.2900,73.9800,2174400
2010-06-14,72.4900,72.9500,71.9100,72.2200,2186600
2010-06-11,71.2900,72.6400,71.0300,72.3300,2202100
2010-06-10,71.1900,72.5500,71.1400,71.7500,2957800
2010-06-09,70.5200,71.3300,69.6700,70.0100,3228500
2010-06-08,69.5900,70.4300,68.6500,70.2600,3065800
2010-06-07,70.5400,71.0200,69.4800,69.5900,2764100
2010-06-04,72.3600,72.4700,70.1600,70.7700,3850900
2010-06-03,73.2000,73.8600,72.9400,73.6300,2839200
2010-06-02,71.3100,73.0600,71.3100,73.0000,3165200
2010-06-01,71.4400,72.6200,70.7000,71.1800,3671000
2010-05-28,73.6200,73.8600,71.9600,72.3800,3889200
2010-05-27,73.2800,73.9600,72.7600,73.9000,3685900
2010-05-26,73.5200,73.6200,71.9200,72.5200,4181800
2010-05-25,70.0900,73.0000,69.2700,72.9100,5291000
2010-05-24,71.1700,71.9100,70.7101,71.3400,5671100
2010-05-21,69.1400,71.7800,68.1400,71.3900,4266000
2010-05-20,70.5300,71.5900,69.5700,70.3100,6264100
2010-05-19,72.5400,72.7200,71.0000,72.2500,5869700
2010-05-18,74.1600,75.0100,72.7000,72.9300,4713900
2010-05-17,73.7300,73.8500,72.0300,73.6300,4236100
2010-05-14,74.6300,75.0000,73.1800,73.7400,4753500
2010-05-13,77.6500,77.9900,75.3500,75.5500,5244200
2010-05-12,76.7100,77.9800,76.0100,77.8500,2489000
2010-05-11,75.8000,77.0700,75.7600,76.4300,3438800
2010-05-10,73.8900,76.7700,73.7400,76.6500,6619400
2010-05-07,71.3500,72.4400,69.7752,70.6100,5375600
2010-05-06,74.5500,75.9900,66.9900,72.3000,6582500
2010-05-05,76.8700,77.2999,74.7000,75.2100,4327600
2010-05-04,78.0200,78.5500,77.1000,77.3500,3632600
2010-05-03,76.0100,78.3900,75.9100,77.7700,2107100
2010-04-30,77.4500,77.8800,75.8900,75.9100,2467400
2010-04-29,77.1000,77.6900,76.7200,77.5700,2270900
2010-04-28,76.9400,78.0300,76.1400,76.4400,2703000
2010-04-27,77.6700,78.4900,76.6100,76.7400,2754200
2010-04-26,77.9100,78.4700,77.7800,78.0200,1512600
2010-04-23,77.8200,78.4400,77.3000,77.9000,2537800
2010-04-22,76.2900,78.5250,76.2100,78.2300,3462200
2010-04-21,76.4000,77.1390,76.1700,76.7200,2700200
2010-04-20,76.0200,76.5800,75.9000,76.3600,2396100
2010-04-19,74.9500,75.8000,74.2500,75.5800,2197600
2010-04-16,75.5900,76.0000,74.9800,75.1700,3434800
2010-04-15,75.5700,75.8200,74.9701,75.6400,1753600
2010-04-14,75.6100,75.8600,75.0000,75.8000,1701100
2010-04-13,75.4300,75.9300,74.7500,75.5100,1756300
2010-04-12,75.2900,75.9500,75.2000,75.5300,2216800
2010-04-09,74.1800,75.2800,73.6500,75.1800,3125500
2010-04-08,73.4600,74.2800,73.0600,73.9900,2602600
2010-04-07,73.9700,74.1884,73.3000,73.5900,2212800
2010-04-06,73.5400,74.1500,73.5000,73.9100,2107000
2010-04-05,74.1900,74.8200,73.6200,74.1100,1770400
2010-04-01,73.9600,74.3900,73.7500,74.0100,2094100
2010-03-31,73.4900,74.1000,73.2802,73.5000,1979000
2010-03-30,74.0100,74.4000,73.5500,73.8100,1615300
2010-03-29,74.1600,74.3300,73.5800,73.9700,1630600
2010-03-26,73.8000,74.7500,73.3700,73.8900,2165400
2010-03-25,74.1700,74.7800,73.5300,73.5700,2830400
2010-03-24,74.3500,74.3900,73.0100,73.3800,2767300
2010-03-23,74.4000,74.5900,73.9700,74.4900,2246500
2010-03-22,72.8900,74.1600,72.8200,73.8800,2924000
2010-03-19,74.2600,74.3200,73.1200,73.5200,4697400
2010-03-18,73.3500,75.3500,73.3000,74.6600,10924000
2010-03-17,70.3900,71.3300,70.2800,70.8800,3687900
2010-03-16,70.3300,71.0500,70.1000,70.3800,2526800
2010-03-15,69.7500,70.7300,69.7200,70.3900,2378500
2010-03-12,69.4200,69.9900,69.4100,69.9000,1802100
2010-03-11,69.1000,69.8500,68.7100,69.7500,1740000
2010-03-10,68.9100,69.2500,68.4100,69.1200,1398200
2010-03-09,68.7600,69.1800,68.5300,68.9300,1510600
2010-03-08,67.9700,68.9600,67.9700,68.8200,1771000
2010-03-05,67.8300,68.5100,67.8300,68.3200,1865000
2010-03-04,68.0200,68.0600,67.4400,67.6300,1576600
2010-03-03,67.7000,67.9700,67.2600,67.6400,2167600
2010-03-02,68.0600,68.3300,67.6800,68.0300,2461200
2010-03-01,67.9100,68.7100,67.6100,68.2400,2668500
2010-02-26,66.2300,67.8500,66.2300,67.6000,4908300
2010-02-25,65.0100,66.2800,64.0100,66.1600,3991900
2010-02-24,64.0000,65.0200,64.0000,64.9300,2904500
2010-02-23,64.3000,64.5500,63.6100,64.1300,1934700
2010-02-22,64.5700,64.7700,64.0300,64.3100,1716200
2010-02-19,64.1400,64.6000,64.0100,64.3500,2374500
2010-02-18,64.4900,64.5900,63.9100,64.4400,1617000
2010-02-17,63.8700,64.6900,63.6200,64.4800,2660100
2010-02-16,62.8200,63.6500,62.3300,63.6500,2407000
2010-02-12,62.5200,62.5500,61.7200,62.4900,2788000
2010-02-11,62.4300,63.1700,62.1200,62.9500,1752500
2010-02-10,62.5100,62.9500,62.2500,62.6400,1924600
2010-02-09,61.7800,63.1000,61.6700,62.5100,2359500
2010-02-08,61.6200,62.1200,61.2300,61.3000,2044300
2010-02-05,62.0200,62.2300,60.8900,61.7000,3277700
2010-02-04,63.5300,63.7500,62.0500,62.0900,4481200
2010-02-03,63.6900,64.1000,63.3200,64.0000,1972300
2010-02-02,64.2900,64.2900,63.6100,63.9300,2384800
2010-02-01,63.9700,64.4500,63.5100,64.1000,1601900
2010-01-29,63.6400,64.6500,63.5500,63.7500,2600600
2010-01-28,64.2500,65.0000,63.3700,63.5200,1789500
2010-01-27,63.6700,64.1700,63.2500,64.0000,3390100
2010-01-26,63.3300,64.1100,63.0500,63.7400,1677800
2010-01-25,63.3700,64.0400,63.3100,63.6700,2687400
2010-01-22,63.5100,64.2400,62.9500,62.9800,3330000
2010-01-21,64.3100,64.3400,63.0300,63.6400,3495800
2010-01-20,64.2100,64.4100,63.5700,64.1800,2002100
2010-01-19,64.2000,64.8000,63.9600,64.7100,1863300
2010-01-15,64.7800,65.0100,63.9500,64.3900,2823300
2010-01-14,65.4900,65.8300,64.7500,64.9900,1827900
2010-01-13,65.1100,65.6700,64.7800,65.4000,1412200
2010-01-12,64.6000,65.1000,64.2800,64.8200,2871400
2010-01-11,65.9200,65.9300,64.6500,64.9100,2669500
2010-01-08,65.7900,65.8500,64.9400,65.7200,1812400
2010-01-07,65.1200,66.0000,65.0500,65.8500,1796900
2010-01-06,65.4000,65.6900,64.9400,65.2100,3349800
2010-01-05,65.1400,65.7900,64.7000,65.6100,1568800
2010-01-04,66.0600,66.0700,65.1200,65.3500,2993100
2009-12-31,66.2100,66.6200,66.0500,66.0700,1586900
2009-12-30,65.8500,66.2400,65.7100,66.1400,1733000
2009-12-29,65.5000,66.4300,65.2200,66.2100,2020800
2009-12-28,65.2500,65.5500,64.7800,65.5000,1412000
2009-12-24,65.4400,65.5600,65.0000,65.2500,575500
2009-12-23,65.0700,65.5300,64.8900,65.4400,1537100
2009-12-22,64.8800,65.3300,64.1800,65.1000,2059700
2009-12-21,64.5200,65.2700,64.4500,64.8800,1849800
2009-12-18,64.4000,65.3500,64.0500,64.4200,5080800
2009-12-17,63.5700,64.0500,63.0700,63.2500,2919900
2009-12-16,64.6800,64.6800,63.6300,64.0500,1909900
2009-12-15,63.9300,65.0900,63.6200,64.3500,2401200
2009-12-14,64.0100,64.3200,63.1200,64.1600,2314400
2009-12-11,63.1600,64.1900,63.0900,63.8600,2715000
2009-12-10,62.2000,63.4000,62.2000,62.7000,2993100
2009-12-09,63.5100,63.5100,61.7500,61.9500,5859500
2009-12-08,64.0000,64.3900,63.3800,63.5300,3627700
2009-12-07,64.3000,64.9900,64.3000,64.5400,2237000
2009-12-04,65.2800,65.8500,63.8200,64.3000,2545000
2009-12-03,65.2600,65.5900,64.5400,64.6700,2758700
2009-12-02,64.5300,66.1300,64.5300,65.3500,1484200
2009-12-01,65.2700,66.0900,64.7400,65.4000,1987600
2009-11-30,64.8000,65.5400,64.3900,64.8900,2315200
2009-11-27,64.5200,65.4400,64.0000,65.0500,1174700
2009-11-25,64.5300,65.8700,64.5300,65.7000,1996500
2009-11-24,64.6800,65.1000,64.3200,64.5200,1612200
2009-11-23,64.8200,65.5300,64.0400,64.4900,2358000
2009-11-20,63.3400,64.0800,62.7000,63.9200,3153600
2009-11-19,63.9300,64.3000,62.8800,63.5600,2463200
2009-11-18,64.7900,64.7900,63.7900,64.4200,2024500
2009-11-17,65.8900,66.0000,64.4300,64.9600,1963500
2009-11-16,64.6600,66.3400,64.5200,66.1000,2595000
2009-11-13,64.2700,64.9600,63.7200,64.4200,1827700
2009-11-12,64.9400,65.3900,63.8100,64.0900,1654300
2009-11-11,64.6100,65.5700,64.5700,64.9300,1670100
2009-11-10,65.3400,65.6900,64.0000,64.4700,2474500
2009-11-09,64.5000,65.3300,64.3600,65.3200,2286700
2009-11-06,64.6500,64.8200,63.8800,64.5600,1908800
2009-11-05,63.4900,64.7900,63.0700,64.7600,2644500
2009-11-04,62.8200,63.8000,61.9700,62.7300,2168700
2009-11-03,62.2500,63.0500,61.8000,62.6600,2747300
2009-11-02,62.3400,63.6200,61.8300,62.5000,2881600
2009-10-30,63.3500,63.7900,62.0200,62.1800,3668000
2009-10-29,63.0000,64.1100,62.6000,63.7100,2712200
2009-10-28,63.6300,64.2600,62.2800,62.5700,3705100
2009-10-27,63.6500,64.6900,62.5000,64.0900,3927900
2009-10-26,64.0800,64.9600,63.5900,63.7500,2953500
2009-10-23,65.0500,65.1600,63.5500,64.1700,3174500
2009-10-22,64.8200,65.7000,64.4000,65.1900,2497700
2009-10-21,65.1000,65.8000,64.7000,64.7500,3328300
2009-10-20,65.5300,65.7900,64.6500,65.0900,3389900
2009-10-19,65.0400,66.3500,64.4100,66.0900,4628300
2009-10-16,64.3400,65.2000,64.2600,65.1000,3654200
2009-10-15,64.7300,65.0100,64.1300,64.9600,3661800
2009-10-14,64.0800,65.2300,63.9100,64.9000,3657900
2009-10-13,63.2600,63.8500,63.0100,63.6800,1765500
2009-10-12,63.8500,64.0000,63.2300,63.2500,1550000
2009-10-09,64.1200,64.1900,63.0000,63.5900,2217400
2009-10-08,63.7100,64.3600,63.5500,64.0200,2341200
2009-10-07,62.9400,63.7250,62.8000,63.4200,2190600
2009-10-06,62.9100,64.4200,62.8400,63.0900,3651400
2009-10-05,61.8800,62.9200,61.7500,62.7800,2968300
2009-10-02,61.5300,62.3900,61.0800,62.0200,5642000
2009-10-01,64.0000,64.4000,62.5000,62.5000,8259000
2009-09-30,64.0100,64.9500,64.0100,64.7000,16793700
2009-09-29,59.2300,60.1900,59.1200,60.0900,8690800
2009-09-28,58.7300,59.3100,58.4600,59.0000,2526600
2009-09-25,58.3300,59.8500,58.3000,58.6400,4373600
2009-09-24,58.3100,58.7400,57.8300,58.1700,6555300
2009-09-23,58.8000,59.2500,58.2300,58.3000,10893000
2009-09-22,58.9700,59.5000,58.4400,58.5700,3093500
2009-09-21,58.0500,59.3700,57.6600,58.5500,2368100
2009-09-18,58.2500,58.8800,57.9500,58.5900,2881300
2009-09-17,57.0000,58.8100,56.8700,58.0900,3690500
2009-09-16,54.7600,57.4500,54.4100,57.1800,6086600
2009-09-15,54.7600,55.0000,53.9700,54.6900,3704600
2009-09-14,54.4800,55.2200,53.5200,54.9100,3574700
2009-09-11,55.5600,55.8900,54.7600,54.9900,4342000
2009-09-10,55.3500,55.8000,54.8700,55.4200,4663200
2009-09-09,54.9300,55.4800,54.5300,55.3500,3996000
2009-09-08,54.6300,55.2600,54.2100,55.2400,2900200
2009-09-04,53.8700,54.3800,53.4200,54.2300,2426400
2009-09-03,53.4900,53.9000,53.3100,53.7300,3521500
2009-09-02,54.1200,54.3300,53.2200,53.3100,4385200
2009-09-01,54.9050,55.5200,54.1100,54.3600,5040500
2009-08-31,55.9200,56.0000,55.1500,55.3900,1838600
2009-08-28,57.0500,57.3800,55.8100,56.1800,2144500
2009-08-27,55.5400,57.1300,54.8000,56.8300,4770400
2009-08-26,55.2800,56.0000,54.9300,55.4500,3349800
2009-08-25,56.2900,56.4700,55.1000,55.1600,4581200
2009-08-24,55.7000,56.2500,55.5600,56.0000,3809400
2009-08-21,55.9900,56.5000,55.2400,55.6500,5639300
2009-08-20,56.8000,57.1400,56.2000,57.0000,2975900
2009-08-19,55.0900,56.9250,55.0900,56.7700,2826500
2009-08-18,55.5200,55.8500,55.1900,55.6100,3328100
2009-08-17,56.0700,56.4600,55.1650,55.4400,2745200
2009-08-14,57.6600,58.0000,56.3000,56.8600,2281200
2009-08-13,57.3800,57.8300,56.9800,57.8100,2094400
2009-08-12,56.6000,57.9000,56.4200,57.5200,3049300
2009-08-11,56.9200,57.0900,56.0200,56.7900,1903600
2009-08-10,57.8700,57.8700,56.7100,57.1400,2385900
2009-08-07,57.9600,58.2700,57.1300,58.0700,2862000
2009-08-06,57.2500,57.8000,56.8200,57.6200,3640300
2009-08-05,57.5400,58.1700,56.7300,57.0200,4083300
2009-08-04,56.4600,57.5700,56.1500,57.5400,3710700
2009-08-03,56.9800,57.0800,56.2400,56.6200,3377400
2009-07-31,55.6700,57.7700,55.5600,56.6400,5449200
2009-07-30,54.9300,56.5300,54.5800,56.0900,5014900
2009-07-29,52.5000,54.5000,52.3600,54.3700,5303700
2009-07-28,51.9800,52.9400,51.4300,52.9100,2638200
2009-07-27,52.2100,52.4000,51.6400,52.3700,1569100
2009-07-24,51.1100,52.4250,50.5900,52.1700,3682700
2009-07-23,51.5000,52.0800,51.0000,51.1400,5383200
2009-07-22,52.0000,52.4300,51.4200,51.5300,3575200
2009-07-21,53.4300,53.4400,51.6800,52.0700,2751800
2009-07-20,52.5900,53.2400,52.0900,52.8300,2661400
2009-07-17,53.1500,53.1500,51.9800,52.4400,3275300
2009-07-16,52.7800,53.4800,52.0000,53.1900,3339000
2009-07-15,52.3500,52.9900,51.3200,52.9300,3886100
2009-07-14,51.4900,52.2900,51.2100,51.9000,2004300
2009-07-13,51.4600,51.9096,50.8100,51.5400,3117200
2009-07-10,50.6700,51.7900,50.6200,51.3000,2359000
2009-07-09,51.8600,51.8600,50.7700,51.0600,2134400
2009-07-08,50.9900,51.7100,50.7500,51.5100,2603400
2009-07-07,51.7000,51.8500,50.8900,51.2100,3046400
2009-07-06,50.7400,52.3000,50.7400,51.9100,3719700
2009-07-02,51.7700,51.8300,51.0600,51.0900,3831600
2009-07-01,52.1400,52.9900,51.3500,52.4200,3091200
2009-06-30,51.8600,52.4800,51.2800,51.7800,2925100
2009-06-29,51.1500,52.1600,50.8000,51.7500,3456200
2009-06-26,50.7400,51.3700,50.5100,50.8400,5341700
2009-06-25,50.6500,51.5700,50.1600,51.2800,14901700
2009-06-24,53.9500,54.3600,52.7600,53.0200,5050500
2009-06-23,55.2100,55.2600,53.3500,53.5400,4018500
2009-06-22,56.2000,56.2000,55.1100,55.2600,3075000
2009-06-19,56.8300,57.9600,56.5300,56.7000,3838300
2009-06-18,55.2000,57.4300,54.7000,56.3000,4424900
2009-06-17,55.1500,55.5300,54.3900,54.6300,3396600
2009-06-16,55.9500,56.7500,55.1400,55.3300,2443500
2009-06-15,56.3900,56.4700,55.4100,55.9400,3228200
2009-06-12,56.4200,56.9900,55.6450,56.6100,3871600
2009-06-11,57.1600,57.8900,56.5700,56.6200,3863000
2009-06-10,58.8700,59.0600,56.2500,57.0500,5960000
2009-06-09,57.9900,58.9500,57.6400,58.6600,2429100
2009-06-08,58.1200,58.6200,57.2700,58.0000,2670800
2009-06-05,58.6000,59.1200,57.9500,58.2900,4112800
2009-06-04,58.1400,58.1400,56.6350,57.5400,3274500
2009-06-03,57.3900,58.2200,56.8000,58.1700,3504600
2009-06-02,58.9900,59.3200,57.7500,57.8300,4735600
2009-06-01,57.8600,59.9500,57.5600,59.2600,4403600
2009-05-29,55.2600,57.1400,54.7000,57.0500,4142200
2009-05-28,54.4500,55.3600,53.6100,55.1100,3760100
2009-05-27,54.1700,55.2900,53.8400,54.4100,3781800
2009-05-26,51.9700,54.5700,51.9700,54.1700,4192800
2009-05-22,51.3500,52.8900,51.1900,52.4100,3709800
2009-05-21,50.3600,51.4300,50.0700,51.3500,3835200
2009-05-20,52.3300,52.5400,50.5400,50.6900,3715700
2009-05-19,51.5000,52.6000,50.5300,52.0400,3656400
2009-05-18,50.1200,51.2800,50.0000,51.2000,2715000
2009-05-15,50.0900,51.6000,49.6400,49.7500,3678700
2009-05-14,49.4000,51.3700,49.4000,50.9500,4174500
2009-05-13,50.4000,50.4000,48.7600,49.5200,4574700
2009-05-12,52.5000,52.8500,50.2400,50.9800,6068800
2009-05-11,53.6000,53.8100,52.7900,53.1400,3763900
2009-05-08,53.7600,54.8600,52.0000,54.4200,2842900
2009-05-07,55.3200,55.6700,52.4300,53.0800,4636600
2009-05-06,55.4500,55.7800,54.2400,54.6100,3702100
2009-05-05,54.4200,55.1800,54.3500,55.0000,3311900
2009-05-04,52.9100,55.2700,52.8700,55.2700,3637400
2009-05-01,52.8700,53.3700,52.5000,52.9200,3475500
2009-04-30,53.5400,55.0200,52.1800,52.4700,4831600
2009-04-29,55.6000,55.7500,52.5000,52.9600,5464500
2009-04-28,53.4200,56.2961,53.4000,55.5900,2470100
2009-04-27,54.0100,55.2800,53.5700,54.1300,2301600
2009-04-24,54.7300,55.2400,54.0300,54.7300,2099000
2009-04-23,55.0000,55.4300,53.2575,54.3900,3052900
2009-04-22,52.9100,55.9900,52.2500,55.0000,3533600
2009-04-21,52.3100,53.6499,52.0300,53.2700,2573100
2009-04-20,53.8800,53.8800,52.0200,52.3600,2490300
2009-04-17,54.0300,55.0000,53.2200,54.6100,3466000
2009-04-16,52.2000,54.0900,51.9300,53.7700,2891500
2009-04-15,51.4000,52.2000,51.0500,52.1100,2774900
2009-04-14,52.6000,52.6000,50.1800,51.4000,4243900
2009-04-13,52.7300,53.4700,51.5900,53.1200,3300500
2009-04-09,51.2500,53.5000,50.5850,53.2700,4511100
2009-04-08,49.9600,50.6200,49.4500,50.2400,3275800
2009-04-07,50.3700,50.3800,49.5100,49.8600,2895000
2009-04-06,51.2800,51.5000,50.4600,51.2700,2770000
2009-04-03,50.2600,51.8900,50.2000,51.8700,3593900
2009-04-02,47.6100,51.3400,47.6100,50.4900,5970500
2009-04-01,46.1800,47.2000,45.6400,47.0000,3251700
2009-03-31,46.7400,47.6400,45.8000,46.8900,4476900
2009-03-30,46.0000,46.4400,45.0200,46.2600,3322200
2009-03-27,47.4200,47.6528,46.5800,46.8400,1990400
2009-03-26,46.6800,48.2900,46.5400,47.6000,3529400
2009-03-25,46.1200,47.2500,45.1500,46.3700,3361000
2009-03-24,46.7400,47.2100,45.3700,45.6000,3208000
2009-03-23,45.9700,47.7100,44.8700,47.6200,3596200
2009-03-20,46.9700,47.8600,44.3100,45.0200,6237800
2009-03-19,43.7800,47.0000,43.2500,46.5000,8070400
2009-03-18,45.9500,46.5300,44.9400,45.9200,5862900
2009-03-17,43.8500,45.6500,43.5400,45.4100,5466600
2009-03-16,45.0000,45.0800,43.6100,43.9100,4155700
2009-03-13,44.7600,44.8200,43.2700,44.6700,4974900
2009-03-12,43.4300,44.8400,42.4100,44.5900,4528100
2009-03-11,41.9800,43.9400,41.7500,43.4300,4812000
2009-03-10,38.9700,42.0000,38.9700,41.6100,5738900
2009-03-09,39.3500,40.0800,38.2400,38.5700,5173800
2009-03-06,40.2500,40.9100,39.0000,39.9400,5991800
2009-03-05,41.3800,41.9400,39.4400,39.9400,5919200
2009-03-04,40.7400,43.3200,40.7400,42.5500,4173800
2009-03-03,40.3700,41.2500,40.0200,40.0500,4276900
2009-03-02,40.8300,41.2900,39.6300,39.7600,4355800
2009-02-27,40.2300,42.1800,40.0800,41.5300,4684600
2009-02-26,42.5000,42.5300,41.0000,41.0300,3162200
2009-02-25,42.6400,43.1600,41.5600,42.1500,3971200
2009-02-24,41.6400,43.1200,40.4900,42.9400,3464500
2009-02-23,43.4500,43.9000,41.4100,41.6100,3229200
2009-02-20,42.3200,43.3600,41.9200,42.9300,3021000
2009-02-19,43.9400,44.3800,42.3400,42.8100,3261100
2009-02-18,42.3200,43.9400,41.9500,43.5200,5862600
2009-02-17,42.7200,42.7200,41.3700,41.9400,5569500
2009-02-13,44.2300,45.0300,43.2100,43.4300,3020600
2009-02-12,43.6900,44.6100,42.9375,44.4600,3718200
2009-02-11,45.3800,45.3900,43.3700,44.3100,5995000
2009-02-10,47.2700,47.7700,44.7600,45.0500,4504100
2009-02-09,48.7400,48.7400,47.1400,47.7700,2845300
2009-02-06,47.3200,49.1200,46.8000,48.6800,3466700
2009-02-05,45.7800,47.4300,45.3300,47.2000,3613500
2009-02-04,46.4200,46.4300,45.2600,45.7800,3763700
2009-02-03,44.6800,46.4900,44.1100,46.3000,2774600
2009-02-02,44.5700,45.3000,43.8200,44.4300,2504100
2009-01-30,46.2950,46.4900,44.9400,45.2500,2667500
2009-01-29,47.1300,47.6800,45.8200,45.9900,2184400
2009-01-28,46.3200,48.3500,46.3000,47.6000,2977700
2009-01-27,45.9200,46.1600,44.8500,45.5100,2422300
2009-01-26,45.7900,47.0800,45.0000,45.6700,2001300
2009-01-23,44.7700,46.2700,44.0400,45.6800,2844700
2009-01-22,45.0300,46.8600,44.1800,45.6300,3592400
2009-01-21,44.6900,45.7400,43.5400,45.6600,3485900
2009-01-20,46.1300,46.9400,44.0000,44.1400,3686400
2009-01-16,47.3800,47.4000,45.8700,46.8000,3529200
2009-01-15,46.6500,47.3700,45.7200,46.9600,4108400
2009-01-14,48.2200,48.4600,46.1700,46.6500,6851000
2009-01-13,49.8100,50.9500,49.1100,49.5000,3894800
2009-01-12,49.4000,50.4700,48.9600,50.1200,3432600
2009-01-09,51.4500,51.7800,49.3700,49.6100,3311600
2009-01-08,50.2900,51.4000,49.7200,51.3900,3932500
2009-01-07,51.6100,52.0000,50.3000,50.4600,5041100
2009-01-06,53.8000,54.0000,51.8000,52.3600,3822600
2009-01-05,52.6200,53.7700,52.3000,53.4400,3228300
2009-01-02,50.9500,53.6000,50.3100,53.0600,3007200
2008-12-31,49.8100,51.5500,49.5400,51.0000,3772400
2008-12-30,49.3300,49.8000,48.7900,49.6900,2406600
2008-12-29,49.7000,49.9700,48.2700,48.9400,2336500
2008-12-26,49.3000,50.0200,49.3000,49.7600,1229800
2008-12-24,48.0500,49.3800,47.6400,49.1300,1096200
2008-12-23,49.2200,50.0200,47.0800,47.9600,3275500
2008-12-22,51.2700,51.6500,48.1400,49.1000,3446400
2008-12-19,52.6900,54.0000,50.4300,51.2600,6100200
2008-12-18,50.6900,54.2500,50.3500,52.6900,6165200
2008-12-17,48.7000,52.4000,48.7000,50.6400,3861700
2008-12-16,48.2700,50.2000,47.7500,49.6400,6137800
2008-12-15,50.0100,50.8800,47.3500,48.1900,3398200
2008-12-12,47.6700,49.7000,47.6100,49.3700,3673600
2008-12-11,50.1700,51.2400,48.1900,48.7300,4119900
2008-12-10,51.5900,51.9500,48.9400,50.5000,6364100
2008-12-09,55.2700,55.6300,52.1800,52.9400,4864900
2008-12-08,54.5300,57.3300,54.3000,56.1700,8082300
2008-12-05,50.9800,53.5700,49.5100,53.3400,3456300
2008-12-04,51.1700,54.1700,50.0400,51.9600,5386300
2008-12-03,48.9300,52.4200,47.8100,52.0100,4357700
2008-12-02,48.6900,50.4800,48.3900,50.0100,4027500
2008-12-01,52.2700,52.2700,47.8800,48.0200,3541500
2008-11-28,54.0000,54.0000,51.6300,53.2500,1872600
2008-11-26,48.6400,53.4900,48.2400,53.2500,3959600
2008-11-25,51.2800,52.7500,48.2600,49.2900,5995700
2008-11-24,48.1800,51.0000,47.9100,50.3200,4648800
2008-11-21,44.4100,48.1700,43.7500,47.8800,6410400
2008-11-20,43.2700,47.8400,42.6800,43.6100,6790400
2008-11-19,46.5000,47.2600,43.7600,43.8400,4064200
2008-11-18,46.1300,47.4400,44.5500,46.6400,4835000
2008-11-17,46.0500,48.0300,46.0000,46.3100,4461300
2008-11-14,47.8500,48.6500,45.9400,46.5300,4283600
2008-11-13,44.5300,48.9300,43.6200,48.8600,6240600
2008-11-12,45.1400,45.7400,43.5000,44.3700,4898000
2008-11-11,47.9100,48.2200,44.3400,45.6700,7320400
2008-11-10,50.7300,50.7300,46.9200,47.9700,5418100
2008-11-07,50.6600,51.2400,47.5600,49.4100,6091000
2008-11-06,51.9400,51.9400,49.9400,50.6400,7132400
2008-11-05,55.9900,56.3897,52.5400,52.7800,4168200
2008-11-04,56.8700,57.2500,55.0300,56.2200,3190200
2008-11-03,57.6300,58.5000,55.4300,55.8400,3099100
2008-10-31,55.1800,59.0400,55.1800,57.6300,5266500
2008-10-30,54.5100,56.3800,53.5000,55.8100,6006000
2008-10-29,52.1800,54.8900,50.7400,52.4800,4468500
2008-10-28,47.6600,52.5000,46.6300,52.4200,6490800
2008-10-27,47.1900,48.8800,46.4700,46.5500,3886800
2008-10-24,47.5900,50.1900,47.2300,47.7900,7531800
2008-10-23,52.2100,53.3200,48.1700,50.7300,7285900
2008-10-22,55.5000,55.8700,51.0000,52.5000,6519100
2008-10-21,59.0100,59.7100,56.7200,57.1200,4374200
2008-10-20,58.2700,59.7500,56.8600,59.7500,5366800
2008-10-17,54.6300,58.2100,53.8601,57.4800,6193200
2008-10-16,52.6300,56.2100,49.9000,55.9700,8452000
2008-10-15,56.0200,56.5300,50.2000,50.3600,7208900
2008-10-14,58.0600,59.5000,56.2900,57.1200,8010300
2008-10-13,55.6900,56.3500,54.2900,55.8500,6529000
2008-10-10,50.3400,57.9200,49.0300,54.5300,9749000
2008-10-09,56.0800,56.9500,52.8900,53.0800,6062100
2008-10-08,57.0300,58.8700,55.1600,55.7000,9214400
2008-10-07,61.9500,61.9500,57.8700,57.9800,4523800
2008-10-06,61.9900,63.0000,57.4200,61.1400,8570300
2008-10-03,64.3900,66.0000,63.2500,63.2500,4201900
2008-10-02,65.1200,66.0000,63.6000,63.7500,5372200
2008-10-01,66.2000,67.0200,65.1500,66.1600,3719300
2008-09-30,65.9300,67.4400,64.8500,66.9000,5341500
2008-09-29,66.9800,67.3500,64.6300,65.0500,7892100
2008-09-26,64.1800,68.0000,64.0000,67.7900,7557000
2008-09-25,62.4200,65.7800,62.4200,65.0100,11512200
2008-09-24,60.8400,61.0400,58.8300,59.2700,4685500
2008-09-23,63.4000,63.4000,60.5500,60.8300,4354200
2008-09-22,65.2000,65.8100,62.4500,63.1500,4155200
2008-09-19,66.6200,66.6600,61.8500,63.7000,7242100
2008-09-18,60.2500,65.9900,58.7400,64.6400,12614300
2008-09-17,59.5100,61.3700,58.7000,59.5600,4890300
2008-09-16,59.1100,61.9400,59.0500,61.1900,3632200
2008-09-15,60.4300,62.6800,59.0200,60.5000,3577600
2008-09-12,60.6000,62.0800,60.0000,61.9200,3293100
2008-09-11,59.2500,61.0200,58.9200,60.9700,3321400
2008-09-10,59.8900,60.8100,59.1300,59.8700,3695100
2008-09-09,60.3300,61.5500,59.4900,60.2800,3504700
2008-09-08,60.0000,60.4200,58.9000,60.3300,3168100
2008-09-05,59.4100,59.6900,58.4700,58.8200,3438600
2008-09-04,60.9700,61.7300,59.6500,59.7400,2933400
2008-09-03,60.7300,62.0900,60.0100,61.9100,3092100
2008-09-02,61.5600,62.7450,60.7800,61.1800,3383600
2008-08-29,61.1800,61.3400,60.5200,60.6100,1661100
2008-08-28,59.9200,61.5400,59.8000,61.2200,2316300
2008-08-27,59.1000,59.8000,58.7000,59.6700,2310700
2008-08-26,59.7900,59.8700,58.7500,58.9200,2990600
2008-08-25,60.6600,61.2600,59.4200,59.7100,2550400
2008-08-22,60.9800,62.0000,60.9100,61.1100,2444300
2008-08-21,60.1000,60.7300,59.2600,60.5900,2713800
2008-08-20,61.0900,61.4000,60.1100,60.6600,3164000
2008-08-19,61.2100,61.5200,60.7700,61.0300,1844700
2008-08-18,62.5000,62.7500,61.3500,61.6500,1619600
2008-08-15,62.0200,62.8900,61.9000,62.2900,2779700
2008-08-14,61.6900,62.8500,61.3400,62.0000,2534500
2008-08-13,62.4300,62.6500,60.9400,61.9700,2066600
2008-08-12,62.7100,63.4000,61.6000,62.1000,3202000
2008-08-11,63.0200,64.8000,62.3300,63.2700,3452300
2008-08-08,61.0600,63.2900,60.5000,62.9500,2968700
2008-08-07,61.6000,61.6000,60.0400,60.8500,4377100
2008-08-06,61.4900,62.5500,60.4000,62.1900,4685500
2008-08-05,60.1100,61.5800,59.5300,61.5800,4521900
2008-08-04,59.6100,60.1800,58.7900,59.7800,2462500
2008-08-01,58.4200,59.7900,57.7500,59.4000,3157600
2008-07-31,59.7500,60.2300,57.9100,58.6800,2718400
2008-07-30,59.3000,60.4100,58.6900,59.6800,2580400
2008-07-29,57.1000,59.2400,57.1000,59.0600,2359800
2008-07-28,58.1300,58.9000,57.2300,57.2400,2559800
2008-07-25,58.4800,58.9700,57.5800,58.1700,3094100
2008-07-24,59.3400,59.9400,57.9200,58.1300,3387800
2008-07-23,58.5700,60.4300,58.5000,59.2000,3784600
2008-07-22,57.2200,58.6700,56.6400,58.6700,3815600
2008-07-21,57.2600,57.8800,56.4800,57.5100,2971600
2008-07-18,58.7300,58.7800,56.3200,58.2000,4115000
2008-07-17,58.5200,58.7700,56.9300,58.5600,6493600
2008-07-16,57.5900,58.3600,56.4000,58.1600,6120100
2008-07-15,56.6800,58.1600,55.6900,57.6400,5583600
2008-07-14,57.0400,57.3100,55.6000,55.8100,4091500
2008-07-11,55.1400,56.8700,54.6400,56.2600,6357600
2008-07-10,56.8500,56.9500,55.0200,55.6700,5488500
2008-07-09,58.1000,58.1000,56.5700,56.9500,6282600
2008-07-08,56.3900,58.3600,55.6400,58.3200,4816000
2008-07-07,58.5600,59.2200,55.5200,56.4600,8269100
2008-07-03,58.0900,59.4400,57.4100,58.5200,2476600
2008-07-02,59.3300,59.9200,57.9800,58.0900,4875800
2008-07-01,59.6000,59.6400,57.6300,58.9900,7457600
2008-06-30,60.4600,60.5500,59.4900,59.6100,4946800
2008-06-27,59.7200,61.8300,59.0400,60.3400,7637900
2008-06-26,60.9500,62.0000,57.6300,59.5000,18527500
2008-06-25,66.2500,67.5100,65.8200,65.9700,4802900
2008-06-24,67.0800,67.3900,65.9100,65.9700,3694200
2008-06-23,67.0300,67.7800,66.5400,66.9000,3239100
2008-06-20,66.1600,67.5000,65.8600,66.7300,4245000
2008-06-19,68.0500,68.4800,67.0200,67.8400,2952500
2008-06-18,67.7000,68.9500,67.4500,67.8800,3175000
2008-06-17,69.2000,69.2000,67.7700,68.0000,3257400
2008-06-16,68.8400,68.8600,67.8800,68.3800,3199000
2008-06-13,67.0900,69.7200,67.0900,68.9900,3397900
2008-06-12,67.6600,68.6000,66.4630,66.7800,3028900
2008-06-11,68.5300,68.5300,67.3400,67.4400,4558200
2008-06-10,68.0300,69.0000,68.0000,68.4800,3846200
2008-06-09,67.8700,68.8900,67.2200,68.5800,3417800
2008-06-06,69.3600,69.5800,67.9300,67.9300,3204900
2008-06-05,68.0500,70.2800,67.7500,70.0700,4887100
2008-06-04,66.9700,68.4000,66.7300,67.9400,3535000
2008-06-03,67.5100,67.7200,66.3000,66.9700,2787100
2008-06-02,68.2700,68.2700,66.0200,67.1400,2894900
2008-05-30,68.7200,68.8800,67.1600,68.3700,2603900
2008-05-29,67.3900,68.8700,66.9300,68.3900,2934300
2008-05-28,66.5900,68.0700,66.5900,67.3800,3160800
2008-05-27,64.9200,66.6800,64.1200,66.0200,2591000
2008-05-23,64.8900,65.2900,64.0800,64.7700,2006700
2008-05-22,65.0900,65.4900,64.5900,65.0100,2695700
2008-05-21,67.1100,67.3500,64.8600,65.1300,2803600
2008-05-20,67.2000,68.1600,66.7100,67.0400,3725300
2008-05-19,67.5300,68.6500,67.1900,67.7800,2425200
2008-05-16,68.2700,68.2700,66.8100,67.5300,2075700
2008-05-15,67.8900,68.4400,67.3000,68.0200,2875100
2008-05-14,66.0000,68.3900,65.6600,67.4400,3834800
2008-05-13,65.6400,66.0800,64.6600,65.6600,3925200
2008-05-12,65.1700,65.9300,64.8500,65.3400,8403700
2008-05-09,65.3000,65.3000,64.1900,64.8700,2366800
2008-05-08,66.8700,67.0100,64.3400,64.8000,4512700
2008-05-07,67.7400,68.6600,66.5600,66.7500,2508700
2008-05-06,66.9600,67.8200,66.1900,67.5800,1959700
2008-05-05,67.1200,68.4900,66.5500,66.9800,2190900
2008-05-02,68.5900,68.5900,67.0100,67.6600,2978500
2008-05-01,66.8000,68.5100,66.5000,67.8100,3127600
2008-04-30,68.2300,68.7000,66.6100,66.8000,4187400
2008-04-29,67.8200,68.5100,67.5000,68.2300,2501100
2008-04-28,69.0300,69.0300,67.6000,67.8200,2905200
2008-04-25,68.5200,68.8500,67.7200,68.7400,3091800
2008-04-24,67.8100,68.6000,67.4200,68.0600,3582900
2008-04-23,68.4200,68.9500,67.3800,67.5800,3521500
2008-04-22,68.4500,68.7800,67.3100,68.0300,2886100
2008-04-21,67.4700,68.8600,67.1100,68.6200,3653400
2008-04-18,68.1500,68.1500,67.2400,67.8900,4008200
2008-04-17,66.3700,67.7100,66.0000,67.5500,3467600
2008-04-16,66.1500,66.5500,65.4700,66.0700,2770500
2008-04-15,66.6100,66.6100,65.1900,65.8200,2362400
2008-04-14,66.3100,66.7600,65.8500,66.0600,2205500
2008-04-11,66.7000,68.0000,66.6000,66.6900,3265900
2008-04-10,66.3200,68.0200,65.9000,67.3700,4366500
2008-04-09,66.7000,67.2700,65.9500,66.4400,3136600
2008-04-08,66.5800,67.4400,66.2400,66.5300,3282300
2008-04-07,68.8000,68.9500,66.8200,66.8300,3251400
2008-04-04,68.5000,69.2500,67.9500,68.5100,3141200
2008-04-03,67.4300,69.3400,67.2600,68.9000,3225900
2008-04-02,68.8800,70.0000,67.5500,67.9700,3886900
2008-04-01,68.6100,69.9100,67.2600,69.5700,4511700
2008-03-31,65.7500,68.2600,65.7500,68.0000,5780700
2008-03-28,65.9400,66.4300,65.1000,65.8600,5333300
2008-03-27,66.5500,67.3100,65.9800,65.9800,3835300
2008-03-26,68.1100,68.4000,66.0700,66.2700,5163400
2008-03-25,69.2400,69.3000,68.0100,68.3700,5114900
2008-03-24,66.5000,70.6000,66.4800,69.0800,7456900
2008-03-20,64.9700,67.3500,61.8300,67.2700,10825100
2008-03-19,62.3800,62.9200,61.8200,61.8300,5188400
2008-03-18,60.9100,61.7400,59.5700,61.6700,3450200
2008-03-17,58.4200,60.1600,57.7500,59.2600,4569200
2008-03-14,61.6000,61.6000,59.3100,59.9600,4720400
2008-03-13,59.0000,61.3700,58.0000,61.0300,4811400
2008-03-12,58.0000,60.2700,58.0000,59.7600,4560300
2008-03-11,58.1400,58.2000,56.7000,57.9200,3674300
2008-03-10,58.1800,58.9800,56.7700,56.9700,4045600
2008-03-07,58.9900,59.7200,57.6900,58.2400,4299200
2008-03-06,60.6200,60.6400,59.4300,59.5800,4655500
2008-03-05,60.8100,61.9100,60.1200,60.8100,2942300
2008-03-04,59.6300,60.9000,59.5000,60.4300,4166000
2008-03-03,60.3200,60.5100,59.3600,60.0900,2589300
2008-02-29,61.3100,61.7100,59.9600,60.2000,2951700
2008-02-28,61.9800,62.4100,61.4900,62.0400,2129500
2008-02-27,62.1100,62.9200,62.0500,62.3800,2279700
2008-02-26,61.4100,63.0000,61.4100,62.6100,2500700
2008-02-25,60.7000,61.7300,60.2900,61.5900,2494400
2008-02-22,60.3300,60.7800,59.6600,60.5900,3337300
2008-02-21,59.6600,61.1500,59.6600,60.3200,3286600
2008-02-20,60.5900,61.5300,60.4600,61.2000,2275200
2008-02-19,62.8300,62.9900,60.9000,61.1200,2335700
2008-02-15,62.8100,62.9200,61.6800,62.2900,2668100
2008-02-14,62.8200,63.0000,62.0700,62.3000,3152900
2008-02-13,61.9900,62.7400,60.8200,62.5500,3449400
2008-02-12,60.7600,61.9700,60.5600,61.3700,3118400
2008-02-11,60.7400,61.2900,60.0000,60.6600,2748400
2008-02-08,60.1900,61.4100,59.8100,60.6400,2867000
2008-02-07,59.5800,61.0500,59.5500,60.7600,3871600
2008-02-06,60.4600,61.3900,59.8400,60.0300,3856300
2008-02-05,59.7900,60.8500,59.5100,59.8000,3605400
2008-02-04,62.5300,62.6300,60.2400,60.7400,3085000
2008-02-01,61.7600,62.5100,60.5000,62.5100,4079900
2008-01-31,59.3300,62.1800,59.1800,61.3300,7427900
2008-01-30,58.2600,59.9400,58.0800,59.4000,5547800
2008-01-29,57.5700,57.5700,56.2800,57.3500,3597200
2008-01-28,56.0300,57.7300,55.6700,57.2900,2724400
2008-01-25,58.1800,58.1800,55.5900,56.0000,4679800
2008-01-24,57.6200,58.6300,56.2500,57.4100,5302800
2008-01-23,56.0200,58.0800,54.0100,57.5200,7772500
2008-01-22,52.4300,58.0000,51.5000,57.2900,5522700
2008-01-18,58.6800,59.8700,56.0000,56.5000,4258900
2008-01-17,57.7200,58.3600,55.9600,55.9800,4404400
2008-01-16,56.2900,58.2600,56.1100,57.6700,5861900
2008-01-15,59.0700,59.8900,57.0000,57.0600,7069400
2008-01-14,60.7400,61.4800,59.8500,60.7300,3568100
2008-01-11,62.0400,62.0400,60.2100,60.7000,5555800
2008-01-10,61.6300,63.1800,61.3000,62.5400,5731400
2008-01-09,61.6500,62.0300,61.1300,61.9700,5830100
2008-01-08,62.4000,62.9800,61.5400,61.8300,4178600
2008-01-07,62.0000,62.3200,61.3000,62.1100,5202100
2008-01-04,62.2400,62.8800,61.7000,61.7400,5583800
2008-01-03,63.2800,63.7500,62.3800,62.7100,2659000
2008-01-02,64.3200,64.7000,62.7000,63.2800,2445400
2007-12-31,64.0100,64.7900,64.0100,64.2400,1842100
2007-12-28,65.8300,65.8800,64.0600,64.3100,4401100
2007-12-27,65.8100,66.2300,64.8600,65.0000,2101400
2007-12-26,66.8100,66.9800,65.5846,66.0800,1854700
2007-12-24,66.0900,67.0300,66.0900,66.8800,1454500
2007-12-21,66.5600,66.6600,65.8200,66.2700,2993000
2007-12-20,65.8100,67.4000,65.8100,66.0100,6328500
2007-12-19,64.0100,64.6500,63.3300,63.8000,3050900
2007-12-18,63.5500,63.7800,62.2400,63.7500,3309400
2007-12-17,64.2800,64.7600,62.8400,63.0500,2309300
2007-12-14,64.6600,65.1100,63.9100,64.3200,2466800
2007-12-13,64.0100,65.2700,63.9800,64.9600,3997900
2007-12-12,64.8700,65.8400,63.4200,64.4500,3405900
2007-12-11,66.0900,66.6100,64.1500,64.2000,2793200
2007-12-10,65.3900,66.0800,65.3800,65.8600,1943100
2007-12-07,65.2500,66.1200,65.1100,65.4000,1765400
2007-12-06,65.3700,65.6400,64.9100,65.4100,2633300
2007-12-05,66.4400,66.7500,65.3350,65.9400,2723200
2007-12-04,66.5500,67.3600,65.5300,65.8000,3707900
2007-12-03,65.8900,67.9300,64.8500,67.0000,3324700
2007-11-30,65.6800,66.1900,64.9900,65.6500,2701600
2007-11-29,65.1300,65.1300,63.8300,64.7100,1729000
2007-11-28,64.0000,65.6200,63.4000,65.2100,3520600
2007-11-27,62.3800,63.9100,62.3800,63.4000,2615300
2007-11-26,63.8800,63.8800,62.1200,62.1800,1998500
2007-11-23,63.4100,64.0000,62.8900,63.7500,869800
2007-11-21,61.3100,63.9200,61.3100,62.8800,2417100
2007-11-20,62.1500,62.9200,61.5000,62.2800,2810100
2007-11-19,62.3700,63.2500,61.6300,62.0000,3067100
2007-11-16,63.6000,63.9100,61.6100,62.6400,3537800
2007-11-15,63.0000,63.9800,62.2900,63.0500,2097200
2007-11-14,64.2500,64.8000,63.1400,63.2200,2853900
2007-11-13,63.0000,64.1200,62.3000,63.9900,3150600
2007-11-12,61.7100,64.4000,61.1400,62.6000,4242000
2007-11-09,62.3400,62.8400,61.4300,62.2100,3202300
2007-11-08,62.8300,63.6300,60.9100,63.3000,3908200
2007-11-07,63.0000,63.9900,62.3400,62.7800,2931600
2007-11-06,63.4300,64.2700,62.7600,63.9900,2311000
2007-11-05,62.0000,63.9300,62.0000,63.3800,2673600
2007-11-02,65.3400,65.3500,62.6700,63.8700,2442800
2007-11-01,65.9400,66.0700,63.6600,63.8200,3176400
2007-10-31,65.5700,66.5700,65.2900,66.2600,2941100
2007-10-30,64.2400,65.4500,64.0000,64.9300,2023800
2007-10-29,64.4600,65.4700,64.4400,65.2200,2423600
2007-10-26,63.4800,64.9900,63.3900,64.6100,3644200
2007-10-25,63.4300,64.2000,63.1800,63.8400,4767400
2007-10-24,63.8000,63.9000,62.3900,63.4600,4902200
2007-10-23,63.9000,64.3800,62.4600,64.1200,3974500
2007-10-22,62.5100,63.4700,61.9800,63.1700,4341800
2007-10-19,62.9400,63.9700,62.3900,63.3300,4588000
2007-10-18,62.5800,63.6000,62.4600,63.2600,2187100
2007-10-17,64.5000,64.5700,62.0000,63.1600,3271000
2007-10-16,63.8600,64.0400,62.7000,63.9100,4477000
2007-10-15,63.0000,64.7400,62.8300,63.9200,4801900
2007-10-12,60.9600,63.4400,60.9600,63.1500,5449000
2007-10-11,62.0000,62.1000,60.8600,61.0100,5891500
2007-10-10,61.4600,62.3700,61.2800,61.8600,4486500
2007-10-09,60.0000,62.1900,59.9600,61.7700,5855500
2007-10-08,60.1600,60.4700,59.6700,60.0100,1993100
2007-10-05,59.3400,60.5000,58.9900,60.3500,4011400
2007-10-04,59.3600,59.4800,58.6000,59.3600,2640500
2007-10-03,58.8100,60.0000,58.7900,59.2200,3184100
2007-10-02,59.2900,59.8700,58.9100,59.1600,2415800
2007-10-01,58.7900,59.6400,58.6200,59.3900,4037700
2007-09-28,58.0800,58.8900,58.0100,58.6600,3188200
2007-09-27,58.3300,58.3500,57.3000,58.1700,3577400
2007-09-26,58.6400,58.8000,58.1000,58.3900,2615100
2007-09-25,57.0000,58.8800,56.9200,58.4500,5585800
2007-09-24,57.7500,58.1100,56.6700,57.8100,6163800
2007-09-21,60.2200,60.9900,57.1500,57.2600,10285500
2007-09-20,58.7000,59.0000,57.8300,58.3200,4206000
2007-09-19,59.3200,60.5300,58.1600,58.5600,6434800
2007-09-18,56.7200,59.1400,56.3800,58.7900,4684300
2007-09-17,57.0000,57.0000,56.0900,56.3100,4543700
2007-09-14,56.5700,57.4300,56.3300,57.2300,2393900
2007-09-13,56.4400,57.2800,55.7300,56.8800,2168000
2007-09-12,55.4900,56.6100,55.1500,56.0800,2495300
2007-09-11,55.3000,55.7000,54.9100,55.5300,1701200
2007-09-10,55.0500,55.6100,54.1500,55.1500,2109900
2007-09-07,55.0900,55.1500,54.1800,54.7000,2560700
2007-09-06,55.2600,56.5300,55.2600,55.8000,2344200
2007-09-05,56.1900,56.2000,55.0600,55.4700,2454900
2007-09-04,56.0400,57.2400,55.8000,56.4200,3262000
2007-08-31,56.2700,56.7900,55.6000,56.3400,3088700
2007-08-30,54.9000,56.0000,54.8100,55.7600,2356300
2007-08-29,53.9100,55.4600,53.8900,55.4600,2882900
2007-08-28,53.8800,54.3900,53.3300,53.5300,4638400
2007-08-27,54.1200,54.4800,53.8600,53.8800,1763300
2007-08-24,54.0300,54.4100,53.7900,54.1200,1980200
2007-08-23,54.4600,54.9200,53.7200,54.0300,2270200
2007-08-22,54.3500,55.0000,53.8300,54.1900,3621300
2007-08-21,54.5000,54.8500,53.7100,54.1200,2651800
2007-08-20,54.5000,54.9700,54.0000,54.3800,3280500
2007-08-17,54.3800,55.4800,52.6800,54.4700,3144200
2007-08-16,53.0200,53.7900,52.4000,53.1900,4364000
2007-08-15,54.3200,55.2200,53.4300,53.5700,3362200
2007-08-14,56.1500,56.7900,54.6000,54.6600,3166700
2007-08-13,56.1000,57.7100,55.8900,56.1500,3580600
2007-08-10,53.0000,56.1000,52.0000,55.7800,5528200
2007-08-09,55.7600,56.0000,52.2000,53.9000,8711300
2007-08-08,57.7500,58.3600,55.8600,56.6100,4551400
2007-08-07,57.0200,58.6300,56.8200,58.0600,3986300
2007-08-06,55.8500,57.5900,55.8500,57.4700,3701500
2007-08-03,56.1300,57.4600,56.1100,56.5000,4464800
2007-08-02,57.2500,57.2500,56.2900,56.9500,3436800
2007-08-01,57.2100,57.2300,55.9800,56.9000,6094200
2007-07-31,56.0600,57.6400,56.0600,56.4500,4875600
2007-07-30,56.3300,56.9300,55.6000,56.8400,4733300
2007-07-27,56.4500,57.0400,55.4400,55.4400,5348700
2007-07-26,56.7000,57.2700,55.7300,56.9000,8690200
2007-07-25,58.3600,58.5600,57.1300,57.8300,4538600
2007-07-24,59.1500,59.4000,58.1700,58.3500,4802800
2007-07-23,59.0600,59.8100,58.9000,59.4000,3567400
2007-07-20,59.3600,59.9000,58.4200,58.5200,4807100
2007-07-19,59.8500,60.3500,59.5500,59.8300,4089700
2007-07-18,58.7900,59.7500,58.7200,59.6800,3593500
2007-07-17,58.2000,59.5900,58.1900,59.4500,3160600
2007-07-16,58.3100,59.0400,58.3000,58.7800,2085900
2007-07-13,59.1500,59.2600,58.7300,59.0100,2108800
2007-07-12,58.4200,59.5300,58.4000,59.4600,3025500
2007-07-11,58.1000,58.7500,57.7300,58.4500,3851300
2007-07-10,58.7500,59.2800,58.3300,58.4500,2896900
2007-07-09,59.6300,59.6300,58.6300,59.0800,2744100
2007-07-06,59.3500,59.9700,59.0100,59.6700,2119000
2007-07-05,58.9800,59.4000,58.1000,59.3500,3048600
2007-07-03,58.4300,59.1600,58.3000,58.9800,2366800
2007-07-02,58.7000,59.4000,58.3900,58.4000,3539400
2007-06-29,58.3000,58.9200,57.5000,58.2900,2917400
2007-06-28,58.1600,59.2600,57.7700,58.2900,5125800
2007-06-27,56.8800,58.7000,55.4900,58.2900,14125700
2007-06-26,54.2600,55.0000,53.6100,53.8200,5450100
2007-06-25,53.6000,54.9800,53.2000,53.8100,4941400
2007-06-22,53.5800,53.7100,52.8900,52.9500,3943300
2007-06-21,53.6800,54.1500,53.1400,53.5800,2872800
2007-06-20,54.7000,54.9900,53.6000,53.6300,2551200
2007-06-19,53.5000,54.6400,53.2500,54.5000,3023000
2007-06-18,53.8600,53.9700,53.4300,53.6300,1881000
2007-06-15,53.7300,53.8900,53.3900,53.4200,3140600
2007-06-14,53.7500,53.9400,53.2600,53.6800,4021000
2007-06-13,53.5400,54.0200,53.0600,53.4800,3206500
2007-06-12,53.4000,53.8000,52.9600,53.1900,5872000
2007-06-11,53.5700,54.0300,53.3000,53.4000,5000000
2007-06-08,53.2500,53.3400,51.8700,52.9600,8892100
2007-06-07,55.6200,55.6200,54.1000,54.1000,6523400
2007-06-06,56.9000,56.9000,55.7100,55.7100,4213800
2007-06-05,57.2400,57.5000,56.7400,56.8900,3024000
2007-06-04,57.5800,57.5800,56.4000,57.2300,2354600
2007-06-01,56.7500,57.0900,56.4800,56.6900,4191300
2007-05-31,55.9700,57.1200,55.7700,56.7500,5293900
2007-05-30,54.5400,55.7400,54.2400,55.7300,3659700
2007-05-29,54.6000,55.2500,54.4000,54.7200,3171900
2007-05-25,54.4200,54.5000,54.1200,54.2800,2278800
2007-05-24,55.0300,55.3900,54.3200,54.4700,2815600
2007-05-23,55.4000,55.4000,54.6400,54.8200,2247700
2007-05-22,54.6900,55.3700,54.5000,55.1300,3760500
2007-05-21,53.6000,54.9400,53.5000,54.6800,4097900
2007-05-18,52.9200,53.2500,52.5800,53.2500,2416200
2007-05-17,52.8000,53.2900,52.6700,52.9500,2111600
2007-05-16,52.6900,53.3400,52.6700,52.9900,2669300
2007-05-15,53.0000,53.2500,52.5000,52.5800,3479000
2007-05-14,53.2800,53.5300,52.7600,52.8700,3671600
2007-05-11,53.3200,53.3200,52.6500,53.0300,3499200
2007-05-10,54.0200,54.0200,53.2900,53.3100,2728600
2007-05-09,53.8000,54.2200,53.6800,53.9200,3070500
2007-05-08,53.9500,54.4800,53.7200,53.7500,2549100
2007-05-07,53.3000,54.1200,53.2800,53.8700,2553700
2007-05-04,53.4100,53.8300,53.2000,53.2900,1921800
2007-05-03,53.5500,53.9000,53.0900,53.2800,1497300
2007-05-02,53.1700,53.8600,53.0700,53.4800,2371300
2007-05-01,53.8600,53.8600,52.3400,52.9900,3024700
2007-04-30,54.2500,55.0000,53.8200,53.8600,2560600
2007-04-27,53.6500,54.3100,53.5000,54.1200,1962000
2007-04-26,53.6000,54.0300,53.3300,53.8400,3088800
2007-04-25,53.8500,54.0000,53.4000,53.6200,2376300
2007-04-24,53.8500,53.8800,52.8000,53.5100,2429300
2007-04-23,53.4400,54.2400,53.4400,53.5600,2484800
2007-04-20,53.4800,53.7300,53.0800,53.5300,3614500
2007-04-19,54.5000,54.5000,53.3400,53.4800,2289700
2007-04-18,54.0800,54.1000,53.6400,53.8900,2072900
2007-04-17,54.3900,54.4000,53.5800,54.1500,2152500
2007-04-16,54.0000,54.5000,53.6600,54.3700,2451600
2007-04-13,54.2200,55.1000,53.4000,53.6500,2143200
2007-04-12,54.0600,54.3200,53.4000,54.2300,2013100
2007-04-11,54.3200,54.8100,53.8100,53.9900,2671600
2007-04-10,53.7300,54.0600,53.3400,54.0100,3438000
2007-04-09,53.4100,54.0900,53.4100,53.9000,2907700
2007-04-05,53.5900,53.8300,53.2400,53.4800,2283500
2007-04-04,53.4500,54.0000,53.2000,53.5900,2977100
2007-04-03,53.2500,53.8000,53.0500,53.2000,1345600
2007-04-02,106.8000,107.1800,105.9100,106.4200,1128900
2007-03-30,105.2000,106.6900,104.7600,106.2600,1558100
2007-03-29,105.1000,105.7500,104.5000,104.9700,1646700
2007-03-28,106.4000,106.4100,104.8900,105.1300,2254700
2007-03-27,108.5000,108.5100,106.3600,106.5700,2231900
2007-03-26,109.0400,109.4000,107.4200,108.7900,1449900
2007-03-23,106.9000,109.2700,105.0100,109.0500,4377200
2007-03-22,108.7900,108.9800,106.8300,108.6000,3212200
2007-03-21,109.2400,110.1000,108.1600,108.8500,1914500
2007-03-20,108.3200,109.3400,107.9900,109.2500,1093400
2007-03-19,107.8000,108.6100,107.4600,108.3200,1443600
2007-03-16,106.2500,107.7100,105.6600,107.4700,2411600
2007-03-15,104.7500,106.2600,104.7500,105.6600,1468900
2007-03-14,104.6100,105.1400,102.7500,104.8200,1690100
2007-03-13,105.0100,105.4000,102.9100,104.6000,1394400
2007-03-12,105.7000,106.1000,105.2000,105.6000,1099300
2007-03-09,105.3500,106.2800,104.9000,105.8500,1323600
2007-03-08,105.2000,106.3900,104.5000,104.6000,1597800
2007-03-07,104.7000,105.5100,103.5400,104.2200,2361200
2007-03-06,102.9500,105.5000,102.8100,105.1000,1607900
2007-03-05,103.8700,104.2600,102.4600,102.4600,1496900
2007-03-02,105.2000,105.8900,103.8600,103.8600,1415600
2007-03-01,103.1000,105.9700,102.1700,105.2900,2117100
2007-02-28,104.7500,105.1100,103.2900,104.4700,2234000
2007-02-27,107.4400,107.8400,103.2500,103.9700,2355500
2007-02-26,108.9000,108.9000,107.2000,107.8300,1656100
2007-02-23,108.2300,108.2300,107.1800,108.0400,904000
2007-02-22,106.9000,108.3000,106.6400,108.2300,1431400
2007-02-21,106.7900,107.3700,106.5100,107.1100,1383200
2007-02-20,106.3000,107.1000,105.6400,106.8100,1832600
2007-02-16,106.5000,107.5100,105.6800,106.3000,1896700
2007-02-15,105.1800,105.7000,104.8000,105.5100,1417700
2007-02-14,105.2000,105.7800,104.9500,105.3800,1669700
2007-02-13,104.3700,105.5700,103.4300,105.2000,2275500
2007-02-12,103.6100,104.4200,103.2300,104.3700,2503600
2007-02-09,103.0700,104.1300,103.0700,103.6000,2072400
2007-02-08,102.7000,103.7000,102.2400,103.3900,1938000
2007-02-07,101.8600,103.0000,101.4200,102.9000,2511500
2007-02-06,99.4200,101.2800,99.4200,101.1700,1436400
2007-02-05,99.6000,100.3200,98.4500,99.4200,1473300
2007-02-02,101.0000,101.4200,99.8100,100.2000,1368000
2007-02-01,98.6200,101.0300,98.4400,100.6800,3092100
2007-01-31,97.7500,99.2500,97.5000,98.8100,2152100
2007-01-30,96.5000,97.7900,96.5000,97.7500,2469100
2007-01-29,95.3600,96.6200,95.3500,96.3200,2038500
2007-01-26,96.0000,96.6600,94.9200,95.2000,1372700
2007-01-25,97.1000,97.6700,95.8300,95.8400,1267700
2007-01-24,96.8000,97.2800,96.5900,96.8400,1108900
2007-01-23,97.7000,98.3000,96.2100,96.7600,1699300
2007-01-22,100.1500,100.1500,97.4500,97.7000,2439300
2007-01-19,100.0000,100.1900,99.4800,99.9400,1390400
2007-01-18,99.8200,100.2500,99.0000,99.6700,2043900
2007-01-17,99.8000,99.9000,99.0500,99.8200,1345300
2007-01-16,99.5000,99.9900,99.2100,99.9700,1158100
2007-01-12,99.5500,100.0200,99.3200,99.7600,1162100
2007-01-11,99.9000,100.3500,99.4300,99.9800,1789500
2007-01-10,99.2400,99.8500,98.9000,99.7600,1626600
2007-01-09,98.5300,99.9400,98.3600,99.7600,1895900
2007-01-08,98.5000,98.9900,97.6300,98.5300,1263700
2007-01-05,98.1000,99.4100,97.7000,98.8300,1874600
2007-01-04,97.6700,98.9700,96.8600,98.6700,1885700
2007-01-03,98.0000,99.7100,96.8100,97.6700,2162400
2006-12-29,99.1900,99.9000,98.8000,99.0300,833200
2006-12-28,99.6000,99.8560,99.1800,99.2000,759500
2006-12-27,100.2500,100.2500,99.3200,99.5200,831600
2006-12-26,99.9400,100.4800,99.4700,100.1000,806600
2006-12-22,99.7300,100.1800,99.0300,99.9400,1244000
2006-12-21,99.7800,101.2000,98.7700,100.2900,4331400
2006-12-20,98.7000,100.0800,96.6900,99.7800,3569100
2006-12-19,96.1800,96.3500,94.7900,96.1900,1661500
2006-12-18,96.8800,97.3000,96.0900,96.1800,1084500
2006-12-15,97.1500,97.2300,96.0000,96.0500,1370100
2006-12-14,96.0500,97.2500,95.9200,97.0000,1463400
2006-12-13,96.3300,96.5500,95.1500,95.8500,1864700
2006-12-12,97.2600,97.3600,96.3700,96.5700,1749000
2006-12-11,96.9400,97.9600,96.4200,97.4500,1857000
2006-12-08,97.4500,98.1900,96.7000,97.0400,1043100
2006-12-07,98.0000,98.6000,97.7300,97.9400,934300
2006-12-06,98.7600,98.7600,97.8500,98.2000,1816600
2006-12-05,97.8700,98.9900,97.6600,98.5100,1779900
2006-12-04,97.0000,98.3300,96.3400,98.1400,1631000
2006-12-01,98.7000,99.1500,96.1200,97.6000,1715300
2006-11-30,96.8700,99.3000,96.5400,98.9500,2139600
2006-11-29,96.6500,97.1800,96.4300,96.8700,877900
2006-11-28,95.2100,96.1000,95.0400,96.0000,939700
2006-11-27,96.4800,96.8700,95.6900,95.8800,1095500
2006-11-24,96.5300,97.3400,96.0900,96.7300,676700
2006-11-22,96.3500,97.0400,96.1300,97.0300,571300
2006-11-21,96.0000,96.8900,95.5300,96.5800,978000
2006-11-20,95.5000,96.4900,95.1700,96.3400,1213600
2006-11-17,95.0300,95.7900,94.8000,95.5800,1255700
2006-11-16,95.8400,95.9000,94.6800,95.2300,839900
2006-11-15,94.7000,95.9300,94.7000,95.4900,1709400
2006-11-14,94.3500,94.7900,93.6900,94.7000,901900
2006-11-13,93.7000,95.0000,93.6500,94.1200,1499800
2006-11-10,92.9100,94.1000,92.7100,94.0700,1091000
2006-11-09,93.3500,93.3500,92.2200,92.7600,1184800
2006-11-08,91.5700,93.3800,91.5500,92.9800,1118700
2006-11-07,92.8600,93.2100,92.3800,92.4700,1763100
2006-11-06,92.5500,93.1200,92.1500,92.8300,1435400
2006-11-03,93.0000,93.7400,92.1300,92.5700,1474200
2006-11-02,90.7900,92.9100,90.5800,92.8000,2081400
2006-11-01,92.1000,92.1000,91.0900,91.3900,1861300
2006-10-31,91.8000,92.1000,91.0900,91.8800,1155800
2006-10-30,91.3200,92.2600,91.0300,92.0100,1307200
2006-10-27,92.9700,93.2500,91.6900,91.8600,1394700
2006-10-26,93.0500,94.0700,92.5600,93.6700,2009500
2006-10-25,91.4000,93.3700,91.4000,93.3500,2808900
2006-10-24,89.5500,91.2600,89.1000,91.1300,1306800
2006-10-23,88.6000,90.3800,88.5700,90.3400,1192300
2006-10-20,89.4000,89.4700,88.1600,88.6000,1182300
2006-10-19,88.6000,89.5800,88.2200,89.4000,861500
2006-10-18,89.8300,89.9000,88.2100,89.0100,1827600
2006-10-17,90.0000,90.3300,89.2800,89.7500,1449500
2006-10-16,89.6000,90.7500,89.6000,90.5300,1591700
2006-10-13,89.5000,90.0300,89.3040,89.6000,1114200
2006-10-12,88.3400,90.0200,88.1600,89.8100,2001600
2006-10-11,88.5000,88.7400,87.7800,88.4400,889400
2006-10-10,88.3900,89.3500,88.3900,88.5800,1153300
2006-10-09,87.7000,88.6800,87.5200,88.4600,970100
2006-10-06,88.7400,88.7400,87.4000,88.1500,1602900
2006-10-05,88.7500,89.4500,88.4100,89.0100,1703700
2006-10-04,87.7000,89.5700,87.7000,89.3000,2337700
2006-10-03,87.2300,87.9700,86.9300,87.8600,1402900
2006-10-02,86.9700,87.9700,86.9100,87.4800,1194600
2006-09-29,88.5000,88.5000,87.5600,87.6200,1422400
2006-09-28,88.1000,88.5300,87.7900,88.3000,1365800
2006-09-27,87.6000,88.9100,87.5401,88.1100,3798500
2006-09-26,86.0500,88.7300,85.6910,88.3900,4244200
2006-09-25,86.4600,86.9600,85.3200,86.5100,3503900
2006-09-22,86.1500,86.8600,84.8400,86.3600,7695800
2006-09-21,82.9200,83.8500,81.9700,82.4600,3583900
2006-09-20,82.5000,82.8500,81.8100,82.6000,3452100
2006-09-19,82.3300,82.3300,80.7300,82.0300,3096400
2006-09-18,82.6100,82.9700,82.0000,82.3200,2492600
2006-09-15,82.8000,83.2800,82.5400,82.9700,2267100
2006-09-14,82.9500,82.9800,82.0900,82.7700,2391400
2006-09-13,83.0000,83.3600,82.8000,83.1000,3766600
2006-09-12,82.4200,83.9500,81.5700,83.4500,2758800
2006-09-11,82.0000,82.6200,81.9100,82.4200,1673100
2006-09-08,80.8000,82.0900,80.7203,82.0500,2059000
2006-09-07,80.5000,80.9700,79.8600,80.5900,1660900
2006-09-06,81.2500,81.7900,80.7000,80.9700,1476400
2006-09-05,81.0000,81.4400,80.3400,81.4100,1799100
2006-09-01,80.7600,81.3700,80.7400,81.1400,1861400
2006-08-31,79.8000,80.9500,79.7700,80.7600,1883700
2006-08-30,79.8500,80.4400,79.2200,79.7600,3237300
2006-08-29,77.7500,80.0700,77.7300,79.9700,3076200
2006-08-28,76.9200,77.9700,76.8900,77.8500,1712200
2006-08-25,76.7700,76.9900,76.3500,76.7700,1569400
2006-08-24,76.7700,77.0900,76.4000,76.8400,1518400
2006-08-23,76.7700,77.0400,76.6100,76.8500,1481100
2006-08-22,76.9500,77.6400,76.8000,76.8500,1486300
2006-08-21,76.7200,77.0500,76.4500,76.7700,1214800
2006-08-18,76.8600,77.0300,76.2800,76.7100,2222900
2006-08-17,77.7500,77.7800,76.4000,76.9600,2555800
2006-08-16,77.9700,77.9900,76.5000,77.7500,3159200
2006-08-15,77.4500,77.7800,76.8800,77.6700,2603900
2006-08-14,77.0000,77.6200,76.9600,77.1800,1673000
2006-08-11,76.6100,76.8100,76.2500,76.5100,2679600
2006-08-10,76.6100,76.8500,75.5200,76.2000,2641600
2006-08-09,77.2600,77.6900,76.6900,76.8800,1764400
2006-08-08,78.3500,78.9200,76.6700,77.1100,2004300
2006-08-07,78.2700,78.2800,76.9800,77.9200,2494700
2006-08-04,78.5000,79.1000,78.0100,78.6700,2235900
2006-08-03,77.6500,78.3400,76.9500,78.1500,3923300
2006-08-02,78.8000,79.1400,77.9900,78.1300,3264100
2006-08-01,78.9500,79.6800,78.3400,78.6900,2236100
2006-07-31,79.6200,80.2500,78.5900,79.0000,1772600
2006-07-28,79.1800,80.2500,78.6500,79.9000,1717600
2006-07-27,80.4500,81.3100,78.6700,78.9600,1468600
2006-07-26,80.0000,80.1300,79.1400,80.0000,1504200
2006-07-25,80.1500,80.7100,79.1400,80.3600,1778300
2006-07-24,80.0000,80.9500,79.9500,80.6400,1809900
2006-07-21,79.6000,80.3000,79.0700,80.0600,2458100
2006-07-20,78.3500,79.8300,78.2200,79.6000,2399700
2006-07-19,78.9000,79.4400,78.6600,78.8000,2985900
2006-07-18,78.8900,79.1600,78.2000,78.5000,3284100
2006-07-17,78.0000,79.1000,78.0000,78.8900,2285000
2006-07-14,78.4000,79.1800,78.3300,78.5800,2434300
2006-07-13,78.6100,79.1100,78.0700,78.7600,1774200
2006-07-12,78.1500,78.8900,78.1100,78.6100,2334600
2006-07-11,78.7500,79.1200,78.2400,78.5900,1411900
2006-07-10,79.0800,79.6500,78.7100,78.9800,1212200
2006-07-07,79.5100,79.9000,78.9500,79.0800,1951900
2006-07-06,80.3000,80.4100,79.6900,79.7900,1914000
2006-07-05,80.7500,80.9000,79.6500,80.0500,2312200
2006-07-03,81.0500,81.7500,81.0500,81.3300,590900
2006-06-30,81.1000,81.9100,80.9100,81.0000,1291400
2006-06-29,80.0000,81.2400,79.5200,80.9800,2597200
2006-06-28,81.3000,81.5000,78.9000,79.7200,8536300
2006-06-27,84.4500,84.4500,82.2000,83.6300,1844600
2006-06-26,84.8500,84.9400,83.9800,84.2500,1060400
2006-06-23,83.8700,84.9700,83.6000,84.3600,1446900
2006-06-22,82.7500,83.9900,82.2200,83.8700,1644600
2006-06-21,82.1500,83.2500,81.9000,82.7500,1392400
2006-06-20,83.3300,83.4700,81.9000,82.1800,1669300
2006-06-19,84.0000,84.0500,82.5900,83.0700,1300300
2006-06-16,83.2000,84.2800,83.0100,83.1500,1041600
2006-06-15,82.0700,84.2400,81.9000,83.5500,1688100
2006-06-14,81.2000,82.2100,81.2000,82.0800,1669500
2006-06-13,81.0000,82.2200,80.9000,81.3700,1484400
2006-06-12,81.8400,82.3000,81.0000,81.1300,1480500
2006-06-09,80.7000,81.7200,80.7000,81.4700,813100
2006-06-08,80.6000,80.9800,79.1500,80.6500,1745100
2006-06-07,80.2500,81.1800,80.2400,80.7400,2371500
2006-06-06,80.5000,80.7200,79.9000,80.2000,1164600
2006-06-05,81.7900,81.8000,80.1500,80.2500,1819600
2006-06-02,81.3800,82.1600,81.0700,81.7900,1340100
2006-06-01,80.3100,81.5300,80.2700,81.4200,1383500
2006-05-31,80.0000,80.6100,80.0000,80.3100,1336500
2006-05-30,80.8500,80.8900,79.9900,80.0000,964400
2006-05-26,79.9200,81.5300,79.8600,81.0100,1569600
2006-05-25,79.6500,79.7800,78.9700,79.6500,756700
2006-05-24,79.0000,79.5700,78.4100,79.2600,1673500
2006-05-23,79.0000,81.5000,78.7000,78.9900,3339700
2006-05-22,78.5000,80.1500,77.3900,77.9800,2888300
2006-05-19,79.6000,79.6500,77.7800,78.7000,3892600
2006-05-18,79.5100,80.9600,79.5100,79.7500,1482100
2006-05-17,80.0600,80.9000,79.7900,80.3000,1900800
2006-05-16,81.8100,82.0900,80.5100,80.6700,1610000
2006-05-15,81.0000,81.6900,81.0000,81.6400,1226700
2006-05-12,81.0000,81.9100,80.9300,81.5000,1289300
2006-05-11,82.9300,83.1000,81.1400,81.3100,1085000
2006-05-10,82.3500,82.9200,82.2000,82.3300,914500
2006-05-09,82.3500,82.8500,82.1400,82.2000,865700
2006-05-08,81.6000,82.4400,81.5200,82.2500,979200
2006-05-05,81.1800,81.5800,80.9300,81.5500,854500
2006-05-04,81.3500,81.9000,80.9500,80.9600,1094300
2006-05-03,81.5800,81.8000,80.5500,81.1300,1498400
2006-05-02,82.1000,82.3100,81.5700,81.5700,959100
2006-05-01,81.8400,82.4200,81.5300,81.7000,1194100
2006-04-28,82.1500,82.3900,81.2700,81.8400,837400
2006-04-27,80.3600,81.9400,80.3600,81.8400,1293200
2006-04-26,82.2700,82.4800,80.9600,81.2600,1556800
2006-04-25,82.6000,82.8300,81.7000,82.0200,1224200
2006-04-24,83.0200,83.0300,82.5000,82.7000,1438900
2006-04-21,83.1000,83.1500,82.5200,83.0200,1153300
2006-04-20,82.0500,83.0000,82.0400,82.8300,930600
2006-04-19,81.8000,82.4200,81.5400,82.1200,1234900
2006-04-18,81.7500,82.1400,81.4900,81.7500,2148200
2006-04-17,83.2400,83.2500,81.2500,81.8100,2084300
2006-04-13,82.6500,83.7000,82.5600,83.3000,1689700
2006-04-12,82.4900,82.7900,82.0300,82.5500,1491600
2006-04-11,83.5500,83.9400,82.3100,82.4900,1254000
2006-04-10,83.8200,84.1000,82.7000,83.0900,1340400
2006-04-07,84.8600,85.3500,83.5400,83.6300,1303700
2006-04-06,84.7000,85.1200,83.9000,84.8600,1414700
2006-04-05,84.9000,85.1500,84.2200,84.5700,974200
2006-04-04,84.9000,85.1800,84.0100,85.0400,965500
2006-04-03,85.1000,85.8600,84.6500,84.9100,1472700
2006-03-31,85.0000,85.2000,84.6500,85.1000,1067100
2006-03-30,85.9000,85.9300,84.6600,85.0000,1484000
2006-03-29,85.1000,85.5500,85.0000,85.5400,836800
2006-03-28,85.3900,85.8400,84.7800,85.2000,1058000
2006-03-27,85.8500,85.8500,85.0500,85.4500,1024300
2006-03-24,86.1100,86.7400,85.5100,85.9600,1550400
2006-03-23,86.7500,87.1000,86.0000,86.0100,2947700
2006-03-22,84.9000,87.1800,84.5000,86.8200,4843800
2006-03-21,85.3900,85.5200,84.6900,84.9500,2407300
2006-03-20,85.0000,86.2200,84.9000,85.5100,1900900
2006-03-17,85.7700,85.9200,85.3000,85.4200,1402600
2006-03-16,85.0000,86.4700,85.0000,86.0200,1542400
2006-03-15,85.0100,85.2800,84.4100,85.0200,1466000
2006-03-14,84.4000,84.6400,84.1900,84.6200,1045000
2006-03-13,84.4400,85.0300,84.2600,84.4500,1132200
2006-03-10,85.3500,85.7500,84.7900,84.9900,1134400
2006-03-09,84.8000,85.4900,84.7400,85.3500,1472000
2006-03-08,84.7500,85.0800,84.5000,84.6900,2487700
2006-03-07,85.6600,85.6600,84.0300,84.9000,3050000
2006-03-06,86.5000,88.0400,86.2500,86.9200,1839100
2006-03-03,85.8500,86.7200,85.7900,86.3000,1048400
2006-03-02,85.7500,86.3900,85.3500,86.0500,1734500
2006-03-01,86.6500,87.1400,86.2000,86.3100,1339200
2006-02-28,86.8000,87.8300,86.6200,86.7800,2334500
2006-02-27,87.2100,87.7010,86.6700,87.3000,897400
2006-02-24,86.5700,87.5000,86.4000,87.2000,1376800
2006-02-23,85.9400,87.4100,85.7500,86.5700,1263500
2006-02-22,85.2500,86.9300,85.1100,85.9400,1504400
2006-02-21,84.8000,85.2900,84.5000,85.0800,1093000
2006-02-17,84.2500,85.2300,84.1000,84.9000,1000200
2006-02-16,84.9500,85.0800,84.3300,84.7600,781800
2006-02-15,84.2500,85.0000,83.7500,84.2700,1181700
2006-02-14,84.2800,84.6400,83.6100,84.0000,1469800
2006-02-13,84.1500,84.3500,83.1600,84.2800,1189100
2006-02-10,83.9000,84.6900,83.0600,84.4700,1292400
2006-02-09,83.8000,84.4400,83.5900,83.8900,1154100
2006-02-08,83.7100,84.9500,83.5000,84.3900,2329600
2006-02-07,84.3000,84.7000,83.2100,83.4600,1296100
2006-02-06,85.4000,85.7500,84.0400,84.1500,2405800
2006-02-03,82.9000,83.8200,82.7400,83.6900,1978300
2006-02-02,83.1800,83.9100,83.0000,83.3500,2558100
2006-02-01,81.2500,84.1200,81.2100,83.1300,4440700
2006-01-31,81.8000,82.0500,80.8800,80.9500,2543500
2006-01-30,82.6200,82.7900,80.6000,81.8000,9872400
2006-01-27,84.2300,84.6300,83.0800,83.1500,2128200
2006-01-26,85.1400,85.1400,83.7800,83.9800,1995700
2006-01-25,84.0600,84.5400,83.9000,84.2600,1283600
2006-01-24,84.3100,84.5200,83.1300,84.0200,2100000
2006-01-23,83.6000,84.0000,81.4700,83.4500,4784200
2006-01-20,85.1000,85.6300,83.8300,84.2000,2016500
2006-01-19,84.2300,84.9600,84.0000,84.7000,1111100
2006-01-18,85.0500,85.4400,84.3600,85.2710,1150300
2006-01-17,86.0000,86.0000,85.1000,85.2000,1384400
2006-01-13,86.7000,87.1200,85.4501,86.2000,1201500
2006-01-12,88.1600,88.1600,86.0100,86.3100,1394900
2006-01-11,87.3000,88.0600,87.0000,87.3000,1296600
2006-01-10,86.4500,87.8600,86.3800,87.1800,1479700
2006-01-09,85.8000,87.8200,85.7600,87.0000,1305200
2006-01-06,86.3000,86.6200,85.7000,85.8000,946700
2006-01-05,85.5500,86.6100,85.5500,86.0700,1157000
2006-01-04,85.6500,86.4000,85.3500,85.5500,1979000
2006-01-03,86.7900,87.4000,85.3400,85.9500,2308600
2005-12-30,87.2300,87.8900,86.6700,86.7900,638600
2005-12-29,87.7000,88.1200,87.4000,87.4000,666500
2005-12-28,87.0900,88.2500,87.0900,87.6000,1246100
2005-12-27,87.4500,88.2500,86.9400,87.0900,1720700
2005-12-23,86.7000,87.4700,86.5500,87.0000,2019600
2005-12-22,85.3000,86.6000,85.2500,86.2400,1954300
2005-12-21,84.8800,86.1700,83.7500,85.7500,8671300
2005-12-20,86.9900,88.7500,86.6200,88.4800,2269400
2005-12-19,89.4100,89.4100,87.1800,87.2600,1846900
2005-12-16,90.0000,90.0800,88.4300,88.5000,1912300
2005-12-15,91.3500,91.4200,89.4000,89.7500,2097500
2005-12-14,88.1000,91.5400,88.0700,91.4400,5716100
2005-12-13,87.4200,88.1400,86.8500,87.9200,1832800
2005-12-12,87.3000,87.6500,86.7500,87.4100,1954200
2005-12-09,86.1500,86.2300,85.2700,85.9000,1509200
2005-12-08,86.2700,86.2700,85.6900,85.9000,1538800
2005-12-07,87.2900,87.5300,86.4800,86.7000,992300
2005-12-06,87.5000,87.7700,87.0500,87.1300,1429500
2005-12-05,87.0000,87.9400,86.8600,87.3300,1108700
2005-12-02,85.8000,88.2200,85.8000,87.6000,2038700
2005-12-01,85.7500,86.1700,85.0500,85.5700,1176300
2005-11-30,85.9500,86.6400,85.2700,85.3000,1180400
2005-11-29,86.4500,86.6000,85.8000,85.9000,989600
2005-11-28,88.4600,88.4600,86.4500,86.4500,1433400
2005-11-25,87.8800,88.5500,87.2200,88.2100,462200
2005-11-23,87.0100,88.0000,87.0000,87.6800,888000
2005-11-22,86.6500,87.2400,86.4420,87.0000,1503500
2005-11-21,86.7300,87.1300,85.8300,86.4400,2781500
2005-11-18,87.7500,87.7500,86.6100,87.7000,1480200
2005-11-17,86.7000,87.1500,86.3600,86.8800,832600
2005-11-16,85.8000,86.2200,85.2400,85.9700,753300
2005-11-15,86.7500,86.8100,85.1700,85.5900,1183900
2005-11-14,86.9200,87.2600,86.4700,86.5100,572700
2005-11-11,87.5000,87.5000,86.7600,86.9200,650500
2005-11-10,86.5000,87.4900,86.4500,87.3200,835900
2005-11-09,87.1000,87.2000,86.4100,86.6100,871600
2005-11-08,87.7500,87.7500,86.5500,86.8200,1367800
2005-11-07,87.8000,88.2100,87.7400,88.0000,1843900
2005-11-04,87.0000,87.9900,86.9600,87.8000,1945900
2005-11-03,85.9500,87.2300,85.9500,87.1000,2168000
2005-11-02,84.0000,85.8600,83.9200,85.5500,1829200
2005-11-01,84.0000,84.2400,83.4300,84.0100,1109900
2005-10-31,83.0000,84.2700,82.9600,84.0500,2146000
2005-10-28,82.4200,83.3200,82.4200,82.8000,1105300
2005-10-27,83.8300,83.8400,82.3900,82.4000,1533900
2005-10-26,83.3100,84.2500,82.7600,83.8300,1280100
2005-10-25,83.7000,84.2500,83.2400,83.5200,1329300
2005-10-24,83.5500,84.3200,82.8000,84.1000,1650900
2005-10-21,83.2100,84.2500,83.0500,83.4800,1294600
2005-10-20,82.5000,83.7500,82.5000,83.2000,2000300
2005-10-19,81.3500,82.5000,80.7300,82.4500,1608600
2005-10-18,82.1600,82.2100,81.1100,81.4500,1162600
2005-10-17,81.6000,82.3200,81.2900,82.1700,1068000
2005-10-14,81.1000,81.9800,80.5000,81.7000,1318900
2005-10-13,81.8500,82.0300,79.9400,80.7600,1676000
2005-10-12,82.9300,83.1000,81.7000,81.9200,1599500
2005-10-11,82.7300,83.7500,82.3200,82.9800,1494900
2005-10-10,82.7700,83.7800,82.2600,82.5800,1216300
2005-10-07,82.3500,83.2900,81.9700,82.7700,1341800
2005-10-06,81.5000,83.4000,81.4300,82.1000,1708300
2005-10-05,82.6400,82.9600,81.4400,81.4900,1509700
2005-10-04,82.6500,83.9800,82.5100,82.6500,2316800
2005-10-03,82.0800,82.6000,81.6800,82.3000,2351600
2005-09-30,81.1100,81.6800,80.9200,81.6800,1764900
2005-09-29,81.2500,81.4200,80.6100,81.1000,1992800
2005-09-28,81.6500,82.0000,81.1200,81.3000,1365300
2005-09-27,81.8500,82.0400,81.3700,81.6000,1280000
2005-09-26,82.2500,82.5000,81.1400,81.3500,2196300
2005-09-23,80.5500,81.9400,79.6700,81.2700,1672300
2005-09-22,80.0000,81.3300,79.9000,80.9500,2357800
2005-09-21,80.2000,80.8714,79.3900,79.4000,2543600
2005-09-20,83.9500,83.9900,79.6100,80.0000,4570400
2005-09-19,83.6100,85.2500,81.9000,83.4500,10466500
2005-09-16,79.4000,79.7200,78.3800,78.4600,6899700
2005-09-15,78.7500,79.0900,78.3600,78.9400,3410000
2005-09-14,79.2800,79.4800,78.3500,78.4900,2337600
2005-09-13,80.6000,81.6000,79.2100,79.2800,2640500
2005-09-12,78.9500,80.9400,78.6800,80.0000,2824500
2005-09-09,78.6000,79.5000,78.5200,78.5200,2110700
2005-09-08,77.0000,78.7000,76.7700,78.5100,3450500
2005-09-07,78.3500,78.3500,76.9400,77.0700,3069900
2005-09-06,77.0300,78.0200,76.5300,77.9300,2195100
2005-09-02,78.4500,78.8500,76.9500,77.0200,1531900
2005-09-01,78.9100,79.2200,78.0600,78.2500,1295900
2005-08-31,78.3000,78.9800,77.7200,78.9100,1305900
2005-08-30,78.8000,78.8500,77.3600,78.3000,2692600
2005-08-29,79.2000,79.7800,78.9000,79.4400,979300
2005-08-26,79.8700,80.0700,79.2300,79.7200,1252700
2005-08-25,79.7000,80.5400,79.5700,79.8700,1179100
2005-08-24,79.1500,80.2500,78.8200,79.7000,2184900
2005-08-23,79.5000,79.8100,78.7200,79.0600,2036700
2005-08-22,81.0600,81.0600,78.7000,79.2700,2468100
2005-08-19,81.2000,81.5000,80.1500,80.3400,1909800
2005-08-18,79.8500,81.3700,79.5500,80.7400,2531400
2005-08-17,81.0000,81.2200,79.5730,79.9600,2845100
2005-08-16,82.1700,82.1700,80.6400,80.8000,1389700
2005-08-15,81.6400,82.7000,81.5000,82.1700,1575300
2005-08-12,81.7100,82.4600,80.9700,81.5800,1397800
2005-08-11,83.0000,83.1800,81.2000,81.9600,1870500
2005-08-10,84.2000,84.2200,82.5200,82.7000,2590900
2005-08-09,84.7500,84.7800,83.6800,83.7000,942300
2005-08-08,85.0300,85.5200,84.2000,84.3100,1319600
2005-08-05,85.2100,85.2200,84.2200,85.0300,821300
2005-08-04,86.2000,86.7400,85.1000,85.2000,1344100
2005-08-03,86.0800,89.0000,85.7800,86.9200,3388600
2005-08-02,82.8600,85.8300,79.9700,85.8300,4644500
2005-08-01,83.8100,84.2900,82.6500,82.8600,1867500
2005-07-29,84.3200,84.8200,83.7200,83.8000,854300
2005-07-28,84.2500,84.5800,83.7700,84.5000,1562400
2005-07-27,84.5000,84.5600,83.4300,84.0000,3271600
2005-07-26,85.1900,85.2400,83.7000,84.4000,1610500
2005-07-25,86.2000,86.4000,84.5600,85.2300,1857000
2005-07-22,86.3400,87.0800,85.9100,86.6300,1658600
2005-07-21,88.2000,88.2100,86.0000,86.7700,2160800
2005-07-20,87.5000,88.5000,86.9300,88.4400,1461300
2005-07-19,88.0200,88.2300,87.5000,87.8800,991800
2005-07-18,88.0000,88.4000,87.6800,87.9100,1364500
2005-07-15,87.6000,88.5000,87.5100,88.5000,1337400
2005-07-14,87.2500,87.9100,87.0100,87.5900,1741300
2005-07-13,87.3100,87.4900,86.8000,87.0800,1103600
2005-07-12,86.7600,87.1000,86.2000,87.0300,1028600
2005-07-11,86.9500,87.1900,86.5000,87.0900,1257000
2005-07-08,85.3000,86.2400,84.8300,86.2400,994200
2005-07-07,85.3300,85.5900,84.7200,85.3000,1238100
2005-07-06,86.9500,86.9800,85.3200,85.5800,1247600
2005-07-05,86.0000,87.5500,85.9600,86.7100,1646700
2005-07-01,86.1700,86.6000,85.3000,86.0100,1417700
2005-06-30,87.1700,87.2500,86.4000,86.6000,2183900
2005-06-29,88.1500,88.1500,87.1000,87.3200,1507400
2005-06-28,85.8500,88.2500,85.8200,88.0000,2853400
2005-06-27,89.0300,89.0300,84.6100,85.7700,7464700
2005-06-24,89.9500,90.1600,89.0800,89.3500,2638400
2005-06-23,89.6900,90.9300,89.5500,90.1000,2056300
2005-06-22,89.6500,89.8900,88.8000,89.3900,1633000
2005-06-21,88.3800,89.0900,88.3000,88.8500,994300
2005-06-20,88.3900,88.6400,88.1500,88.3800,1252800
2005-06-17,88.3000,88.8600,88.1000,88.3800,2440400
2005-06-16,87.6500,88.9700,87.6100,88.1500,1986900
2005-06-15,87.4500,87.9200,86.8600,87.6400,1769000
2005-06-14,87.0000,87.3000,86.0000,86.5500,954300
2005-06-13,86.7300,87.6700,86.6800,87.1400,2462900
2005-06-10,85.6400,86.1500,85.4900,85.9600,1158400
2005-06-09,84.6700,85.8900,84.0700,85.6500,1262200
2005-06-08,84.8100,85.0900,84.5100,84.9200,1355500
2005-06-07,84.4800,85.4000,84.3300,84.8000,1048800
2005-06-06,83.7500,84.4700,83.4200,84.3300,640800
2005-06-03,83.8200,84.2500,83.5000,83.7500,717500
2005-06-02,82.8600,84.2400,82.7300,83.8200,1091300
2005-06-01,82.3000,83.9900,82.0900,83.1400,1284100
2005-05-31,82.2100,82.5200,81.6000,82.2000,790600
2005-05-27,82.1000,82.7000,81.8200,82.4300,645100
2005-05-26,81.6500,82.2500,81.6500,81.9400,783900
2005-05-25,82.3500,82.5700,81.3603,81.6100,939000
2005-05-24,82.4800,82.7300,82.2900,82.7200,1627800
2005-05-23,82.4700,83.4000,81.8900,82.4800,1730300
2005-05-20,82.6000,83.0300,81.7500,82.0900,1400000
2005-05-19,82.1700,83.7200,81.1100,83.1900,2512000
2005-05-18,79.6000,83.1000,79.2200,81.9200,3975600
2005-05-17,77.0200,78.9800,76.7000,78.7700,2739300
2005-05-16,76.6000,77.6000,76.6000,77.0100,1785600
2005-05-13,76.4000,77.4000,75.8000,76.4500,1162300
2005-05-12,78.1500,78.5000,76.6500,76.8400,1228300
2005-05-11,77.6000,78.2600,77.2400,77.8400,1047600
2005-05-10,78.5900,78.5900,77.2700,77.6000,940500
2005-05-09,77.8700,78.7300,77.6600,78.7300,859600
2005-05-06,77.9900,78.7900,77.7300,77.7800,994600
2005-05-05,77.6600,78.7000,77.3200,77.7400,1019100
2005-05-04,77.9000,78.4000,77.5400,77.6500,1047700
2005-05-03,77.1500,78.1500,76.9800,77.7500,1173500
2005-05-02,76.8100,78.2700,76.6700,77.1200,1088600
2005-04-29,77.0900,77.4000,75.1100,76.8100,2045500
2005-04-28,77.3700,77.8600,76.7800,76.9300,1498600
2005-04-27,77.6000,78.3700,76.5900,78.0700,1007400
2005-04-26,77.9800,78.8400,77.6100,77.6100,1060800
2005-04-25,78.5800,79.7900,78.1100,78.3300,1124900
2005-04-22,78.6200,79.1700,77.0000,77.8200,1810700
2005-04-21,77.2500,78.7700,77.0200,78.6000,1717100
2005-04-20,77.8000,77.8000,76.1600,76.4400,1984800
2005-04-19,76.5000,77.9800,76.4600,77.4300,1654800
2005-04-18,76.0300,76.2700,75.1000,75.9300,2076200
2005-04-15,77.6500,77.7700,75.7000,75.8600,1780600
2005-04-14,79.9300,80.3000,77.5848,78.0100,2258400
2005-04-13,82.2600,82.3000,79.4932,79.7500,2114100
2005-04-12,82.1000,82.4900,81.0500,82.3600,1241500
2005-04-11,82.4700,83.0000,81.8500,82.2400,901300
2005-04-08,82.6600,83.1900,82.3100,82.3100,972500
2005-04-07,82.9500,82.9500,81.7000,82.5600,1060200
2005-04-06,83.4600,83.8000,82.3600,82.6900,983300
2005-04-05,82.6500,83.2300,82.2600,83.0900,1328800
2005-04-04,82.9500,82.9600,81.7100,82.1000,1291100
2005-04-01,83.8800,84.2400,82.4000,83.0000,1325700
2005-03-31,82.7000,83.8000,82.4400,83.3100,1346100
2005-03-30,81.9200,82.4800,81.8000,82.3500,1190100
2005-03-29,83.2800,83.2800,81.5200,81.6700,1790600
2005-03-28,84.1600,84.4000,83.1900,83.2200,2010400
2005-03-24,82.2500,83.9800,82.1200,83.6200,2236900
2005-03-23,82.0000,82.7000,81.4400,81.4400,2429300
2005-03-22,84.1100,84.5900,82.5000,82.5400,2679600
2005-03-21,85.5100,85.5600,83.7000,83.9000,2406100
2005-03-18,87.6100,87.6100,85.1100,85.4000,5039800
2005-03-17,86.5500,87.4400,86.4100,86.8300,2100600
2005-03-16,87.7000,88.5200,86.1600,86.4400,2001500
2005-03-15,85.9000,87.5900,85.8500,87.1500,1802200
2005-03-14,86.4500,87.0500,85.4300,85.7600,1261000
2005-03-11,87.1900,87.9000,86.2500,86.6000,1221400
2005-03-10,86.9000,87.1300,86.0900,86.6900,1092600
2005-03-09,86.5000,86.6300,85.9000,86.2700,1054700
2005-03-08,87.1900,87.2600,86.4200,86.5000,1122400
2005-03-07,87.5900,87.8300,87.0400,87.1800,921200
2005-03-04,87.8500,88.0800,87.2000,87.6000,1157400
2005-03-03,87.5100,88.0000,87.1100,87.2500,1011600
2005-03-02,87.5500,87.9300,86.6700,87.3100,1666000
2005-03-01,87.0300,88.2600,86.9100,87.8000,1530700
2005-02-28,86.8000,87.8900,86.7300,86.9500,1561300
2005-02-25,86.4000,87.3800,86.3000,87.2500,1072400
2005-02-24,84.9000,86.7000,84.8000,86.5000,1402200
2005-02-23,84.0500,85.1000,84.0000,84.9000,1222300
2005-02-22,85.2600,85.8500,83.8200,83.9000,1541500
2005-02-18,85.5000,85.7800,85.2600,85.5100,1162200
2005-02-17,85.1000,85.4600,84.5100,85.2000,1073000
2005-02-16,85.2900,86.2000,85.0700,85.4300,1186100
2005-02-15,85.0000,85.7400,84.7600,85.2900,1376900
2005-02-14,84.8000,85.9000,84.3900,85.2100,1458900
2005-02-11,83.9600,84.9000,83.6500,84.6500,796200
2005-02-10,83.5900,84.0700,83.2500,83.9600,1096000
2005-02-09,83.9500,83.9500,82.8500,83.2600,1311900
2005-02-08,84.5500,85.0000,82.6000,83.9500,3544700
2005-02-07,86.5000,86.8600,86.0200,86.2000,1557600
2005-02-04,86.8100,87.2500,86.6500,87.0400,808500
2005-02-03,86.7000,86.8500,86.2900,86.6000,1196500
2005-02-02,86.8200,87.0000,86.4700,86.7000,1845000
2005-02-01,86.6300,87.3000,86.3000,87.0700,954000
2005-01-31,86.5000,86.9000,86.2000,86.6300,843400
2005-01-28,86.4500,86.7100,85.5300,86.4900,1274100
2005-01-27,85.8600,86.6400,85.2300,86.4500,1081100
2005-01-26,86.1400,86.3600,84.7000,85.1500,1146500
2005-01-25,86.4500,86.5200,85.6900,85.8900,892900
2005-01-24,86.4700,86.8000,86.0200,86.3100,850200
2005-01-21,86.8000,87.0600,86.0500,86.3000,1044300
2005-01-20,88.4000,88.4000,86.7300,86.8000,899900
2005-01-19,88.7800,89.7600,88.5000,88.5500,1130000
2005-01-18,88.8000,89.2000,88.3800,88.7000,901800
2005-01-14,88.1000,88.9500,87.8500,88.9500,561100
2005-01-13,88.4100,88.7500,87.6400,88.0200,742500
2005-01-12,88.1200,88.8200,87.4200,88.5900,931100
2005-01-11,88.0000,88.4500,87.1600,88.1500,772600
2005-01-10,86.9500,88.6700,86.8000,88.5700,1247700
2005-01-07,88.3200,88.5000,87.5300,87.7000,874100
2005-01-06,88.2700,88.6000,87.2100,88.2200,1114400
2005-01-05,89.6500,89.8900,88.2600,88.3300,1075800
2005-01-04,90.6700,90.9500,89.2100,89.4000,807900
2005-01-03,90.6000,91.3400,90.2500,90.6900,1112200
2004-12-31,90.8000,91.4400,90.6900,90.6900,555600
2004-12-30,90.5500,91.5500,90.5500,90.9800,433900
2004-12-29,91.3500,91.3600,89.6000,90.5700,1418700
2004-12-28,91.2500,91.5600,91.0000,91.4900,638600
2004-12-27,91.8000,91.8000,90.8500,90.8500,564000
2004-12-23,91.4000,92.3400,91.3900,91.6300,626300
2004-12-22,90.8000,91.8000,90.0800,91.0800,1467700
2004-12-21,91.7300,92.2900,91.3300,91.4100,884300
2004-12-20,91.8500,92.4300,91.2400,91.5000,1393100
2004-12-17,89.0000,92.2100,88.9500,91.7000,4386800
2004-12-16,86.0000,86.6400,85.1300,85.9000,944800
2004-12-15,87.0000,87.0400,85.4500,85.8500,1603200
2004-12-14,86.7000,86.7000,85.3000,86.5300,1511400
2004-12-13,87.2500,87.5000,86.1400,87.0500,1303000
2004-12-10,87.5000,88.4000,87.0000,87.0000,826500
2004-12-09,86.8500,88.0900,86.3500,87.5200,1144600
2004-12-08,86.0000,87.0500,85.6100,86.7000,841600
2004-12-07,86.2500,87.2600,85.8200,85.8200,851200
2004-12-06,86.4700,87.0600,85.6500,86.6600,895500
2004-12-03,86.5000,87.1300,86.1100,86.7200,650700
2004-12-02,86.5500,87.1500,85.9400,86.7000,742000
2004-12-01,84.8000,86.7500,84.8000,86.5500,867600
2004-11-30,85.7400,86.2700,84.3900,84.6600,1077900
2004-11-29,85.3000,86.1500,85.2500,85.7400,931800
2004-11-26,85.4000,86.0000,85.0000,85.0900,417900
2004-11-24,85.0900,85.4900,84.7800,85.4300,749900
2004-11-23,83.9000,84.9500,83.3790,84.8400,886100
2004-11-22,83.1000,84.0700,82.2700,83.7400,1471700
2004-11-19,84.3600,84.6300,81.5300,82.5000,5022100
2004-11-18,86.0900,87.8000,85.0000,85.0000,2955500
2004-11-17,85.5800,87.4000,85.5800,85.9900,792700
2004-11-16,86.4400,86.5000,85.3700,85.4800,856400
2004-11-15,86.1500,87.0100,86.0200,86.4300,566100
2004-11-12,85.1000,86.5200,85.0500,86.4000,828800
2004-11-11,84.7500,85.3000,84.5000,84.9900,782800
2004-11-10,84.7000,85.1500,84.3000,84.3000,805000
2004-11-09,84.5000,84.9000,84.2800,84.8100,949000
2004-11-08,85.6000,86.0900,84.2000,84.6200,1659100
2004-11-05,85.3700,86.4400,85.1000,86.1200,1378200
2004-11-04,83.0600,85.3700,82.8100,85.3700,1829900
2004-11-03,82.7500,83.3000,82.3900,83.0700,1297000
2004-11-02,81.9800,83.6300,81.9800,82.2400,1629600
2004-11-01,81.0600,81.9800,80.7000,81.6000,873700
2004-10-29,81.2200,81.9500,81.0700,81.3100,858600
2004-10-28,81.5000,81.7400,80.8600,81.1100,798300
2004-10-27,80.5300,81.8000,80.4000,81.5000,1507900
2004-10-26,80.1500,81.4900,79.9000,80.7800,1616800
2004-10-25,78.9000,80.2800,78.6400,79.9200,1117900
2004-10-22,80.6000,80.8500,78.7100,79.1100,1350500
2004-10-21,79.9500,81.2000,79.8300,80.7900,2458100
2004-10-20,80.0200,80.5300,79.3300,79.6500,837700
2004-10-19,79.9000,80.6900,79.8500,80.2700,2231400
2004-10-18,77.5000,79.9000,77.4400,79.9000,1307000
2004-10-15,77.2500,78.4000,77.0100,78.1000,938700
2004-10-14,77.4500,78.0500,77.2000,77.3700,653300
2004-10-13,78.1300,78.2500,76.6200,77.5800,1120400
2004-10-12,78.1500,78.6800,77.5000,78.0300,1054000
2004-10-11,79.0900,79.3100,78.5215,79.0700,895000
2004-10-08,79.6000,79.6500,78.6300,79.0900,828300
2004-10-07,79.8200,80.0000,79.5200,79.6100,774300
2004-10-06,79.8900,80.5600,79.5000,80.0700,1271800
2004-10-05,79.7500,80.2000,79.4200,79.6900,1464400
2004-10-04,79.9000,80.0000,79.6000,79.7800,1168100
2004-10-01,79.0000,79.9000,78.6000,79.8800,1117400
2004-09-30,78.5300,79.2300,78.2400,78.8000,1708100
2004-09-29,79.5000,79.6900,78.2000,78.5300,1705400
2004-09-28,79.3100,79.8300,79.0500,79.7000,851500
2004-09-27,79.5000,79.9600,78.6500,79.3000,1202100
2004-09-24,79.0900,80.0200,79.0600,79.7000,1201400
2004-09-23,78.9000,79.4000,78.3100,79.0900,1411200
2004-09-22,79.2700,79.5000,78.7700,78.9600,1604800
2004-09-21,78.0000,79.7500,77.8500,79.3500,2256700
2004-09-20,77.9000,78.4500,77.3600,78.0000,2834400
2004-09-17,77.1200,77.9500,76.3800,76.5600,2138600
2004-09-16,76.2800,77.5200,76.2800,77.0000,836700
2004-09-15,75.6800,76.6000,75.3100,76.3000,1040400
2004-09-14,75.4000,75.9400,74.9600,75.6800,849900
2004-09-13,75.6600,76.2500,75.1800,75.5300,999000
2004-09-10,74.7500,75.7900,74.7400,75.6500,747600
2004-09-09,77.0300,77.1000,74.5200,74.9300,2167600
2004-09-08,77.2100,77.9600,77.0500,77.3500,1155900
2004-09-07,76.8100,77.3500,76.8100,77.2000,775900
2004-09-03,76.6800,77.3400,76.6200,76.8100,657400
2004-09-02,76.2500,76.9200,76.0800,76.6800,702100
2004-09-01,75.0000,76.5200,75.0000,76.0800,1047600
2004-08-31,74.9000,75.3200,74.7100,75.3100,807900
2004-08-30,75.5000,75.7500,74.5300,74.7300,1039500
2004-08-27,75.5500,76.0200,75.1000,75.9500,559400
2004-08-26,75.3000,76.9000,75.1000,75.9600,1365200
2004-08-25,74.6700,75.1400,74.3600,75.0500,840600
2004-08-24,74.1900,74.6700,74.1800,74.4700,686100
2004-08-23,74.2600,74.4100,73.5600,73.9400,687200
2004-08-20,73.4000,74.4900,73.2600,74.2600,1078600
2004-08-19,72.9600,73.6500,72.6500,73.6500,816800
2004-08-18,71.5600,73.0700,71.4100,72.9800,1353700
2004-08-17,71.6500,72.3400,71.4600,71.6000,677000
2004-08-16,69.4400,71.8100,69.4100,71.8000,974300
2004-08-13,69.5900,69.8500,68.8800,69.6900,882600
2004-08-12,70.2000,70.4900,69.1000,69.5700,743800
2004-08-11,70.2000,70.7500,69.9600,70.3200,732800
2004-08-10,70.6000,70.8600,70.0500,70.8600,656000
2004-08-09,69.3000,70.3500,68.6100,69.9700,904200
2004-08-06,70.3000,70.3000,69.0700,69.3100,1434800
2004-08-05,73.1500,73.1600,70.4700,71.0600,1244100
2004-08-04,72.5100,73.6200,72.3600,73.1000,839600
2004-08-03,73.3900,73.4000,72.5700,72.7000,840400
2004-08-02,72.7200,73.7500,72.6000,73.6400,1231200
2004-07-30,72.7500,72.7500,71.8900,72.7100,900100
2004-07-29,71.6000,73.2500,71.2000,72.9000,1694900
2004-07-28,70.5000,70.9000,69.4000,70.8000,1636300
2004-07-27,69.7200,71.0100,69.6200,70.7500,1337100
2004-07-26,70.4500,70.6100,69.3000,69.9600,1638900
2004-07-23,71.0500,71.3000,69.9400,70.2700,1487700
2004-07-22,70.8500,71.6900,70.2500,71.4400,1959900
2004-07-21,72.4500,72.8100,71.6500,71.6700,1079700
2004-07-20,72.2400,72.7500,71.9400,72.6000,1240400
2004-07-19,73.1500,73.3700,72.1000,72.4900,1200500
2004-07-16,73.6000,73.6500,73.1300,73.5000,1311600
2004-07-15,72.6500,73.4300,72.4800,73.2100,949200
2004-07-14,73.5300,73.9000,72.5700,72.7500,1065100
2004-07-13,73.9000,74.0000,73.6500,73.9000,698300
2004-07-12,74.2600,74.3800,73.5200,74.1100,754700
2004-07-09,74.2000,74.7600,74.0500,74.4900,825300
2004-07-08,74.9100,74.9100,73.5600,73.8600,1156500
2004-07-07,75.0000,75.4600,74.8300,75.1600,820100
2004-07-06,75.0600,75.8800,74.9600,74.9700,1359000
2004-07-02,75.4400,76.1200,75.1100,75.3100,793200
2004-07-01,75.7900,75.9700,74.8600,75.2900,985800
2004-06-30,75.4500,75.7800,75.2100,75.7500,967600
2004-06-29,75.9100,76.2500,75.0500,75.3800,1008500
2004-06-28,75.5000,77.3400,75.4000,75.9000,1856900
2004-06-25,75.2500,75.8000,73.5000,75.3100,4396400
2004-06-24,72.2000,72.8500,72.0900,72.4000,1280100
2004-06-23,71.7900,72.6000,71.7000,72.2900,1139500
2004-06-22,71.0300,71.7300,70.5800,71.7000,912900
2004-06-21,71.7000,72.2500,71.0200,71.1900,1056200
2004-06-18,71.5500,72.2500,71.5200,71.6200,773700
2004-06-17,71.7700,72.4100,71.4000,71.8000,935700
2004-06-16,71.9000,72.0400,71.3600,71.9200,519600
2004-06-15,71.4800,73.0400,71.4400,71.6800,1154500
2004-06-14,71.0000,71.2300,70.7600,71.2300,624200
2004-06-10,70.6400,71.7500,70.4700,71.2500,1154100
2004-06-09,70.4800,70.5500,70.1100,70.5000,921400
2004-06-08,70.2600,70.9700,70.0000,70.4800,1213900
2004-06-07,69.4400,70.5000,69.4300,70.3100,1197400
2004-06-04,70.4000,70.4900,69.2800,69.2800,1190200
2004-06-03,70.6400,70.6400,69.8800,70.2000,943300
2004-06-02,71.0500,71.1900,70.2500,70.6400,1028900
2004-06-01,71.1800,71.4300,70.4500,71.0300,797600
2004-05-28,71.1900,71.4400,70.5500,71.1500,800700
2004-05-27,71.3000,71.9000,70.8000,70.9400,852300
2004-05-26,70.4200,71.7600,70.0500,70.8900,1176800
2004-05-25,69.1000,70.6600,68.7200,70.6500,1743600
2004-05-24,67.7000,69.4700,67.6500,68.9500,1872300
2004-05-21,66.9900,67.5000,66.8000,67.4800,1678000
2004-05-20,66.5400,66.7300,65.8300,66.4300,935500
2004-05-19,66.9700,67.5700,66.4700,66.5400,1153600
2004-05-18,66.2100,66.8600,66.1400,66.5000,1673800
2004-05-17,67.3000,67.3000,65.8100,66.0500,1365600
2004-05-14,68.2200,68.5000,67.2500,67.6900,969200
2004-05-13,68.0800,68.7500,68.0500,68.1500,1911600
2004-05-12,68.2000,68.4200,66.7100,68.0000,1701400
2004-05-11,67.2000,67.7500,67.1500,67.5400,1798200
2004-05-10,66.0500,66.7900,65.9000,66.4000,2168200
2004-05-07,67.9800,68.5500,66.5700,66.5700,2351000
2004-05-06,70.2000,70.2000,67.9700,68.3500,2660500
2004-05-05,70.4000,70.7500,69.5900,70.7500,1704400
2004-05-04,70.7000,70.9700,70.2500,70.4500,1561200
2004-05-03,71.7800,71.9000,70.6900,71.0800,1964500
2004-04-30,72.1500,72.8900,71.8100,71.9500,1161900
2004-04-29,73.6200,73.7800,71.3100,72.1400,2566400
2004-04-28,74.2800,74.2800,73.3700,73.6100,985500
2004-04-27,73.5500,74.8200,73.5400,74.4500,1181900
2004-04-26,75.3000,75.4700,73.1200,73.5400,1822300
2004-04-23,75.5200,75.5200,74.9400,75.1700,979400
2004-04-22,74.9500,76.1200,74.5000,75.6700,1207500
2004-04-21,75.3000,76.0500,75.0600,75.4500,1342800
2004-04-20,76.5000,77.0000,75.7500,75.7500,1508400
2004-04-19,75.9100,76.5000,75.8000,76.3200,983100
2004-04-16,75.9500,76.0200,75.4900,75.9100,926200
2004-04-15,75.8100,76.3500,75.3000,75.5900,770300
2004-04-14,76.0000,76.5800,75.3400,75.8100,1158500
2004-04-13,78.5600,78.5600,75.8900,76.3800,1219400
2004-04-12,76.9000,77.6000,76.9000,77.2400,509000
2004-04-08,77.0000,77.4900,76.5300,76.7700,1167500
2004-04-07,77.2200,77.2900,76.4100,76.7500,1094500
2004-04-06,77.7000,77.8900,77.0200,77.3900,1128400
2004-04-05,76.6000,78.0800,76.6000,78.0800,909100
2004-04-02,76.8500,77.3600,76.0400,76.6400,917200
2004-04-01,77.8200,77.8200,76.1000,76.3900,1507300
2004-03-31,76.6700,78.0900,76.4500,77.8700,1815400
2004-03-30,76.1500,76.9900,75.9600,76.8200,763900
2004-03-29,76.5000,76.9900,76.3500,76.6000,1628200
2004-03-26,76.4500,76.9800,76.0000,76.2500,901300
2004-03-25,76.6000,76.8400,76.0100,76.4800,1165000
2004-03-24,76.0000,76.9000,75.8700,76.6000,1076500
2004-03-23,76.6500,76.6500,75.6500,76.3000,1411600
2004-03-22,78.5600,78.5600,75.9800,76.5800,1363500
2004-03-19,76.6500,77.5000,75.5200,76.8700,2513900
2004-03-18,76.2000,76.8700,75.5100,76.8200,1853300
2004-03-17,75.2500,76.4800,75.0000,76.1500,1397100
2004-03-16,74.8500,75.3900,74.7500,75.1100,1203600
2004-03-15,74.8200,74.9500,74.1100,74.4000,1554300
2004-03-12,74.7500,75.3700,74.1500,74.8000,1376700
2004-03-11,76.2000,76.3800,74.6000,74.6800,1364400
2004-03-10,77.1000,77.9100,76.6000,76.6500,1659700
2004-03-09,76.2400,77.0700,75.7000,76.6600,4501300
2004-03-08,74.7000,74.7000,74.3000,74.4900,1158600
2004-03-05,74.1500,74.9500,73.8000,74.8300,1458700
2004-03-04,73.7200,74.9000,73.6500,74.7200,987500
2004-03-03,73.7600,73.9000,72.2200,73.8300,2109500
2004-03-02,73.5300,73.8600,73.0000,73.8600,1645100
2004-03-01,73.7000,73.8200,73.0700,73.5300,1483700
2004-02-27,73.9000,74.4500,73.2500,73.2500,1624000
2004-02-26,74.2800,74.2800,73.5300,73.9000,1369000
2004-02-25,74.3000,74.5800,74.1100,74.3700,1977400
2004-02-24,72.5000,74.6000,72.1400,74.2600,2313000
2004-02-23,71.6800,72.8200,71.4900,72.6000,1303500
2004-02-20,72.5000,72.5200,71.0100,71.6600,912900
2004-02-19,72.6500,73.2500,72.2900,72.4000,643100
2004-02-18,72.9000,72.9300,72.0000,72.4400,635400
2004-02-17,72.2000,73.2400,72.2000,73.0000,837300
2004-02-13,72.1100,72.6000,71.6000,72.3200,568500
2004-02-12,73.1700,73.3800,72.2200,72.3600,1125300
2004-02-11,72.2000,73.4400,72.2000,73.2000,1113300
2004-02-10,71.8000,72.3600,71.4200,72.2400,895000
2004-02-09,71.1500,72.0000,71.1000,71.6700,882300
2004-02-06,70.6500,71.3000,70.5600,71.0600,806700
2004-02-05,70.6800,71.2500,70.2400,70.7300,984800
2004-02-04,69.9000,71.4600,69.8200,70.6900,1580300
2004-02-03,70.0000,70.6700,69.8500,70.0500,839800
2004-02-02,69.6000,71.0000,69.5200,70.2500,1024200
2004-01-30,68.3300,69.7800,67.8500,69.6600,1160700
2004-01-29,68.8800,69.1000,68.1500,68.5300,991200
2004-01-28,69.8000,69.9000,68.4400,68.6300,960700
2004-01-27,69.9500,69.9900,69.4800,69.6100,670800
2004-01-26,69.5800,70.0000,69.2350,69.9000,914200
2004-01-23,69.7500,70.1800,69.3000,69.5800,699000
2004-01-22,70.5700,70.6200,69.5500,69.6700,703200
2004-01-21,69.6100,70.6200,69.2000,70.4700,1326600
2004-01-20,69.5500,70.0000,69.2700,69.8600,1095000
2004-01-16,69.3000,69.9300,68.9900,69.3600,808400
2004-01-15,69.1700,69.3900,68.2500,69.0500,1327400
2004-01-14,69.0000,69.5000,68.9200,69.1800,960100
2004-01-13,68.8800,69.5000,68.8000,69.1000,1273700
2004-01-12,68.2000,69.0500,68.1000,68.8500,1374300
2004-01-09,68.3700,68.6300,67.7400,67.8700,821500
2004-01-08,67.9700,68.9100,67.7704,68.4000,1911000
2004-01-07,67.5100,67.8800,66.3100,67.7200,1660400
2004-01-06,67.4500,67.7200,67.3500,67.4900,1809300
2004-01-05,67.4500,68.1000,67.2800,67.5500,1487200
2004-01-02,68.7000,68.9500,67.4200,67.6100,1089600
2003-12-31,68.0000,68.5400,68.0000,68.4600,1096300
2003-12-30,67.8400,68.1600,67.6000,68.0600,931300
2003-12-29,68.1000,68.1000,67.4900,67.8400,1132700
2003-12-26,67.5500,68.1800,67.4000,67.8500,506100
2003-12-24,67.8500,67.8500,66.8300,67.5300,682900
2003-12-23,67.4900,67.7200,67.1200,67.6500,1081600
2003-12-22,67.1800,67.5400,66.8400,67.3000,1826200
2003-12-19,66.5000,67.1000,65.8500,66.9300,4389500
2003-12-18,66.0200,67.2000,65.9600,66.8000,2872100
2003-12-17,64.9900,66.0500,64.5000,66.0100,1907700
2003-12-16,65.0000,65.1900,63.2200,65.1100,1440100
2003-12-15,65.6500,65.7800,64.2200,64.2200,1408200
2003-12-12,64.7500,65.1700,64.2000,64.4200,1038700
2003-12-11,63.7500,64.9900,63.6400,64.6900,1300600
2003-12-10,65.0500,65.0500,63.9000,64.0600,1423400
2003-12-09,65.9800,65.9800,64.6000,64.8900,1192400
2003-12-08,65.4000,65.7400,65.1200,65.5800,900400
2003-12-05,65.3000,65.8700,65.0500,65.5400,1330700
2003-12-04,66.2500,66.2800,64.8900,65.2600,2252600
2003-12-03,67.2900,67.3200,65.9200,66.0000,2091500
2003-12-02,67.8500,67.8500,67.1300,67.2000,1161700
2003-12-01,67.4500,68.0000,67.2100,67.8500,1268700
2003-11-28,67.4000,67.4800,67.1200,67.2500,341200
2003-11-26,67.1800,67.4300,66.7700,67.3500,1433500
2003-11-25,65.2500,67.4800,65.2000,67.1700,5280700
2003-11-24,63.8000,64.7800,63.8000,64.6700,2602000
2003-11-21,62.5000,63.7300,62.5000,63.3100,1321300
2003-11-20,61.3000,63.5000,61.1500,62.6000,2758100
2003-11-19,61.7500,61.7500,60.6900,61.1900,1339300
2003-11-18,62.0200,62.7300,61.7600,61.8300,1590500
2003-11-17,61.7500,62.0500,61.5000,61.8000,1428800
2003-11-14,61.8400,62.3500,61.4600,61.8000,1133200
2003-11-13,61.9600,62.2200,61.2600,61.8400,1108900
2003-11-12,61.9700,62.4100,61.8900,61.9600,1210000
2003-11-11,61.8800,62.3100,61.5000,61.9200,859900
2003-11-10,62.8000,62.8300,61.7800,62.0500,1777300
2003-11-07,62.6800,63.1700,62.5200,63.0000,1236000
2003-11-06,63.2600,63.3500,62.3500,62.6800,1297100
2003-11-05,63.3500,63.6700,63.0500,63.2600,903100
2003-11-04,63.7000,64.2500,63.4100,63.5500,875000
2003-11-03,63.9000,63.9900,63.0500,63.9100,1493900
2003-10-31,63.1100,64.2400,63.0400,63.9000,1477300
2003-10-30,63.8500,63.8500,63.0000,63.1100,1098300
2003-10-29,63.8000,63.8100,63.0500,63.2700,1249400
2003-10-28,62.2500,63.9000,62.2500,63.8000,1672500
2003-10-27,61.9500,62.6500,61.3500,62.2500,1298400
2003-10-24,62.8100,62.8100,61.6500,62.0300,1180000
2003-10-23,62.6300,62.8600,62.1100,62.8000,1375900
2003-10-22,63.5700,63.5700,62.4700,62.6200,1106000
2003-10-21,63.5000,64.0000,63.4000,63.5700,800000
2003-10-20,63.8800,64.1900,63.4100,63.8500,1386200
2003-10-17,64.6500,64.8300,63.8700,63.8700,1302700
2003-10-16,64.9000,64.9300,64.2700,64.6500,1492400
2003-10-15,64.7000,64.7300,64.1100,64.5400,1340800
2003-10-14,63.8500,64.5300,63.7100,64.4500,1035300
2003-10-13,63.4500,64.4900,63.4300,64.3400,899200
2003-10-10,63.9200,63.9200,62.9200,63.2600,1092000
2003-10-09,64.2000,64.4600,63.5900,63.9200,1189200
2003-10-08,63.5600,64.0200,63.5600,63.9800,1303800
2003-10-07,62.6000,63.5600,62.6000,63.5600,1310100
2003-10-06,63.1000,63.1600,62.6900,62.8100,1635400
2003-10-03,62.3900,63.6000,62.3900,63.1000,1662600
2003-10-02,61.8700,62.4800,61.6900,62.3900,1281700
2003-10-01,60.8000,61.8700,60.7000,61.8700,1644100
2003-09-30,60.9900,61.0900,60.2000,60.8200,1808600
2003-09-29,61.1000,61.2500,60.6600,60.9800,2133400
2003-09-26,60.3800,60.9800,59.7700,60.8500,2011900
2003-09-25,60.7500,60.8500,60.3000,60.4000,995300
2003-09-24,61.0000,61.3500,60.8100,60.8500,1614100
2003-09-23,60.8500,61.4000,60.8000,61.1200,1404500
2003-09-22,60.6500,61.5610,60.6500,61.2800,2631800
2003-09-19,60.5000,62.2500,60.3100,61.5000,7444900
2003-09-18,57.0500,57.3800,56.9000,57.2500,1394100
2003-09-17,56.8100,57.1500,56.6100,57.1200,1094000
2003-09-16,56.7500,56.7800,56.2200,56.5600,1205600
2003-09-15,55.7500,56.8300,55.7500,56.3500,696700
2003-09-12,55.7900,55.8400,55.0700,55.6800,705900
2003-09-11,55.5000,56.2800,55.5000,55.7900,942300
2003-09-10,56.2800,56.3300,55.3900,55.3900,952900
2003-09-09,56.3500,56.5300,56.0600,56.2800,1004400
2003-09-08,56.3000,57.4700,56.2400,56.8500,1004900
2003-09-05,56.7000,56.9800,56.1200,56.2900,991200
2003-09-04,57.3000,57.5200,56.5800,56.8000,888300
2003-09-03,57.4900,57.5000,56.9000,57.2400,992700
2003-09-02,57.0600,57.5000,56.5100,57.4800,774800
2003-08-29,56.2200,57.0700,56.2000,56.9800,1329300
2003-08-28,55.8500,56.2500,55.6100,56.1200,729400
2003-08-27,55.1700,55.9200,54.9600,55.6700,506300
2003-08-26,55.2500,55.5500,54.8900,55.4200,727100
2003-08-25,54.9400,55.3300,54.5000,55.2500,763600
2003-08-22,55.1700,55.6000,54.6900,54.7000,913500
2003-08-21,54.4500,55.7000,54.2600,55.1900,1847900
2003-08-20,54.0700,54.5900,54.0700,54.3300,721100
2003-08-19,55.2500,55.2500,54.1600,54.6500,1135100
2003-08-18,55.2500,55.6200,54.9000,55.0800,1025300
2003-08-15,54.8000,55.2800,54.4000,55.2500,505300
2003-08-14,54.3800,55.0000,54.1500,54.8000,1053400
2003-08-13,53.9700,54.7000,53.9100,54.3800,1554500
2003-08-12,53.0000,53.8800,53.0000,53.7300,1075500
2003-08-11,52.7500,52.8500,52.3000,52.7800,1175400
2003-08-08,50.6100,52.9100,50.6100,52.8100,2136700
2003-08-07,50.0700,50.7600,50.0300,50.6000,1127900
2003-08-06,49.8100,50.5300,49.6000,49.7000,1405900
2003-08-05,50.7000,50.7000,49.7900,49.7900,994200
2003-08-04,50.5000,51.2100,50.0000,50.6200,1216800
2003-08-01,51.5000,51.9500,50.6200,50.7000,1075700
2003-07-31,51.5100,52.4400,51.1300,51.7400,1473000
2003-07-30,51.8500,51.8500,51.2400,51.2600,722300
2003-07-29,51.9500,52.1300,51.3000,51.7900,1178800
2003-07-28,52.5500,52.6600,51.7000,51.9800,1140600
2003-07-25,52.4600,52.9000,52.0200,52.6800,809600
2003-07-24,52.9800,53.7400,52.5000,52.5000,1603400
2003-07-23,51.2000,52.2000,50.9000,51.9700,1465300
2003-07-22,51.1000,51.5600,50.2600,51.4500,1567000
2003-07-21,51.8500,51.8800,50.8000,51.1000,1369800
2003-07-18,52.7500,52.8000,51.7000,52.0000,1260100
2003-07-17,52.9900,53.2290,51.7000,52.2400,1191300
2003-07-16,52.9500,53.2300,52.3100,53.0600,970200
2003-07-15,53.7500,53.8500,52.8500,53.0900,915900
2003-07-14,53.8800,54.4640,53.0600,53.7000,926400
2003-07-11,53.7000,53.9400,53.3800,53.6300,774800
2003-07-10,53.2500,53.8200,52.4300,53.6600,2311600
2003-07-09,53.5100,53.6290,52.9900,53.0000,2024200
2003-07-08,53.8400,54.0800,53.4700,53.7100,1181500
2003-07-07,53.5600,54.1000,53.5600,53.8800,1375700
2003-07-03,53.8000,53.9680,53.1000,53.5100,614800
2003-07-02,53.8500,54.0000,53.0500,53.8500,1709000
2003-07-01,53.4900,53.9600,52.7500,53.8800,1521000
2003-06-30,53.1000,53.6500,52.7600,53.4900,6250100
2003-06-27,54.1500,54.4000,52.6000,53.0800,6522400
2003-06-26,56.9800,57.5000,56.8500,56.9300,1898000
2003-06-25,56.8800,57.1500,56.5500,56.9000,1745800
2003-06-24,55.6200,56.8200,55.6200,56.6300,1940700
2003-06-23,56.1000,56.3300,55.1300,55.3700,1361600
2003-06-20,56.4000,56.9200,55.9900,56.0200,1462100
2003-06-19,56.1300,56.8800,56.0000,56.3200,1337500
2003-06-18,55.5800,56.1600,55.3500,56.1300,1116300
2003-06-17,55.0500,55.7300,54.7800,55.6700,1167600
2003-06-16,54.5500,55.2500,54.3900,55.0000,1705300
2003-06-13,55.1000,55.2800,54.4900,54.5500,1613200
2003-06-12,55.5500,55.6100,54.9100,55.2000,1292400
2003-06-11,55.7700,55.8500,55.0000,55.3000,2045000
2003-06-10,55.3500,56.1300,55.2500,55.9100,887000
2003-06-09,55.4500,55.9600,54.8500,55.2800,856800
2003-06-06,55.9500,55.9800,54.9400,55.4500,1395800
2003-06-05,55.8200,56.0800,55.4000,55.7400,1237700
2003-06-04,54.5500,56.0400,54.3000,55.8800,1145100
2003-06-03,55.5500,55.6000,54.3500,54.7500,1790700
2003-06-02,56.0500,56.5000,55.8300,55.9700,2132700
2003-05-30,54.9900,56.5600,54.9900,55.9900,1725800
2003-05-29,54.3700,55.1200,54.3400,54.7400,1654200
2003-05-28,53.9100,54.7500,53.5500,54.6200,1277000
2003-05-27,51.9800,54.0000,51.8500,53.9000,1618400
2003-05-23,52.3000,52.3300,51.6500,51.8400,1001300
2003-05-22,52.4700,52.4800,51.7600,52.2400,1883100
2003-05-21,52.2000,53.2000,51.5000,51.8500,1575500
2003-05-20,52.3700,53.0200,52.0200,52.5400,1149400
2003-05-19,52.8600,52.8700,51.9000,52.2700,1454200
2003-05-16,54.1300,54.3000,52.6600,52.8600,1882900
2003-05-15,54.2000,54.2500,53.5000,53.8800,1015900
2003-05-14,54.8000,54.8300,53.8500,53.9500,860800
2003-05-13,54.4600,55.0000,53.8500,54.7500,1725200
2003-05-12,53.8500,54.4700,53.1300,54.4700,1683900
2003-05-09,53.4700,54.0500,53.4500,54.0500,989500
2003-05-08,53.6000,54.2000,52.8000,53.3700,1225100
2003-05-07,54.2200,54.7100,53.9100,54.1200,1162300
2003-05-06,52.8000,54.2300,52.6800,54.2300,1304000
2003-05-05,53.8000,54.0500,52.5000,52.7500,1031200
2003-05-02,52.7300,53.7500,52.4000,53.6400,1046300
2003-05-01,53.7300,53.7300,52.5300,52.7100,1513000
2003-04-30,54.2800,54.2800,53.1200,53.5300,1779200
2003-04-29,53.9800,55.6600,53.6900,54.2700,1703100
2003-04-28,52.5500,54.1900,52.5500,53.9700,1440600
2003-04-25,53.0000,53.2700,52.1100,52.2200,828400
2003-04-24,53.4500,53.5800,52.2000,53.0600,823800
2003-04-23,53.3500,53.7700,52.6100,53.7500,809500
2003-04-22,51.8600,53.5000,51.2500,53.1500,1110500
2003-04-21,52.4000,52.4100,51.3000,51.8600,893300
2003-04-17,52.2700,52.5900,51.7100,52.3000,1232100
2003-04-16,54.1700,54.3900,51.9700,52.3500,1490900
2003-04-15,52.9500,54.4000,52.7500,53.7700,1562700
2003-04-14,52.5200,53.4800,52.0500,53.2500,885200
2003-04-11,53.0000,53.5000,52.2600,52.5900,1055900
2003-04-10,51.7900,52.7400,51.6600,52.6700,1181400
2003-04-09,52.1000,53.3500,51.5000,51.7800,2107700
2003-04-08,51.5500,52.0700,50.9000,51.8700,1254000
2003-04-07,52.7000,52.7400,51.2800,51.4200,1560200
2003-04-04,52.3000,52.5600,51.3200,51.5000,969700
2003-04-03,52.6900,52.6900,51.8300,52.1700,1096200
2003-04-02,51.7000,52.5700,51.6100,52.3000,1639300
2003-04-01,51.5000,51.5400,50.2600,50.8000,1907100
2003-03-31,52.0500,52.1000,51.4000,51.4200,1779800
2003-03-28,52.1800,53.3500,52.0000,53.0400,1145400
2003-03-27,51.3500,52.8300,51.3500,52.2100,1169700
2003-03-26,52.8900,53.2000,52.0000,52.0600,1554900
2003-03-25,52.3500,53.0100,51.8200,52.8900,1255400
2003-03-24,53.1200,53.3000,51.6500,52.1100,2103300
2003-03-21,53.0000,53.4000,52.1800,53.3000,1630200
2003-03-20,50.2400,52.9900,50.0300,52.8500,3896700
2003-03-19,49.2400,50.3300,49.1500,50.0800,2331900
2003-03-18,50.9000,50.9200,48.5500,48.9900,3494700
2003-03-17,49.7500,51.7500,49.6300,51.5700,2633300
2003-03-14,49.2500,49.9500,49.2000,49.7500,2343300
2003-03-13,48.9000,49.6800,48.1500,49.0000,2437100
2003-03-12,47.4500,48.2000,47.2500,48.1500,1501400
2003-03-11,47.2800,48.8200,47.2800,47.5500,1738400
2003-03-10,48.8500,48.8600,47.0000,47.2700,1872200
2003-03-07,46.6100,49.2000,46.2500,49.1000,2801700
2003-03-06,46.3500,47.2000,46.1100,46.6100,1324700
2003-03-05,45.6600,46.6800,45.5100,46.5800,1223000
2003-03-04,46.7500,46.9000,45.6600,45.6600,1275200
2003-03-03,46.5000,47.3200,46.3500,46.6800,1530300
2003-02-28,46.2300,46.9800,45.9200,46.3700,1336700
2003-02-27,45.1400,46.2300,44.8200,46.2300,994900
2003-02-26,45.4000,45.7000,44.6100,45.0700,1154100
2003-02-25,44.8500,45.8500,44.2600,45.4100,1839900
2003-02-24,46.3700,46.3700,45.1500,45.2700,1325000
2003-02-21,45.8800,46.6400,45.8000,46.3600,1193700
2003-02-20,45.6100,45.8600,45.3200,45.6800,798000
2003-02-19,45.5600,45.6900,45.0400,45.4700,956500
2003-02-18,45.1300,45.7100,45.0000,45.5600,1164600
2003-02-14,44.0000,45.1400,43.7500,45.1400,1409100
2003-02-13,43.6800,44.0500,43.1500,43.9800,1293400
2003-02-12,43.8500,44.0400,43.5200,43.6700,881800
2003-02-11,43.9800,44.1700,43.4100,43.8500,1318200
2003-02-10,42.6500,43.5700,42.5500,43.3400,1194700
2003-02-07,43.3800,43.6500,42.3800,42.4000,1149500
2003-02-06,43.2900,43.7200,43.0000,43.1800,1434400
2003-02-05,43.6800,43.8300,43.0700,43.2900,1800800
2003-02-04,44.1800,44.1800,42.6700,43.6800,2002000
2003-02-03,44.6500,44.8300,43.5600,44.1700,1450600
2003-01-31,44.7700,45.2600,44.1800,44.5400,1476100
2003-01-30,45.6700,45.8300,44.1000,44.9300,1869000
2003-01-29,43.7200,44.7400,43.7000,44.6100,1728900
2003-01-28,43.7200,44.7400,43.7000,44.6100,1305500
2003-01-27,43.1000,43.7100,42.5200,43.5600,1209000
2003-01-24,44.3900,44.6200,43.2000,43.4000,977100
2003-01-23,43.8000,44.7900,43.7500,44.6400,975000
2003-01-22,43.8400,44.3900,43.3200,43.4200,1074600
2003-01-21,45.0500,45.5800,43.8400,43.8400,1272600
2003-01-17,45.2000,45.4400,44.6500,45.0500,1351900
2003-01-16,46.1000,46.1300,45.2000,45.5200,1042400
2003-01-15,46.6900,46.6900,45.7700,45.9500,817000
2003-01-14,46.7000,47.0400,46.3700,46.6800,1218500
2003-01-13,47.6400,48.2000,46.8700,47.1000,1127400
2003-01-10,46.7500,48.4300,46.5500,47.5300,2092400
2003-01-09,46.2000,47.6900,46.2000,47.2000,1441900
2003-01-08,45.6700,46.4300,45.4000,46.0200,967000
2003-01-07,45.5000,46.1000,45.4000,45.6600,841700
2003-01-06,45.0000,46.0000,45.0000,45.7800,1066500
2003-01-03,46.1000,46.1000,44.9900,45.1500,1134000
2003-01-02,44.5700,46.1000,44.4800,46.1000,1141700
2002-12-31,44.4500,44.7000,44.0900,44.4700,931300
2002-12-30,43.6000,44.5800,43.5000,44.5200,853600
2002-12-27,44.1300,44.2500,43.5100,43.5300,634800
2002-12-26,44.1200,45.0900,44.0000,44.1400,688100
2002-12-24,44.4700,44.6000,43.9800,44.0500,453200
2002-12-23,44.7600,45.0000,44.0800,44.3000,1581100
2002-12-20,41.5300,45.1000,41.5300,45.1000,4663100
2002-12-19,42.1000,42.9600,41.2500,41.5300,1863400
2002-12-18,42.9000,43.1500,41.1900,41.9300,2076400
2002-12-17,44.2300,44.2300,42.3000,42.7000,2311200
2002-12-16,42.6900,44.4500,42.6900,44.2300,1241700
2002-12-13,43.8100,43.8100,42.4400,42.5300,1283500
2002-12-12,43.0200,43.9800,42.4000,43.8000,1841900
2002-12-11,43.1900,43.6200,42.9500,43.1600,1095600
2002-12-10,43.5600,43.5600,42.5800,43.2900,2030700
2002-12-09,45.1300,45.8000,43.5600,43.5600,1353600
2002-12-06,45.1000,45.3500,44.0400,45.1200,1702900
2002-12-05,46.1100,46.1400,44.2600,45.3500,1686000
2002-12-04,46.3000,46.5200,45.4500,46.1000,1521700
2002-12-03,46.6000,46.6000,45.6300,46.5000,1251100
2002-12-02,46.0000,47.1300,45.9000,46.5500,2330200
2002-11-29,45.3400,45.6300,44.7200,44.7800,525200
2002-11-27,44.1200,45.7700,44.0500,45.0900,1555600
2002-11-26,44.6500,45.1100,43.9100,43.9400,988300
2002-11-25,44.0000,44.8400,43.7000,44.5700,1441700
2002-11-22,45.0100,45.0400,43.5400,43.7500,2231800
2002-11-21,46.4000,47.2200,43.4900,45.0700,3481600
2002-11-20,45.0500,46.7400,45.0000,45.7200,1775800
2002-11-19,45.4600,45.5000,44.4000,44.5500,1343800
2002-11-18,46.1500,46.1500,44.6000,45.2900,1535600
2002-11-15,45.0200,46.1000,45.0100,45.5600,1487800
2002-11-14,44.2500,45.9900,44.0500,45.2300,1924100
2002-11-13,43.5000,44.0400,42.9700,43.6200,1130800
2002-11-12,42.9500,44.4300,42.9500,43.8500,1035700
2002-11-11,44.0100,44.0100,42.8300,42.8400,843400
2002-11-08,44.5400,45.3100,43.4500,44.0100,1206400
2002-11-07,44.6500,45.4000,44.1500,44.5400,1094600
2002-11-06,46.2400,46.2500,44.2500,45.2200,3150900
2002-11-05,47.3500,47.6200,45.9800,46.1200,1835600
2002-11-04,48.0000,48.2000,47.1800,47.3500,875300
2002-11-01,47.1500,47.5500,46.0800,47.4500,1250600
2002-10-31,47.1000,47.7900,46.9000,47.1900,1097500
2002-10-30,46.7000,47.5000,45.8100,47.1000,1865600
2002-10-29,46.6000,46.8400,45.1300,46.2700,1290300
2002-10-28,48.0000,48.2300,46.3300,46.7100,1444600
2002-10-25,45.8500,47.0000,45.5500,46.9900,1518100
2002-10-24,45.3400,46.3300,45.2700,45.6000,1421800
2002-10-23,45.3100,46.3000,44.6700,45.2400,1277800
2002-10-22,45.3500,45.7400,44.8500,45.3000,1688200
2002-10-21,43.3400,45.8000,43.0600,45.5400,1512100
2002-10-18,44.5000,44.5000,42.5200,43.4500,2023600
2002-10-17,44.4500,45.3400,43.9500,44.5000,1685800
2002-10-16,44.5000,44.5000,42.8500,43.0800,1672300
2002-10-15,43.4000,45.0000,43.2000,44.9500,1504200
2002-10-14,41.4000,42.8900,41.1000,42.5800,1240800
2002-10-11,40.0800,42.4000,40.0800,41.8600,1682700
2002-10-10,39.3300,39.8400,38.5300,39.8300,2125600
2002-10-09,39.4500,40.2500,39.2200,39.3200,1502400
2002-10-08,40.4000,41.1400,39.1900,40.0100,2858600
2002-10-07,41.7000,41.9300,39.8800,39.9600,2163700
2002-10-04,42.2000,42.5300,41.1200,41.9400,1790100
2002-10-03,43.0700,43.3200,41.9000,42.0400,1611800
2002-10-02,43.3600,44.4200,42.6000,43.1000,1420000
2002-10-01,43.1900,43.5800,41.5800,43.4800,1422400
2002-09-30,43.0500,43.3900,41.8700,43.1800,1319000
2002-09-27,45.4800,45.4900,43.7500,43.8600,1040600
2002-09-26,44.7600,45.7200,44.4000,45.6100,1258000
2002-09-25,43.4000,44.8900,42.8500,44.3700,1518000
2002-09-24,42.3100,43.1000,41.6500,42.2100,1427400
2002-09-23,44.1100,44.1100,41.8900,42.3000,1549400
2002-09-20,43.8500,44.4500,43.4000,44.1000,2412100
2002-09-19,42.9000,44.3200,42.6000,44.0100,2301400
2002-09-18,41.1000,43.7500,41.0700,43.0500,3725600
2002-09-17,43.3000,43.6800,41.4500,41.7000,1646500
2002-09-16,41.5000,42.5800,41.4000,42.2100,1674000
2002-09-13,40.5000,42.3500,40.3500,41.7300,2507500
2002-09-12,42.8800,43.2000,41.5900,41.7800,1272200
2002-09-11,42.2500,43.1000,42.2500,43.0000,1265500
2002-09-10,41.0500,42.1900,40.7500,42.1300,1758500
2002-09-09,41.3000,41.8500,40.7500,40.9500,1807200
2002-09-06,42.0000,42.5700,41.7700,41.8800,1289000
2002-09-05,41.7500,42.7100,41.6500,41.8700,1392300
2002-09-04,42.3000,42.4500,41.5100,42.1700,1357700
2002-09-03,42.8000,43.0100,42.1600,42.1800,1792800
2002-08-30,43.0500,43.8700,43.0000,43.1800,1354500
2002-08-29,43.2100,43.2500,42.5500,42.9800,2805700
2002-08-28,45.2500,45.4800,44.4000,44.5300,1284700
2002-08-27,46.5000,46.5400,45.0900,45.3100,2763900
2002-08-26,45.7500,46.2200,45.5000,45.9000,1936000
2002-08-23,45.9300,46.3800,45.7000,45.8000,1282200
2002-08-22,45.6500,46.3100,45.1800,46.1500,2064100
2002-08-21,45.0000,46.3100,44.8400,45.4900,2180800
2002-08-20,43.5800,44.8100,43.3100,44.8000,2641900
2002-08-19,43.8800,44.5700,43.3500,43.5800,3266000
2002-08-16,44.9500,45.1500,43.7000,44.0500,3165400
2002-08-15,44.2400,45.3500,40.5000,45.3000,7135900
2002-08-14,43.1000,44.2700,42.7000,44.2500,1270000
2002-08-13,42.8000,44.6200,42.7500,43.0000,2131100
2002-08-12,43.4000,43.4000,42.7000,42.7700,2067600
2002-08-09,44.5000,44.5600,43.7500,43.9200,1578800
2002-08-08,44.3100,45.2800,43.8500,44.9900,1510100
2002-08-07,45.1000,45.3700,43.2500,44.5600,1601000
2002-08-06,44.3000,45.3400,44.1900,44.6000,1963200
2002-08-05,45.2300,45.8000,43.7500,43.9100,1654100
2002-08-02,46.5500,46.6500,44.9500,45.4800,1530900
2002-08-01,48.5000,48.5000,46.3100,47.0000,3755400
2002-07-31,50.0500,50.0500,47.7000,49.2900,2177100
2002-07-30,50.6000,51.3600,49.9000,50.3000,1662500
2002-07-29,49.1500,51.1300,49.1500,50.8500,1641000
2002-07-26,48.8400,49.9500,48.3600,48.7100,1244800
2002-07-25,48.4500,49.4800,47.4400,48.5900,1646500
2002-07-24,45.1500,48.7500,45.1000,48.4000,2561700
2002-07-23,47.5400,47.9000,45.5000,46.3500,2503800
2002-07-22,48.1500,49.7400,47.1400,47.5400,2080400
2002-07-19,50.1000,50.6400,48.8800,48.9800,1662200
2002-07-18,53.5600,54.3500,51.0100,51.0600,1948000
2002-07-17,55.6000,56.4800,53.3000,53.5000,3284700
2002-07-16,53.0000,54.6000,52.9000,54.0400,2561500
2002-07-15,53.1800,53.2400,50.4200,52.4000,1592800
2002-07-12,53.7500,54.6100,52.9500,53.1800,1678200
2002-07-11,55.3500,55.3500,52.3300,52.6500,2299900
2002-07-10,56.0300,56.8500,55.2900,55.6700,1718800
2002-07-09,56.7700,57.8500,55.8500,56.0000,1702500
2002-07-08,56.7000,57.5000,56.4000,56.7600,1421100
2002-07-05,55.3000,56.7500,55.1000,56.2800,720400
2002-07-03,54.7500,55.6000,54.7400,55.0500,2355800
2002-07-02,54.6000,55.6000,54.3200,54.7000,2224500
2002-07-01,54.3500,55.4700,53.8900,54.6000,1767600
2002-06-28,54.5000,56.3000,53.6500,53.6500,4773300
2002-06-27,50.2500,51.6000,49.8900,51.4200,1443300
2002-06-26,49.6000,49.8700,48.2200,49.0800,1427700
2002-06-25,51.1500,51.6500,49.5100,49.6000,1597500
2002-06-24,50.7600,51.8500,49.5000,50.9000,1712800
2002-06-21,51.5000,51.6500,50.2800,50.7500,2534400
2002-06-20,52.6000,53.1000,52.0000,52.0000,1864900
2002-06-19,53.0100,54.0000,52.7200,53.0000,1527500
2002-06-18,52.1100,53.4000,51.8000,53.0000,1428800
2002-06-17,50.0000,52.5500,49.8300,52.3600,1391900
2002-06-14,50.0000,50.0000,49.4500,49.7500,2692300
2002-06-13,50.1000,50.4000,49.8000,50.0000,1415600
2002-06-12,50.3300,50.4900,49.8300,50.3500,1591500
2002-06-11,50.2800,50.9400,50.1500,50.4000,1195500
2002-06-10,50.2200,50.5500,50.0000,50.2800,718700
2002-06-07,50.0500,50.4500,49.8800,50.1400,1157300
2002-06-06,50.8000,51.3400,49.9000,50.3500,857900
2002-06-05,50.2500,50.9200,49.7800,50.8000,2906400
2002-06-04,51.2500,51.4500,49.4600,50.3900,2510600
2002-06-03,53.6700,53.8700,52.0600,52.0600,847800
2002-05-31,53.4000,54.3400,53.3600,53.7500,870300
2002-05-30,53.5500,53.9000,53.3800,53.5400,1192800
2002-05-29,53.7700,54.2000,53.5700,53.5700,907300
2002-05-28,53.8000,54.2200,53.6000,53.7000,858200
2002-05-24,54.7500,54.7500,53.9000,54.0000,539200
2002-05-23,53.0000,55.6000,53.0000,54.7500,2206700
2002-05-22,53.5100,53.5500,52.0000,52.7500,1560600
2002-05-21,54.6500,54.6700,53.3200,53.7600,937800
2002-05-20,55.7000,56.0800,54.2700,54.4000,1214300
2002-05-17,55.9500,56.4200,55.0500,55.8400,997700
2002-05-16,54.7100,56.0700,54.6000,55.8500,1538200
2002-05-15,55.0000,55.1000,54.4600,54.4600,895500
2002-05-14,54.4800,55.4000,54.1800,55.1600,2043100
2002-05-13,53.2200,54.0000,53.2100,53.7000,1628000
2002-05-10,54.7000,54.7100,52.6700,52.9000,2551200
2002-05-09,56.1000,56.1000,54.7300,54.9000,1314100
2002-05-08,56.2500,56.4000,55.3700,56.0500,1396800
2002-05-07,54.6000,55.5500,54.3500,55.1400,1110100
2002-05-06,55.0900,55.5000,53.8500,54.0000,800500
2002-05-03,55.6000,55.6700,55.0000,55.3400,1128900
2002-05-02,54.2400,55.6300,54.2400,55.2300,1161600
2002-05-01,52.9000,54.8500,52.4000,54.6800,1523500
2002-04-30,54.0000,54.1000,52.8000,53.3300,1318800
2002-04-29,54.5000,54.5100,53.8800,53.9000,1187800
2002-04-26,55.5700,55.9600,54.7500,54.7500,1045400
2002-04-25,55.7500,55.8300,54.8500,55.4900,1648000
2002-04-24,57.1000,57.3700,55.8500,56.0000,1369000
2002-04-23,56.7500,58.0400,56.5500,57.4200,1281200
2002-04-22,56.8200,57.2000,56.2200,57.0000,1453200
2002-04-19,55.6500,57.1000,55.1000,56.8200,2701600
2002-04-18,56.7000,57.0000,55.3600,55.4000,3066400
2002-04-17,58.4900,58.6400,57.0000,57.4000,1330000
2002-04-16,57.0200,59.2500,57.0200,58.7400,1410200
2002-04-15,58.0000,58.2000,56.9700,57.0400,1019700
2002-04-12,57.7500,58.2900,57.6500,57.8600,1055100
2002-04-11,58.5000,58.5500,57.4400,57.5500,1620300
2002-04-10,58.5000,59.0000,58.2500,58.5100,1220600
2002-04-09,58.4000,59.1000,58.0400,58.6700,1106200
2002-04-08,58.1500,58.9900,58.0000,58.5500,1005300
2002-04-05,58.2800,59.4000,58.2800,58.8700,1064100
2002-04-04,58.0000,58.4800,57.8000,58.0300,1963700
2002-04-03,57.1600,59.0000,56.1100,58.2000,3137600
2002-04-02,58.4900,58.5000,57.5000,57.6600,2220400
2002-04-01,59.6000,59.6000,58.1000,58.7400,1342600
2002-03-28,60.5500,61.1500,59.8500,60.0100,888200
2002-03-27,61.0000,61.0000,60.2500,61.0000,1165900
2002-03-26,60.0700,60.8400,60.0700,60.5000,1761300
2002-03-25,59.5000,60.3400,59.3000,60.0700,1694400
2002-03-22,59.2500,60.2500,58.7100,59.5000,5659600
2002-03-21,64.0000,64.0000,62.0400,63.2000,1410200
2002-03-20,63.0000,64.2800,62.8500,63.9900,1178700
2002-03-19,63.5100,63.7600,63.1200,63.4000,1213100
2002-03-18,62.7600,63.8600,62.7500,63.5000,1491700
2002-03-15,62.7600,63.2500,62.3800,62.7500,1814000
2002-03-14,62.9200,62.9200,60.7100,62.7600,3552100
2002-03-13,58.7400,60.7500,58.5500,60.7000,1978900
2002-03-12,58.7000,58.7000,57.8100,58.4900,908300
2002-03-11,57.4000,58.8000,57.0500,58.4900,749500
2002-03-08,59.3000,59.5000,57.8600,58.2000,1101500
2002-03-07,58.6000,59.3000,58.4000,58.8000,1158000
2002-03-06,58.0000,59.3900,57.5900,58.6000,1421500
2002-03-05,59.0500,59.0500,58.0200,58.0200,1277400
2002-03-04,58.6000,59.6400,58.4500,59.2400,975700
2002-03-01,58.8000,59.2200,58.2100,58.8500,934400
2002-02-28,58.7700,59.2400,58.0500,58.8600,1328600
2002-02-27,59.6000,59.6500,58.2400,58.5200,693600
2002-02-26,60.0000,60.0600,59.2800,59.4300,1126900
2002-02-25,58.9500,60.2000,58.7100,59.7400,1355300
2002-02-22,57.7000,59.8000,56.7300,59.4000,1168800
2002-02-21,58.0800,58.4300,57.5000,57.5000,1920100
2002-02-20,58.7500,58.7500,58.1000,58.5300,773400
2002-02-19,59.3000,59.4000,58.2900,58.3400,824800
2002-02-15,60.4000,60.4000,59.4000,59.5100,980900
2002-02-14,60.2700,60.5200,60.0500,60.4800,742800
2002-02-13,60.1000,60.5000,59.9300,60.4000,913200
2002-02-12,60.1900,60.4100,60.0000,60.1600,488100
2002-02-11,59.2000,60.4600,59.2000,60.4400,1388800
2002-02-08,59.6000,59.9000,59.1000,59.1000,1219900
2002-02-07,60.1000,60.6400,59.9400,60.0500,1839500
2002-02-06,59.6000,60.1500,59.5200,60.1000,1220600
2002-02-05,59.6800,60.5000,59.5500,59.9900,1777600
2002-02-04,59.8000,60.3500,59.1900,59.4600,753000
2002-02-01,60.5500,60.5500,59.2000,60.0200,980100
2002-01-31,60.7500,60.8400,59.6800,59.9100,2040900
2002-01-30,57.5500,61.0500,57.5000,61.0000,4024200
2002-01-29,58.4800,59.4000,57.1100,57.8000,1300800
2002-01-28,58.4300,58.4300,57.7900,58.2300,1089800
2002-01-25,58.5000,59.1300,58.1500,58.6100,1171000
2002-01-24,58.1000,59.2000,57.9000,58.7400,1612700
2002-01-23,58.2000,58.2000,57.5300,58.1600,1141100
2002-01-22,58.1000,58.3700,57.6000,58.0000,1815700
2002-01-18,57.2000,58.3000,57.1100,57.5500,1443400
2002-01-17,56.3000,57.5900,56.0700,57.3800,1097500
2002-01-16,57.3000,57.3000,56.0600,56.2000,630100
2002-01-15,56.2500,57.3500,56.1000,57.3000,2301500
2002-01-14,55.4300,55.4300,54.6000,54.7000,760100
2002-01-11,56.5000,56.8800,54.9000,55.4300,1845700
2002-01-10,56.1500,57.5000,56.0500,57.0300,979400
2002-01-09,57.3500,57.6000,56.2000,56.5400,989900
2002-01-08,56.5500,57.7000,56.5000,57.3500,1571200
2002-01-07,57.5000,57.9400,57.0500,57.1900,1302700
2002-01-04,58.4900,58.4900,56.5000,57.0000,2350400
2002-01-03,57.1500,57.1500,56.2600,56.5000,1339500
2002-01-02,56.3200,57.1800,56.0300,56.9200,1211000
2001-12-31,56.4800,57.5500,56.1300,56.2400,821300
2001-12-28,56.5500,57.0300,56.2100,56.4800,683200
2001-12-27,57.2500,57.2500,56.0000,56.7500,652400
2001-12-26,57.3500,58.4300,56.9000,57.1000,1509700
2001-12-24,56.6500,57.1900,56.4500,57.0500,1036100
2001-12-21,56.1000,56.9000,55.2500,56.3000,4130000
2001-12-20,54.2500,54.5000,53.0000,53.7900,1953000
2001-12-19,53.0700,54.8000,52.8000,54.6100,2866900
2001-12-18,52.0900,53.0000,51.8400,52.7800,1943200
2001-12-17,53.3500,53.4700,52.3100,52.3100,3277900
2001-12-14,52.9500,54.8500,50.0000,53.8500,8248200
2001-12-13,54.2500,54.9500,53.8100,54.8300,1305100
2001-12-12,55.0100,55.8700,54.3800,54.5000,1403500
2001-12-11,54.9000,55.0100,54.1500,55.0000,897000
2001-12-10,55.2000,55.6400,53.8500,54.4200,1078900
2001-12-07,55.5900,55.5900,54.7900,55.0400,1689900
2001-12-06,56.3800,56.3800,54.6200,56.3400,1966200
2001-12-05,52.8200,55.0000,52.7000,54.7700,1365000
2001-12-04,52.4800,53.0100,52.3500,52.9700,878800
2001-12-03,53.3500,53.3500,52.0500,52.8900,859600
2001-11-30,51.6000,53.2500,51.6000,52.9900,1519300
2001-11-29,51.4800,51.6500,51.0900,51.4000,955200
2001-11-28,52.1000,52.1000,51.2500,51.7600,806100
2001-11-27,52.1500,52.9900,52.0000,52.2600,777300
2001-11-26,53.4500,53.5000,51.9100,52.2900,1615400
2001-11-23,53.5000,53.5000,53.0700,53.4000,338900
2001-11-21,53.6400,53.6400,52.8200,53.5500,1135500
2001-11-20,53.5500,53.9000,52.6000,53.5400,1592400
2001-11-19,53.0000,54.4300,52.9500,53.2400,2203200
2001-11-16,52.4500,53.0000,52.3000,52.9500,1381700
2001-11-15,51.5600,53.9100,51.4600,52.4400,1722100
2001-11-14,50.1500,51.6000,50.1000,51.5600,1577300
2001-11-13,49.9000,50.0500,49.7000,49.9800,1032700
2001-11-12,49.5500,49.5600,48.2400,49.3700,499900
2001-11-09,49.8400,49.9500,49.1000,49.5500,340400
2001-11-08,49.9000,50.2400,49.5200,49.8400,780000
2001-11-07,50.0000,50.0000,49.1800,49.7400,928800
2001-11-06,49.2800,50.1500,49.2600,49.9700,670200
2001-11-05,49.4000,49.9700,49.1100,49.4800,382400
2001-11-02,48.8100,49.5900,48.7100,49.1800,564700
2001-11-01,48.6000,49.0200,47.6500,48.9800,1559500
2001-10-31,48.4000,50.1000,48.4000,49.3600,2039400
2001-10-30,48.9000,48.9000,47.9000,48.0600,1124900
2001-10-29,49.6400,49.7500,48.7500,48.8500,655300
2001-10-26,49.0000,49.9700,48.9600,49.6400,1056300
2001-10-25,48.0000,49.1000,47.9000,48.9900,1220600
2001-10-24,49.5500,49.5500,48.5000,48.7800,493600
2001-10-23,49.5500,50.9600,49.1300,49.1300,1503800
2001-10-22,47.9500,49.6000,47.9500,49.3200,1339600
2001-10-19,47.5500,48.2300,47.4000,48.1300,1589100
2001-10-18,47.0500,48.0800,47.0500,47.6200,791500
2001-10-17,47.5900,48.2200,47.0500,47.4300,1026700
2001-10-16,47.0300,48.0000,47.0000,47.5300,1630400
2001-10-15,48.0800,48.1000,46.8500,47.6500,1200000
2001-10-12,47.8000,48.2300,46.4100,48.0800,1432200
2001-10-11,48.5000,49.9900,47.4200,47.9100,2028600
2001-10-10,46.7600,48.5300,46.5000,48.2500,2085700
2001-10-09,47.4000,47.4000,46.6500,46.7600,1382900
2001-10-08,47.9700,47.9700,47.2500,47.4000,1512500
2001-10-05,47.9900,47.9900,46.7500,47.8000,1526800
2001-10-04,48.9800,48.9800,47.3800,47.6200,1132000
2001-10-03,50.4000,50.4000,47.2500,48.9500,1749900
2001-10-02,46.8900,48.2400,46.8000,48.0600,1362500
2001-10-01,46.7800,47.8100,46.1500,46.8900,1034800
2001-09-28,46.1000,47.3000,45.2600,46.8100,1290300
2001-09-27,45.4500,45.9000,44.0300,45.5500,1675800
2001-09-26,46.3000,47.1300,45.0500,45.4500,1659200
2001-09-25,46.0000,46.7000,45.5200,45.6500,1243900
2001-09-24,44.7000,47.3500,44.7000,46.4100,1569900
2001-09-21,44.5500,44.5500,41.3500,43.6800,5053600
2001-09-20,43.3000,43.3000,40.7500,42.2600,2401100
2001-09-19,44.2500,44.2500,41.9400,42.7500,3114200
2001-09-18,44.0500,44.2400,43.0400,43.0400,3143800
2001-09-17,45.0000,45.5000,43.9700,44.0500,2372400
2001-09-10,48.1800,49.6500,48.1800,48.6500,910400
2001-09-07,49.3500,50.0000,47.5600,48.5100,1804100
2001-09-06,50.5000,51.0000,49.5100,50.1300,1055800
2001-09-05,50.8000,50.8000,49.2500,50.5000,1257100
2001-09-04,50.2500,52.0000,50.2000,50.7500,1716000
2001-08-31,49.5100,51.1800,49.5100,50.0000,1083300
2001-08-30,50.2500,50.2600,49.3000,49.5100,916700
2001-08-29,50.4000,50.9500,50.2500,50.2500,636200
2001-08-28,50.2500,50.8500,50.2500,50.5000,932400
2001-08-27,50.5000,50.9700,50.1600,50.5000,906800
2001-08-24,49.3000,51.8000,49.1500,51.2800,1646200
2001-08-23,48.8000,49.4000,48.0400,49.2300,1152600
2001-08-22,48.3900,49.0500,47.5400,48.9000,778200
2001-08-21,48.2500,49.0500,47.7200,48.6400,1263900
2001-08-20,48.7500,49.0400,48.0100,48.2100,775300
2001-08-17,48.5000,48.9900,48.5000,48.7300,678300
2001-08-16,48.7000,49.1900,48.2000,49.0100,714600
2001-08-15,49.7500,49.9800,48.5500,48.7500,905700
2001-08-14,49.6800,49.7600,49.0100,49.5000,407300
2001-08-13,49.1800,49.9500,48.9500,49.6800,766200
2001-08-10,48.4000,49.5000,47.3000,49.4400,664600
2001-08-09,47.9000,49.0600,47.6500,48.6500,1242200
2001-08-08,47.6800,48.3100,47.5000,48.0000,1237300
2001-08-07,47.5300,48.1500,47.2500,47.7700,687800
2001-08-06,49.4000,49.7000,46.9500,47.5300,1760500
2001-08-03,49.7900,50.1500,49.1900,50.1500,1181900
2001-08-02,48.3200,50.0100,48.2500,49.7900,2152500
2001-08-01,47.2700,48.0100,46.4600,47.8100,815400
2001-07-31,46.1000,47.6000,45.6000,47.5500,1476200
2001-07-30,46.6500,46.9000,45.8000,46.1000,1184400
2001-07-27,47.2000,47.7000,46.4500,46.8000,1020000
2001-07-26,46.4200,47.8500,46.1800,47.8400,927500
2001-07-25,45.5600,46.9500,44.8300,46.7800,794000
2001-07-24,46.2000,46.8000,45.2500,46.0500,772000
2001-07-23,47.1100,47.4500,45.6500,46.2200,1310400
2001-07-20,47.7200,48.1000,47.0000,47.3600,1024200
2001-07-19,45.9900,48.0400,44.6500,47.7400,2639000
2001-07-18,46.4500,46.6000,45.7600,45.9900,956400
2001-07-17,46.4000,47.3200,45.8100,46.9500,1176700
2001-07-16,45.1400,47.1500,45.1200,46.4000,1849400
2001-07-13,44.7500,45.8500,44.1200,45.1300,842300
2001-07-12,42.3700,45.9900,42.3700,45.0000,1651900
2001-07-11,41.1300,43.5000,41.0800,42.3600,919100
2001-07-10,41.2700,41.7500,40.3300,41.1300,1110700
2001-07-09,41.5000,42.2500,41.3500,41.5000,613500
2001-07-06,42.0900,42.5000,41.5500,41.8000,975000
2001-07-05,42.5200,42.7000,41.7100,42.0900,1445100
2001-07-03,41.9500,42.9100,41.7500,42.5200,635900
2001-07-02,41.8000,43.3500,41.8000,42.1500,1523500
2001-06-29,42.1000,42.5000,41.9100,41.9900,2996600
2001-06-28,43.0000,43.5000,40.5000,41.9800,5065800
2001-06-27,42.1000,44.2500,42.1000,42.6600,829800
2001-06-26,43.8000,43.8000,42.3200,42.7500,1468000
2001-06-25,44.6500,45.0000,43.2600,44.0000,1212500
2001-06-22,43.7800,44.6500,42.6800,44.5500,1010300
2001-06-21,41.7500,44.2500,41.6500,43.5300,2222500
2001-06-20,42.0600,43.3500,41.7500,42.0000,1280800
2001-06-19,40.8300,42.8500,40.7500,42.6100,1342200
2001-06-18,40.8000,41.0000,40.5900,40.8100,644700
2001-06-15,41.4500,41.6000,40.6500,40.9100,1582900
2001-06-14,41.3800,41.8000,41.2600,41.4500,982600
2001-06-13,41.7000,41.7500,40.9000,41.3500,623300
2001-06-12,41.1000,41.9800,40.9000,41.8700,847700
2001-06-11,41.8200,41.9500,41.0500,41.1900,687300
2001-06-08,41.6000,42.3000,41.2800,41.6200,475600
2001-06-07,41.4000,43.9400,41.4000,42.3400,1557200
2001-06-06,41.6500,41.7200,41.2200,41.4000,623300
2001-06-05,41.1600,41.8500,41.1600,41.4200,785000
2001-06-04,41.3000,41.4100,40.8000,41.1600,586800
2001-06-01,41.2000,41.3500,40.6700,41.3100,924400
2001-05-31,40.7500,41.5200,40.7000,41.1000,1398900
2001-05-30,41.7000,41.9000,40.4500,41.0000,2196700
2001-05-29,43.0900,43.1200,42.2500,42.4600,1094000
2001-05-25,43.5000,44.1000,43.4000,43.4800,658200
2001-05-24,43.5000,44.0400,43.2400,43.7500,497000
2001-05-23,44.9500,44.9600,42.9200,43.7000,1421100
2001-05-22,45.2500,45.7400,45.0000,45.0900,1709700
2001-05-21,42.5000,43.7400,42.3400,43.6800,895000
2001-05-18,42.3100,42.5400,42.0000,42.4000,1077000
2001-05-17,41.7600,42.8000,41.6000,42.3000,2027400
2001-05-16,39.3500,42.0400,39.3500,42.0100,1097000
2001-05-15,38.9000,40.1000,38.9000,39.6000,1100600
2001-05-14,38.5000,39.0000,38.4600,38.8600,661900
2001-05-11,39.4800,39.6000,38.2500,38.3900,1907400
2001-05-10,39.9900,41.0000,39.2600,39.3800,1805600
2001-05-09,40.1000,40.4000,39.9100,40.0200,1684100
2001-05-08,40.5100,41.1000,40.0000,40.9600,546300
2001-05-07,40.5200,40.8600,40.1500,40.5200,549900
2001-05-04,40.3200,41.3600,39.5100,40.6200,859800
2001-05-03,41.0500,41.0500,40.0600,40.9400,672700
2001-05-02,40.5800,41.8800,40.5000,41.5600,597400
2001-05-01,41.2000,41.8000,40.5800,40.5800,878200
2001-04-30,41.6200,42.0200,41.1100,41.8100,1172700
2001-04-27,39.9500,42.0500,39.9100,41.6200,1450100
2001-04-26,39.0000,40.4000,38.9600,39.8300,897500
2001-04-25,38.1000,39.3500,38.1000,38.9800,597700
2001-04-24,39.5800,39.6100,38.2500,38.2500,787900
2001-04-23,39.6200,40.1500,39.0400,39.8000,854000
2001-04-20,39.7000,39.9600,38.9500,39.7400,1141700
2001-04-19,38.4900,40.2500,38.4900,39.6000,2011500
2001-04-18,36.8500,38.3500,36.7500,38.2400,2607800
2001-04-17,36.6000,37.7000,36.5800,37.2000,1071700
2001-04-16,37.7100,38.3700,36.6000,36.9500,1819000
2001-04-12,37.9000,38.2000,36.3000,37.4600,1721500
2001-04-11,39.1700,39.4000,38.0000,38.0500,1332200
2001-04-10,39.7500,39.9800,38.0400,39.4200,1878800
2001-04-09,39.5500,40.1000,39.1000,39.5000,503800
2001-04-06,39.6000,39.6000,38.7000,39.3700,851600
2001-04-05,40.6000,40.7500,38.5200,39.6000,1703600
2001-04-04,39.4100,40.2900,39.2000,39.9800,637500
2001-04-03,41.2200,41.2400,38.7500,39.4100,811600
2001-04-02,40.5000,42.0000,40.5000,41.1900,923600
2001-03-30,40.3000,40.6500,38.8000,40.5500,548900
2001-03-29,39.8000,40.5800,39.8000,40.2300,729100
2001-03-28,40.0000,40.0000,38.5500,39.7300,795300
2001-03-27,39.5900,40.0000,38.7500,39.9500,1060400
2001-03-26,40.4800,40.9500,39.1600,39.5900,883000
2001-03-23,39.7000,40.5800,38.5000,40.4700,1466700
2001-03-22,40.2000,40.6900,39.4200,39.8100,1925800
2001-03-21,40.1000,40.8500,39.8100,40.2000,3385200
2001-03-20,36.8000,39.5000,36.7000,38.0100,1711300
2001-03-19,36.1000,36.3100,35.5000,36.3000,1085900
2001-03-16,35.9900,37.0000,35.6500,36.5000,2014200
2001-03-15,36.6900,36.9600,35.7500,36.5400,1223200
2001-03-14,37.5800,38.0000,36.8000,36.8100,948400
2001-03-13,39.0000,39.0200,37.5300,37.8300,992900
2001-03-12,40.0500,40.3000,39.1400,39.1700,494200
2001-03-09,40.0700,40.9300,39.8200,40.1100,997100
2001-03-08,40.4000,41.3900,39.9900,40.5000,1462900
2001-03-07,39.9000,40.5000,39.7500,40.4000,1098500
2001-03-06,38.3000,39.4500,38.0400,39.2300,1143700
2001-03-05,38.0200,38.6000,37.5500,37.9900,1818200
2001-03-02,37.9800,38.2900,37.8000,37.9100,1491700
2001-03-01,39.1000,39.3400,37.9000,38.2000,1204600
2001-02-28,39.7000,39.7000,37.4600,39.0500,2910900
2001-02-27,40.6000,41.5000,38.2600,39.6000,12220100
2001-02-26,49.2500,50.0000,48.8500,49.1700,2164500
2001-02-23,48.1200,49.1300,48.0400,49.0000,971100
2001-02-22,47.1800,48.6000,45.5800,48.0500,2309100
2001-02-21,48.9800,49.7000,47.0100,47.1000,2001200
2001-02-20,51.8200,51.8200,47.8000,47.8100,3915900
2001-02-16,52.5000,53.1500,51.8200,51.8200,1328700
2001-02-15,54.9500,54.9500,52.3300,52.4200,1845800
2001-02-14,56.1500,56.4000,54.4000,55.2000,530200
2001-02-13,54.4800,57.0000,54.4800,56.1400,848600
2001-02-12,54.0000,54.8900,54.0000,54.4800,523600
2001-02-09,55.1700,55.1700,54.0600,54.7000,847900
2001-02-08,56.2000,56.2300,54.1200,55.1800,1414600
2001-02-07,57.0000,57.5000,56.4500,56.6800,1274300
2001-02-06,55.3000,57.0000,55.3000,56.8500,1056000
2001-02-05,54.9400,55.9800,54.9000,55.3000,685900
2001-02-02,54.9000,55.3500,54.1100,54.9500,625400
2001-02-01,55.0000,55.1800,54.2800,54.7500,1295800
2001-01-31,54.0000,55.5400,53.6100,55.0200,926000
2001-01-30,53.0000,54.5000,52.8000,53.0200,869900
2001-01-29,53.1500,53.1500,51.6200,52.6700,512600
2001-01-26,53.7500,54.5000,52.3800,53.0000,778700
2001-01-25,52.0000,54.4400,51.9400,54.1900,1104600
2001-01-24,53.0000,53.7500,51.7500,52.3800,1193300
2001-01-23,53.5000,53.6300,52.0600,53.1300,1058400
2001-01-22,50.8800,54.2500,50.8800,52.9400,1163400
2001-01-19,55.5000,55.9400,52.0000,52.4400,2640600
2001-01-18,55.8800,56.6300,55.7500,56.0600,850700
2001-01-17,55.9400,57.0000,55.3800,55.8100,1573600
2001-01-16,56.3800,56.8800,54.7500,55.6900,1093500
2001-01-12,57.1300,57.2500,56.1300,56.4400,1273600
2001-01-11,58.1900,58.3100,56.8100,57.7500,1507700
2001-01-10,59.3100,59.6900,57.9400,58.1300,1978600
2001-01-09,57.0000,60.0600,56.5000,59.4400,3843100
2001-01-08,54.9400,57.8800,54.0600,57.6300,2130800
2001-01-05,57.3100,57.6300,54.8800,54.8800,2864700
2001-01-04,55.6900,57.3800,55.3800,57.3800,3653000
2001-01-03,51.2500,56.0000,50.7500,55.9400,3824900
2001-01-02,54.7500,55.5000,53.6300,54.1300,3624200
2000-12-29,56.7500,57.0000,55.1900,55.8100,1096600
2000-12-28,56.3800,56.7500,55.7500,56.7500,1667000
2000-12-27,54.2500,56.7500,54.0000,56.6900,2546300
2000-12-26,51.0600,54.1900,51.0600,54.0600,1792400
2000-12-22,50.0000,51.1900,49.9400,51.1900,1512200
2000-12-21,48.8800,49.9400,47.8800,49.2500,2260900
2000-12-20,45.5000,49.9400,45.4400,49.1300,3324300
2000-12-19,46.5600,48.6900,46.4400,47.5600,2182000
2000-12-18,47.2500,47.6300,46.5600,46.6900,1168700
2000-12-15,47.9400,47.9400,46.3100,47.6300,1751100
2000-12-14,45.1900,48.0000,45.1300,48.0000,2520900
2000-12-13,45.5600,45.6300,44.6300,45.0600,1228300
2000-12-12,44.0600,45.5600,44.0600,44.8100,643000
2000-12-11,42.3100,45.1300,41.5600,44.0000,860200
2000-12-08,41.5000,43.0600,41.4400,42.5600,753000
2000-12-07,43.3100,43.3100,40.2500,41.6300,1301200
2000-12-06,43.9400,45.6300,43.1900,43.3100,1260500
2000-12-05,44.7500,44.9400,43.6900,44.2500,773400
2000-12-04,43.5000,45.5000,43.5000,45.0000,923500
2000-12-01,42.7500,44.2500,42.7500,43.6900,754200
2000-11-30,42.8100,43.4400,42.5000,42.6300,1185000
2000-11-29,43.5000,43.5600,42.1300,42.8100,606100
2000-11-28,42.5000,44.0600,41.7500,43.9400,908200
2000-11-27,41.7500,43.5000,41.5600,43.0000,1179300
2000-11-24,40.0000,40.6900,40.0000,40.5000,249300
2000-11-22,39.8100,40.3800,39.3800,40.2500,760200
2000-11-21,40.3800,40.9400,39.6300,40.0000,502800
2000-11-20,41.6900,42.6300,39.3800,40.0000,1413600
2000-11-17,40.8800,41.8100,40.6300,41.6900,375300
2000-11-16,42.1300,42.8800,41.3100,41.3100,466600
2000-11-15,42.1900,42.5000,41.3100,42.1300,495500
2000-11-14,40.7500,41.9400,40.3100,41.7500,801600
2000-11-13,41.5600,41.8100,41.1300,41.3800,801800
2000-11-10,43.2500,43.4400,41.1300,41.5600,733300
2000-11-09,44.7500,44.7500,43.0000,43.6300,982600
2000-11-08,43.5000,44.9400,43.0000,44.5000,777300
2000-11-07,42.7500,43.1900,42.0000,43.0000,412100
2000-11-06,41.3100,43.8100,41.3100,42.6900,1009300
2000-11-03,42.1900,42.3100,41.3100,41.3800,501000
2000-11-02,40.6300,42.4400,40.5600,42.4400,2133000
2000-11-01,39.6900,40.3800,39.1300,39.8800,586600
2000-10-31,38.9400,39.9400,38.5600,39.9400,1461300
2000-10-30,38.3800,39.6900,38.3800,38.9400,906300
2000-10-27,39.1300,39.1300,38.0600,38.3100,745200
2000-10-26,37.8800,39.6300,37.2500,39.1900,1310800
2000-10-25,37.3100,38.5600,37.0600,37.3800,847100
2000-10-24,37.0000,37.5000,36.5000,37.0600,1199800
2000-10-23,37.3100,37.3100,34.9400,36.3800,1862900
2000-10-20,37.3800,37.7500,36.4400,37.1300,639700
2000-10-19,37.9400,38.5600,37.8100,38.3800,888800
2000-10-18,36.8100,38.1900,36.5600,37.7500,1961200
2000-10-17,40.1300,40.3800,37.6300,38.0000,3286700
2000-10-16,38.3800,40.4400,38.0000,39.4400,619200
2000-10-13,38.3100,39.4400,38.1900,38.5000,430200
2000-10-12,38.9400,38.9400,37.5000,38.3800,452400
2000-10-11,39.4400,40.1900,38.8100,38.9400,804100
2000-10-10,39.2500,40.5600,39.0000,39.6900,832700
2000-10-09,39.6900,39.6900,38.0000,39.0000,887600
2000-10-06,43.0600,43.0600,39.5000,39.6900,694200
2000-10-05,40.8100,43.5000,40.7500,43.0000,844900
2000-10-04,41.4400,41.4400,40.4400,40.6900,727500
2000-10-03,40.3800,41.9400,40.1900,41.5000,789100
2000-10-02,40.0600,40.7500,39.8800,40.0000,480100
2000-09-29,40.1300,40.3100,39.8100,40.0600,603400
2000-09-28,39.9400,40.7500,39.8100,40.1300,985300
2000-09-27,40.2500,40.3800,39.6300,39.8800,950400
2000-09-26,40.4400,40.5000,39.8800,40.0600,790900
2000-09-25,39.5600,40.2500,39.3800,40.1900,875200
2000-09-22,38.8800,40.2500,37.2500,39.5600,1280300
2000-09-21,38.2500,39.3100,38.0000,38.6300,664300
2000-09-20,38.1900,38.3100,36.9400,37.8800,1110500
2000-09-19,37.9400,42.0000,37.5000,42.0000,672100
2000-09-18,36.7500,38.7500,36.2500,37.8800,1269600
2000-09-15,37.1300,38.6900,35.5000,36.5000,3681100
2000-09-14,38.5000,40.0000,37.5000,38.5000,1120200
2000-09-13,38.7500,38.7500,37.3100,38.6300,1304200
2000-09-12,39.6300,40.5600,39.0000,39.7700,3546900
2000-09-11,39.1300,40.0000,36.1900,36.6300,2980600
2000-09-08,38.1300,40.3800,38.1300,39.1300,1804700
2000-09-07,39.8800,39.8800,37.4700,38.6300,2611300
2000-09-06,41.6300,41.6300,39.5000,40.0000,931200
2000-09-05,40.8800,41.9400,40.8800,41.6900,592400
2000-09-01,40.3800,41.3800,40.3100,40.8800,922300
2000-08-31,40.9400,40.9400,39.5600,39.5800,1493100
2000-08-30,42.0000,42.0600,40.7500,41.4400,675000
2000-08-29,41.0000,42.7500,40.8100,42.0000,1316500
2000-08-28,42.0000,42.1900,40.5000,40.7500,1271500
2000-08-25,41.5000,42.8100,41.5000,42.5000,812600
2000-08-24,40.2500,43.0000,40.2500,41.2500,1519600
2000-08-23,41.1300,41.3800,40.1900,40.2500,2460800
2000-08-22,44.8800,44.8800,41.4400,42.1300,2599500
2000-08-21,47.6900,47.6900,45.5000,46.8800,715000
2000-08-18,47.7500,47.7500,46.8800,47.6900,458100
2000-08-17,47.0000,47.9400,46.8800,47.5000,693000
2000-08-16,46.8100,47.8100,46.8100,47.0600,765100
2000-08-15,47.3100,47.3800,45.8800,46.8100,554900
2000-08-14,46.6300,47.8800,46.5600,47.5600,802600
2000-08-11,46.8100,48.0000,46.5600,46.8800,669400
2000-08-10,48.0000,48.3800,46.6900,46.6900,951400
2000-08-09,48.5000,48.5000,47.3100,48.0000,753500
2000-08-08,46.0000,48.0000,46.0000,48.0000,1032600
2000-08-07,46.1900,46.2500,45.4400,45.7500,1016100
2000-08-04,45.2500,46.0600,44.3800,46.0000,1007500
2000-08-03,44.5000,46.5000,44.5000,46.0000,976100
2000-08-02,44.5600,45.8800,44.1300,45.6300,503000
2000-08-01,43.7500,45.3800,43.7500,44.5000,429600
2000-07-31,43.9400,44.4400,42.8800,43.7500,629100
2000-07-28,45.9400,46.0000,43.3100,44.1300,546900
2000-07-27,47.1300,47.3100,45.0000,46.0000,835700
2000-07-26,46.2500,47.7500,45.8100,47.0600,1402900
2000-07-25,46.5000,46.8800,45.1300,46.3800,654300
2000-07-24,44.9400,46.5600,44.7500,45.9400,1065900
2000-07-21,44.6900,44.8800,44.2500,44.6900,686100
2000-07-20,44.1900,44.9400,44.0600,44.6300,458700
2000-07-19,44.6900,44.9400,43.8100,44.0600,469800
2000-07-18,45.1300,45.3800,43.1900,44.9400,663800
2000-07-17,44.1300,45.4400,43.5000,45.2200,977900
2000-07-14,44.1900,44.3800,42.8100,43.8800,1094100
2000-07-13,42.6900,44.6300,42.5600,43.9400,1012200
2000-07-12,43.0600,43.2500,42.2500,42.4400,591600
2000-07-11,42.0000,43.6300,41.3800,43.0600,728800
2000-07-10,42.3100,42.4400,41.3800,41.6900,510500
2000-07-07,40.9400,42.5000,40.5000,42.0600,673200
2000-07-06,40.5000,41.1300,39.7500,40.5000,397200
2000-07-05,40.4400,40.9400,39.9400,40.2500,451300
2000-07-03,41.0000,41.1300,39.8100,41.0000,925700
2000-06-30,39.6300,39.9100,38.4400,39.8100,1315800
2000-06-29,39.0000,42.2500,37.8100,39.5000,1010400
2000-06-28,40.0600,41.0000,38.7500,39.0900,1023500
2000-06-27,40.0600,40.2500,39.3800,39.9400,973800
2000-06-26,38.0000,40.0000,37.7500,39.0000,1449000
2000-06-23,35.4400,37.4400,35.3800,37.0600,908900
2000-06-22,35.3800,35.4400,34.8100,35.1900,532200
2000-06-21,35.4400,36.0600,35.2500,35.5600,648900
2000-06-20,36.5000,36.5000,35.1900,35.6900,1122500
2000-06-19,37.8800,38.2500,36.1300,36.5600,733000
2000-06-16,38.0600,38.1300,37.0000,37.2500,1066900
2000-06-15,39.5000,39.5000,37.6300,38.3100,752900
2000-06-14,39.0000,39.8100,38.9400,39.5600,697300
2000-06-13,40.4400,40.5000,38.0000,39.0000,866100
2000-06-12,39.1300,40.6300,37.0000,40.4000,1877800
2000-06-09,42.6900,43.0000,41.0000,41.5600,733900
2000-06-08,42.5000,43.0000,42.0000,42.9400,349300
2000-06-07,42.0000,44.0000,41.4400,43.9400,521400
2000-06-06,44.0000,44.0000,41.5000,42.0000,448700
2000-06-05,44.2500,44.8800,43.5600,44.1900,479700
2000-06-02,44.3800,44.7500,43.8800,44.2500,575000
2000-06-01,43.1300,43.4400,42.6900,43.2500,526600
2000-05-31,44.1300,44.1300,42.3800,42.5000,965900
2000-05-30,43.5000,44.3800,41.6900,44.2500,709600
2000-05-26,43.5000,44.2500,43.1300,43.5600,609000
2000-05-25,43.7500,43.9400,43.1300,43.3800,1117900
2000-05-24,42.0000,44.7500,42.0000,43.5000,1745900
2000-05-23,39.7500,41.6900,37.8800,41.3100,1468300
2000-05-22,40.0000,41.1300,39.1300,39.6300,724300
2000-05-19,39.8100,40.1900,38.3800,40.0000,1210300
2000-05-18,41.3800,42.0600,40.2500,40.7500,963000
2000-05-17,43.6300,43.6900,41.1300,41.3100,625200
2000-05-16,43.8800,44.7500,43.6300,44.1900,405800
2000-05-15,42.8800,44.4400,42.2500,44.1300,744500
2000-05-12,42.0000,42.8100,41.7500,42.8100,336000
2000-05-11,42.2500,42.7500,42.0600,42.6900,331700
2000-05-10,42.5000,42.6300,41.5600,42.2500,536700
2000-05-09,42.8100,43.4400,42.2500,43.1900,830500
2000-05-08,42.7500,43.8800,42.6300,43.0600,858500
2000-05-05,42.7500,43.3100,41.7500,42.7500,619400
2000-05-04,43.0000,44.0000,42.5000,42.7500,766100
2000-05-03,43.2500,43.6900,41.6300,42.3800,1015800
2000-05-02,46.3100,46.3100,44.6300,45.2500,558700
2000-05-01,43.4400,47.1300,43.3800,46.5600,1016300
2000-04-28,44.5000,44.9400,43.1300,43.4400,965000
2000-04-27,43.0000,43.5600,42.6300,43.3100,478800
2000-04-26,45.2500,45.2500,43.1900,43.8800,541700
2000-04-25,43.1300,45.8100,42.8800,45.6300,860700
2000-04-24,44.0600,45.3800,43.0600,43.1900,901900
2000-04-20,44.1300,44.3800,43.7500,43.9400,792700
2000-04-19,43.3800,45.8800,43.0000,44.0600,1175300
2000-04-18,41.8100,43.5000,40.9400,42.3800,1419000
2000-04-17,42.8800,43.0000,40.8800,42.0000,1560200
2000-04-14,42.5000,43.2500,40.8800,42.6300,2232900
2000-04-13,44.5000,45.1900,43.7500,43.9400,1210000
2000-04-12,45.0600,45.3100,43.9400,44.4400,1151600
2000-04-11,43.8800,45.7500,43.8800,45.1300,2349900
2000-04-10,42.8100,43.1900,42.0000,43.0000,837100
2000-04-07,42.5000,42.9400,41.8100,42.9400,1535700
2000-04-06,39.3100,41.7500,39.3100,41.5600,1382300
2000-04-05,39.5000,40.5000,38.8800,39.1900,706800
2000-04-04,40.0000,40.1300,36.4400,38.9400,1518700
2000-04-03,41.0000,41.0000,40.0000,40.0000,1777600
2000-03-31,38.7500,40.0000,38.4400,39.6300,1879600
2000-03-30,39.0600,39.1300,37.6900,38.6900,1636100
2000-03-29,36.8100,39.2500,36.8100,39.0000,2135100
2000-03-28,36.1900,36.8100,35.7500,36.8100,1132600
2000-03-27,36.0000,36.2500,35.0000,35.9400,2088100
2000-03-24,34.0000,34.5000,33.6900,33.8800,913200
2000-03-23,33.6300,34.6300,33.2500,34.0000,1567300
2000-03-22,34.2500,34.5000,33.4400,33.7500,1472500
2000-03-21,33.1300,33.4400,32.2500,33.1300,1726200
2000-03-20,32.3100,33.3800,32.3100,33.0000,1798300
2000-03-17,34.6300,36.1300,32.1300,34.0000,3752700
2000-03-16,32.9400,38.0000,31.3800,35.7500,2178400
2000-03-15,28.6300,33.5000,28.5600,33.0000,3239100
2000-03-14,29.0000,30.1300,28.2500,28.8800,2280500
2000-03-13,27.1300,29.2500,26.5000,28.7500,2620700
2000-03-10,26.9400,27.4400,26.8100,26.8800,1570800
2000-03-09,27.1300,27.2500,25.8100,26.7500,1757400
2000-03-08,27.2500,27.6300,27.0000,27.2500,1250000
2000-03-07,28.7500,28.8100,27.6900,27.8800,1191500
2000-03-06,29.5000,29.6300,28.1900,28.5000,960600
2000-03-03,30.0600,30.2500,29.1300,29.3800,864100
2000-03-02,28.3800,29.9400,28.1300,29.4400,1407600
2000-03-01,28.4400,28.6900,27.9400,28.1300,1235600
2000-02-29,27.8800,29.1300,27.8800,28.4400,1571900
2000-02-28,26.9400,28.2500,26.8100,27.8800,2048200
2000-02-25,27.0000,27.0600,26.5000,26.5600,1853800
2000-02-24,28.0000,28.0600,26.6300,27.0600,2019600
2000-02-23,28.2500,28.5000,27.9400,28.0600,1578100
2000-02-22,28.6300,28.7500,27.0000,27.0000,1605900
2000-02-18,28.8800,29.1300,27.3800,28.0000,3260900
2000-02-17,29.3100,29.8800,28.8100,29.0000,1872200
2000-02-16,30.4400,30.7500,29.2500,29.5000,2834800
2000-02-15,32.0600,32.1300,30.2500,30.4400,3757000
2000-02-14,33.5000,34.0600,32.1300,32.3100,2232400
2000-02-11,34.1300,34.5000,33.1300,34.0000,1580600
2000-02-10,33.3800,34.8100,32.8800,33.7500,3129100
2000-02-09,36.5000,36.5000,32.3800,33.7500,7821400
2000-02-08,45.0000,45.0000,26.5000,37.0000,8213400
2000-02-07,46.6300,46.6300,44.6900,45.2500,806900
2000-02-04,47.8800,47.8800,46.6300,46.6900,1560700
2000-02-03,47.3100,47.8800,46.5600,47.8800,496700
2000-02-02,46.6300,48.1300,46.1900,47.4400,696600
2000-02-01,45.4400,47.1300,45.2500,46.6900,746400
2000-01-31,46.0000,46.1900,45.4400,45.5000,578400
2000-01-28,47.0000,47.0000,46.0000,46.8800,444500
2000-01-27,48.0000,48.6300,46.3800,47.2500,788000
2000-01-26,46.1300,49.7500,46.1300,49.5000,1610800
2000-01-25,49.5600,50.1300,48.5000,48.8800,477900
2000-01-24,49.6300,50.2500,49.2500,49.6900,716700
2000-01-21,51.5600,51.5600,50.5000,50.6900,1283200
2000-01-20,53.2500,53.3800,51.2500,51.5600,637900
2000-01-19,51.7500,53.5000,51.4400,52.8100,1287400
2000-01-18,50.7500,51.6300,50.0600,50.6300,1044500
2000-01-14,50.6300,51.8800,50.3800,51.3100,960100
2000-01-13,49.0600,50.4400,48.4400,50.0000,643100
2000-01-12,50.8800,51.0000,49.1300,49.3800,1256300
2000-01-11,49.3800,52.2500,49.2500,51.1300,1372000
2000-01-10,48.1300,48.9400,48.0000,48.6900,493300
2000-01-07,47.6900,48.0000,47.0000,47.8800,499200
2000-01-06,47.8800,47.8800,46.5600,47.8800,611400
2000-01-05,45.7500,48.1300,45.7500,48.1300,817800
2000-01-04,47.0000,47.3100,45.3800,45.5000,1226300
2000-01-03,49.3100,49.5600,47.7500,48.1200,1001800
1999-12-31,49.5000,49.7500,49.2500,49.5600,225300
1999-12-30,49.7500,50.0000,49.1300,49.1900,244500
1999-12-29,50.0600,50.1300,49.6300,49.8100,263500
1999-12-28,49.7500,50.2500,49.6300,50.0000,562400
1999-12-27,51.6300,51.6300,49.6900,49.6900,484600
1999-12-23,49.6900,51.9400,49.5600,51.8800,741800
1999-12-22,49.8800,50.1300,49.0000,49.5000,632500
1999-12-21,51.0000,51.0000,48.2500,49.1300,1204900
1999-12-20,52.5000,53.1300,50.2500,51.1900,1452000
1999-12-17,49.7500,55.8800,49.3100,52.4400,5717100
1999-12-16,41.8800,46.0000,41.6900,45.6900,1403500
1999-12-15,40.7500,41.9400,40.6300,41.8800,2157700
1999-12-14,42.1300,42.1300,39.8100,40.1900,2482900
1999-12-13,43.8800,43.8800,41.8100,42.7900,1382700
1999-12-10,45.7500,45.7500,43.8800,43.8800,2057600
1999-12-09,45.0000,46.2500,45.0000,45.7500,710500
1999-12-08,46.2500,46.3800,44.6900,45.2100,2145400
1999-12-07,46.3800,46.8800,45.7500,46.4400,1005400
1999-12-06,46.2500,47.6300,45.5600,47.0600,907300
1999-12-03,45.1900,46.9400,45.1900,46.3800,1474400
1999-12-02,47.2500,47.2500,44.5000,45.5900,1560700
1999-12-01,45.7500,47.1900,45.6300,47.0000,665900
1999-11-30,46.3800,46.7500,45.8800,46.0000,1062000
1999-11-29,45.8100,46.6300,45.8100,46.3800,714500
1999-11-26,47.0000,47.3800,46.6300,47.0000,182500
1999-11-24,47.4400,47.5000,46.1900,46.5600,516600
1999-11-23,48.4400,48.5000,47.1300,47.3800,892100
1999-11-22,49.0000,49.3800,47.8100,48.5600,934100
1999-11-19,49.5000,49.6300,48.0000,49.2500,2086800
1999-11-18,45.0000,47.3800,44.7500,47.0000,2740500
1999-11-17,44.2500,45.2500,44.0600,44.2500,2818400
1999-11-16,47.0600,47.7500,44.0600,44.3100,1616100
1999-11-15,46.2500,47.6900,45.6300,47.3100,1095200
1999-11-12,46.3800,46.7500,45.5000,46.1300,679100
1999-11-11,47.2500,47.3100,46.0000,46.1300,951000
1999-11-10,47.1900,48.5600,46.6300,47.0000,1015400
1999-11-09,46.8800,48.1300,46.2500,47.4400,1284600
1999-11-08,47.1300,47.4400,45.3800,46.8800,2252400
1999-11-05,50.1900,50.8100,47.0000,47.9400,1653700
1999-11-04,50.0600,51.2500,49.8800,50.3800,1494300
1999-11-03,51.5000,51.5600,47.7500,50.1900,3235000
1999-11-02,55.5000,55.9400,52.5000,52.5000,1542600
1999-11-01,55.7500,56.3800,55.2500,56.3100,896200
