timestamp,open,high,low,close,volume
2020-11-25,519.0000,524.0000,511.7920,519.2200,1083610
2020-11-24,522.7100,526.0000,510.1550,514.6900,1155750
2020-11-23,520.1000,524.8700,514.2665,522.1100,1294155
2020-11-20,515.6100,526.4600,514.0000,518.0600,1184583
2020-11-19,508.2000,519.9300,505.0000,514.3300,978532
2020-11-18,511.2500,513.5600,502.3900,507.1200,1016214
2020-11-17,505.0000,516.0000,504.0700,513.1000,1151537
2020-11-16,497.4900,505.7507,495.1891,502.2800,1587082
2020-11-13,511.6000,511.6000,495.5200,508.0100,1235170
2020-11-12,520.4500,525.0100,506.3700,509.7800,1631603
2020-11-11,493.7100,508.0575,489.5500,503.3600,1578845
2020-11-10,495.5300,499.6800,472.0100,481.2800,2501693
2020-11-09,509.6500,528.2100,500.7900,501.9600,2398459
2020-11-06,529.5300,537.5300,519.0000,535.1800,826425
2020-11-05,523.3100,533.8400,520.4950,531.0800,1186473
2020-11-04,506.3500,518.2300,501.0000,513.5800,2223775
2020-11-03,477.6100,484.7100,472.0100,480.0500,1783333
2020-11-02,499.2100,507.5750,474.2850,476.0000,1983704
2020-10-30,504.4000,507.9802,485.5900,497.5700,1873925
2020-10-29,497.0000,517.9000,493.0001,510.5900,2857371
2020-10-28,486.9500,489.9199,480.1500,484.0500,1776599
2020-10-27,508.7900,510.0000,498.5200,499.8100,1204132
2020-10-26,518.0100,521.8600,492.5100,501.6100,1621213
2020-10-23,509.0900,514.2300,505.2300,514.0100,845229
2020-10-22,511.7000,513.5500,495.1700,505.9600,858230
2020-10-21,518.6800,519.5300,506.8300,510.2800,831294
2020-10-20,523.0000,527.5800,515.9150,518.1900,826498
2020-10-19,526.4400,533.3700,519.3900,521.9500,891807
2020-10-16,524.1500,530.7300,520.9900,524.8700,1031892
2020-10-15,509.4800,522.9900,506.0000,520.6800,945391
2020-10-14,520.0000,521.5000,509.9800,516.8900,990207
2020-10-13,516.5100,522.7700,511.2300,518.3000,1180580
2020-10-12,513.5500,515.5500,502.0000,509.0900,896321
2020-10-09,503.5600,510.8800,502.0100,508.6100,1193425
2020-10-08,505.0000,505.0000,492.0000,496.5000,823356
2020-10-07,497.6300,504.2100,494.0000,500.0000,858048
2020-10-06,500.0000,502.5999,489.8200,491.5400,1075785
2020-10-05,495.6100,502.2300,491.2702,501.7900,1287437
2020-10-02,480.4900,502.6300,478.9900,493.1500,1593110
2020-10-01,491.5700,495.1300,487.4528,492.5200,922437
2020-09-30,485.6700,493.3100,481.1500,485.0000,1202344
2020-09-29,486.3500,489.5600,483.0952,487.9800,829337
2020-09-28,486.6100,488.4000,478.9700,484.2100,1257986
2020-09-25,468.9100,481.6500,464.5650,479.9700,1206757
2020-09-24,458.7900,465.1700,453.7000,460.1200,842539
2020-09-23,470.0000,473.3150,459.0400,460.4700,826736
2020-09-22,465.7500,471.1000,454.6049,470.5700,930129
2020-09-21,446.8200,462.4000,446.2000,461.8800,1106413
2020-09-18,454.1500,457.2550,442.7100,453.0900,1461231
2020-09-17,445.7000,455.0000,442.0000,453.8000,1578503
2020-09-16,476.4700,479.4400,455.7800,456.0100,1507316
2020-09-15,463.2300,474.3150,462.6096,473.9600,1120502
2020-09-14,451.4200,463.2000,451.1700,458.0600,1434433
2020-09-11,457.6300,458.4900,439.7600,445.9000,895909
2020-09-10,461.0000,468.3200,450.2700,452.9800,1114841
2020-09-09,452.0900,462.8600,441.8450,458.2000,1805559
2020-09-08,439.9900,452.7300,432.8500,443.1400,1765371
2020-09-04,466.0000,470.0000,435.1000,450.3500,2680167
2020-09-03,485.0000,487.9900,462.6700,468.8400,2024617
2020-09-02,500.0000,501.8200,482.6600,499.6900,1355545
2020-09-01,485.0000,497.2500,482.5800,497.1900,1370853
2020-08-31,488.2500,489.9950,480.9900,482.0200,1390680
2020-08-28,485.0000,494.0000,484.4000,487.8700,1061372
2020-08-27,485.0000,485.1000,474.5000,480.5500,1521161
2020-08-26,465.0000,488.5820,464.1010,487.7000,2199754
2020-08-25,450.0000,458.8800,445.7400,457.9300,1164912
2020-08-24,453.0500,458.6400,445.0000,448.1000,2357007
2020-08-21,452.7800,453.9900,446.1789,449.4200,2339210
2020-08-20,435.4200,454.7300,433.3550,453.3400,2718235
2020-08-19,438.0000,443.6400,432.1000,437.1300,1964921
2020-08-18,441.7200,444.3600,435.3000,437.5800,2272083
2020-08-17,436.9800,445.1500,436.9800,442.3700,1897063
2020-08-14,438.3600,442.8927,434.3200,435.7300,1252370
2020-08-13,427.8600,439.8100,426.7100,438.4200,1700125
2020-08-12,425.1400,431.4300,423.0500,427.1300,1619889
2020-08-11,434.3500,434.9900,418.5330,421.3600,1639128
2020-08-10,430.4400,439.1300,422.1700,438.6800,2724446
2020-08-07,432.0400,439.2877,423.7140,431.2100,2459662
2020-08-06,437.8800,439.5700,425.3350,430.3300,2230896
2020-08-05,440.0000,441.0500,435.3300,435.7400,1018629
2020-08-04,437.4200,442.4900,433.8700,438.1500,1141120
2020-08-03,443.7200,444.7900,431.1600,439.9600,1801941
2020-07-31,436.9900,439.2000,428.3176,439.2000,1745876
2020-07-30,432.7200,438.6000,421.3300,431.4000,3143077
2020-07-29,442.5700,446.5050,437.8700,445.7100,2255868
2020-07-28,435.0000,442.5800,431.0000,435.0400,1038071
2020-07-27,430.0000,436.1600,426.0050,433.8100,985255
2020-07-24,420.2800,430.3100,414.5990,425.1900,1003821
2020-07-23,441.1000,448.3400,428.6200,430.8500,1324394
2020-07-22,440.0000,443.9649,434.3150,441.6000,872830
2020-07-21,447.2300,447.4700,434.1800,437.2200,1606323
2020-07-20,425.0000,454.7000,424.5400,449.2700,3130116
2020-07-17,415.7500,423.4000,411.4500,421.8100,1099300
2020-07-16,416.0600,418.2600,404.4900,413.8800,1445800
2020-07-15,422.8900,425.9600,415.7400,423.5600,2117500
2020-07-14,400.0000,413.8100,390.8400,413.2300,1781400
2020-07-13,425.0000,427.7800,399.4700,401.8700,1622400
2020-07-10,426.5000,427.7800,419.4600,422.9100,1482300
2020-07-09,428.0000,430.8300,415.6000,426.3700,1406500
2020-07-08,416.8000,426.7800,415.5000,425.2000,1515900
2020-07-07,416.4400,421.2300,410.9700,411.7400,1313400
2020-07-06,419.2900,425.0000,412.1500,416.4400,1774600
2020-07-02,421.3100,424.8400,412.6900,414.2100,1385300
2020-07-01,405.3800,417.6200,403.5000,416.7900,1794500
2020-06-30,394.8800,406.1700,394.0000,405.0600,1760300
2020-06-29,401.4800,402.9900,385.5000,394.5500,1388100
2020-06-26,401.8300,402.8400,391.0800,399.9700,2013083
2020-06-25,391.7150,401.6900,385.6600,401.6400,1295031
2020-06-24,399.7800,405.2400,388.8650,392.9300,1450201
2020-06-23,408.0000,409.8000,397.3800,400.9400,1671264
2020-06-22,396.4200,403.2200,391.8519,402.8200,1568158
2020-06-19,406.2500,407.9900,398.4400,399.8700,2303792
2020-06-18,402.2600,404.4900,396.1000,401.0300,1320494
2020-06-17,400.0100,407.5900,398.0500,400.6500,1562104
2020-06-16,400.0000,402.8700,389.1900,398.4600,1743797
2020-06-15,378.2000,393.9800,375.3700,392.5000,1436608
2020-06-12,387.6200,392.3800,377.7600,385.1300,1555615
2020-06-11,393.8300,397.4600,372.8700,375.0500,2924490
2020-06-10,392.3400,405.5300,392.3400,401.6600,2003100
2020-06-09,390.9800,398.0000,385.4913,388.8300,1688089
2020-06-08,386.5800,388.7700,375.6800,386.6400,1512698
2020-06-05,370.0000,390.6800,367.0300,390.4600,2455309
2020-06-04,385.6900,389.6999,372.4200,376.9500,2085755
2020-06-03,389.9900,393.1100,381.1001,388.0900,1400826
2020-06-02,384.4500,392.9000,375.4400,392.9000,2022851
2020-06-01,385.0600,387.9350,381.8500,383.3700,1335764
2020-05-29,381.4100,388.2300,378.6250,387.9300,1968935
2020-05-28,370.0000,386.6700,368.4600,377.9800,1546630
2020-05-27,378.0500,378.0500,352.0700,371.1600,3760558
2020-05-26,396.1300,396.1500,379.6300,380.6700,1714726
2020-05-22,389.0400,394.1400,384.9900,387.9600,1006087
2020-05-21,390.5200,393.5858,382.4100,383.6400,991653
2020-05-20,390.0000,394.7550,384.3900,390.1600,1463569
2020-05-19,375.0000,389.6700,373.2300,382.8800,1721625
2020-05-18,378.0000,381.7790,373.1800,374.8700,1754483
2020-05-15,365.4500,372.4500,363.0600,370.4600,2502831
2020-05-14,358.7100,370.0600,351.5100,367.8300,2306009
2020-05-13,366.0100,370.4600,351.2900,361.2900,2894634
2020-05-12,384.1300,384.9900,364.5700,365.6000,3388369
2020-05-11,375.0000,388.5000,370.0400,383.6500,1575735
2020-05-08,384.0000,387.6000,376.1300,377.2600,2103846
2020-05-07,368.9700,386.5746,368.5300,381.8300,2755033
2020-05-06,374.6300,379.8000,364.5000,365.3900,2375275
2020-05-05,360.0000,376.1800,356.0700,370.6400,2975824
2020-05-04,336.5200,356.5000,335.0100,354.6400,2537857
2020-05-01,342.0900,351.0000,336.0000,339.5100,2448327
2020-04-30,327.8400,357.7800,327.4900,351.5400,5387769
2020-04-29,301.6000,325.4400,301.5700,321.9900,3476372
2020-04-28,312.7900,315.0000,295.7800,296.0000,2251547
2020-04-27,307.5300,311.0000,306.2700,308.6000,1156320
2020-04-24,297.5300,303.6800,292.6995,302.9400,1475053
2020-04-23,300.0000,304.6890,296.0000,297.3100,1456823
2020-04-22,295.9200,302.6800,293.0600,299.6100,1420788
2020-04-21,298.9600,303.7003,281.5700,288.7700,2872878
2020-04-20,298.1900,308.1351,296.6000,302.4600,1876988
2020-04-17,302.0900,303.1200,296.5100,299.5900,2128487
2020-04-16,300.4800,301.8500,289.2150,291.9400,2072827
2020-04-15,297.2100,299.3900,293.5600,295.9200,1799467
2020-04-14,297.0000,303.1400,289.2800,302.0900,2555754
2020-04-13,276.7600,284.5000,273.7600,283.5600,2319468
2020-04-09,276.0800,285.1200,274.6150,278.0600,2754183
2020-04-08,266.4400,276.4100,263.9050,274.0500,1768897
2020-04-07,277.0000,278.1000,255.2400,262.3500,3045021
2020-04-06,259.4900,272.2500,255.5112,269.9500,3213878
2020-04-03,258.8500,261.1600,246.6700,249.5700,2848806
2020-04-02,265.0000,272.6200,249.2453,259.0000,4416724
2020-04-01,274.3900,278.8000,268.6800,273.0700,2421273
2020-03-31,289.5900,296.1698,281.3100,286.5800,3393325
2020-03-30,277.7700,292.6950,275.2000,286.3900,2368644
2020-03-27,284.1300,284.1300,269.4600,274.0000,3075145
2020-03-26,269.6900,295.0000,267.9850,294.7300,3731021
2020-03-25,272.3500,278.9470,257.3200,264.6700,3088499
2020-03-24,275.5800,283.6000,268.5400,272.0000,3370871
2020-03-23,254.9000,260.3900,240.1600,255.3200,2822989
2020-03-20,276.0600,284.6800,252.2500,254.7000,3500388
2020-03-19,276.4600,290.0000,258.0100,277.6600,2791982
2020-03-18,266.0000,279.9400,238.9300,278.1600,4427001
2020-03-17,271.4100,302.9786,270.0200,287.4200,3908108
2020-03-16,251.0100,283.8440,250.0000,265.4300,3385939
2020-03-13,277.4100,288.5000,264.8400,287.6700,3037582
2020-03-12,270.0400,287.1344,261.6100,262.1200,3876897
2020-03-11,304.9800,310.2650,283.8100,290.6300,2908476
2020-03-10,302.3800,313.0000,291.6200,312.8000,3918986
2020-03-09,294.3900,306.8406,288.0000,292.0900,3434347
2020-03-06,319.3900,323.5100,300.8000,317.2400,4108534
2020-03-05,337.4900,343.0300,326.2700,329.3300,1959530
2020-03-04,336.7400,345.2150,331.6300,345.0700,1575354
2020-03-03,344.3900,350.7000,325.1303,329.6300,2952176
2020-03-02,333.8300,344.4800,326.3200,344.4000,2698382
2020-02-28,310.0000,327.0000,307.1000,326.0900,3202453
2020-02-27,323.6900,331.4300,317.7700,320.1000,2275578
2020-02-26,331.0000,342.5100,330.2500,334.2700,1616393
2020-02-25,338.5600,342.0800,327.5700,329.7200,1839212
2020-02-24,327.3400,336.5000,324.1900,333.5600,2016720
2020-02-21,350.4800,351.7500,338.7800,344.4800,2348646
2020-02-20,357.7200,361.9800,345.4100,352.9400,1948079
2020-02-19,358.7500,362.9500,357.4000,357.7200,1306818
2020-02-18,356.0000,358.7560,354.0400,357.4900,1288934
2020-02-14,353.6400,356.3200,350.8800,356.1600,1106141
2020-02-13,347.5000,357.0000,347.5000,351.8100,2488282
2020-02-12,345.0200,350.4300,339.5000,349.8000,1306511
2020-02-11,345.9600,346.1900,341.0400,343.5700,1194805
2020-02-10,340.7200,345.0000,338.9000,342.7700,1781885
2020-02-07,341.7100,345.7700,339.6900,341.0600,1677690
2020-02-06,340.0100,342.8200,334.0800,341.7000,1474367
2020-02-05,353.1700,355.9900,334.8100,338.5000,2851044
2020-02-04,346.0000,354.6438,344.5200,352.0300,2037916
2020-02-03,338.4100,344.7500,337.2450,343.2000,2119017
2020-01-31,339.5000,339.9100,332.8300,338.2300,2432830
2020-01-30,333.7300,343.8900,329.6500,341.6200,4945641
2020-01-29,315.5200,315.9800,311.0600,312.9300,2536892
2020-01-28,309.2900,315.2100,308.4000,314.0500,1543691
2020-01-27,300.4500,308.1800,298.0500,307.6300,1724654
2020-01-24,314.5800,318.8400,307.7800,309.3900,1789576
2020-01-23,313.0000,316.1800,310.9000,311.4600,1590862
2020-01-22,317.0300,317.2676,312.7500,312.8500,1769680
2020-01-21,312.0000,315.6000,311.1100,312.9800,2558574
2020-01-17,310.4400,312.7900,309.5600,312.5200,2114117
2020-01-16,306.0000,310.5000,305.3481,310.0200,2269365
2020-01-15,302.0000,307.7300,301.9000,304.8700,1486320
2020-01-14,303.8500,306.0000,301.3700,301.5000,1498222
2020-01-13,302.3500,305.8600,301.0000,303.8500,1643776
2020-01-10,300.7200,303.3900,297.4500,298.8800,1258528
2020-01-09,297.3000,299.7700,294.2250,299.3100,1403360
2020-01-08,294.5600,297.6900,293.2400,295.6500,1740780
2020-01-07,293.2200,294.5800,288.0300,292.9100,1438553
2020-01-06,285.1900,293.4100,284.6000,292.8700,1473975
2020-01-03,286.9000,293.0600,286.5000,291.1000,1135765
2020-01-02,284.9600,291.6800,284.2200,291.2400,1831130
2019-12-31,280.4100,283.8500,279.7900,282.3200,970352
2019-12-30,286.2800,286.4200,277.7500,282.8100,1406159
2019-12-27,288.0700,288.0700,284.1110,286.8800,997648
2019-12-26,284.7600,288.0800,284.7600,286.2000,945982
2019-12-24,283.9000,284.9200,282.5700,284.2000,305728
2019-12-23,283.0500,287.4400,281.7100,283.3100,1941613
2019-12-20,280.5200,282.8300,278.7634,282.6300,2301742
2019-12-19,277.4500,279.1100,275.3304,278.4800,1433613
2019-12-18,277.4300,280.1800,276.0950,277.4500,1272473
2019-12-17,279.9500,281.0250,274.3900,276.1400,1925406
2019-12-16,274.3300,281.8000,274.1100,281.7900,2082135
2019-12-13,265.6400,273.8000,263.9800,272.9800,1866854
2019-12-12,266.3600,268.5900,264.0800,265.6500,2222420
2019-12-11,266.0000,268.1900,263.5300,267.3000,1772890
2019-12-10,270.0000,272.4450,266.2000,266.7800,1460678
2019-12-09,271.7700,272.5950,269.6150,269.7000,1058175
2019-12-06,274.9000,275.3090,269.6200,272.0400,1871264
2019-12-05,273.0000,277.2500,271.8600,273.1300,1173907
2019-12-04,277.8700,278.0700,272.8000,273.8000,1852491
2019-12-03,271.7900,280.0000,271.0600,279.0100,2351379
2019-12-02,283.0000,283.0000,269.5000,277.3500,2339931
2019-11-29,280.9700,283.4900,280.1000,283.0400,879899
2019-11-27,279.5100,281.4900,277.8500,281.2800,1317876
2019-11-26,281.0000,281.1500,278.6200,278.8600,2361362
2019-11-25,280.0000,284.0000,278.4100,279.7500,3235572
2019-11-22,280.0000,280.8500,276.8900,279.9800,2152093
2019-11-21,282.3200,283.4700,277.7500,279.1200,4068806
2019-11-20,276.8800,284.2950,276.6500,283.0000,37860398
2019-11-19,277.2500,279.9000,272.5300,277.7400,9869106
2019-11-18,258.0000,268.4500,257.3000,266.3100,3176344
2019-11-15,255.5000,260.0400,254.2900,259.9600,2227680
2019-11-14,252.7700,255.4100,249.4700,253.8500,1805915
2019-11-13,250.9300,255.1100,249.0100,253.9400,1963294
2019-11-12,249.2900,253.4900,249.2000,252.5300,1888457
2019-11-11,247.3100,250.0000,245.8150,248.5500,1696632
2019-11-08,239.9200,249.2000,238.2900,248.4500,1942602
2019-11-07,242.0000,244.6500,239.8100,240.8900,1918786
2019-11-06,241.7500,242.7300,238.9700,241.3500,1372430
2019-11-05,245.8100,246.4000,239.1300,241.8600,2217424
2019-11-04,254.4900,255.5750,245.0500,245.8000,1808508
2019-11-01,248.9400,256.1600,247.4100,253.0300,2481158
2019-10-31,249.9600,250.8100,244.0100,247.2600,1454744
2019-10-30,243.3400,250.2400,239.0250,249.9500,1910110
2019-10-29,243.9900,248.9900,240.8200,241.0400,1871104
2019-10-28,243.4000,246.2800,240.0007,244.7000,3476838
2019-10-25,237.7700,241.5000,234.0600,241.2200,3337892
2019-10-24,236.5600,243.8200,232.2500,237.7800,9395730
2019-10-23,216.3000,225.7300,213.9900,220.0100,12271946
2019-10-22,241.9100,242.4500,225.0000,228.3400,8209392
2019-10-21,245.0900,245.8073,239.1000,240.9000,3841388
2019-10-18,253.9700,257.5100,240.6200,243.0000,4424288
2019-10-17,258.2900,259.0600,252.0500,254.3100,2211831
2019-10-16,258.9300,260.7500,249.1000,254.6000,4726266
2019-10-15,270.4400,276.5000,270.0000,274.2400,1774412
2019-10-14,270.0700,271.2193,267.8600,269.4400,1359582
2019-10-11,268.0600,273.9600,266.3100,270.3300,1751473
2019-10-10,260.0200,264.6750,259.1000,263.1800,776930
2019-10-09,260.8400,263.5200,259.4800,262.0200,842231
2019-10-08,266.0000,268.3700,257.9800,258.1300,1163222
2019-10-07,266.2300,270.5000,266.2300,268.1500,2005872
2019-10-04,260.2300,267.2200,259.5800,266.4800,1915057
2019-10-03,247.7700,258.5600,244.2900,257.3700,1680394
2019-10-02,249.0600,250.7600,243.5400,246.8500,1794633
2019-10-01,255.3200,256.1200,249.7100,250.1300,1711687
2019-09-30,252.2000,254.8000,249.5100,253.8500,1215258
2019-09-27,258.9200,259.4900,245.2700,250.2600,2286890
2019-09-26,259.3900,259.6540,255.2350,257.9900,951562
2019-09-25,257.5000,259.6400,248.6700,259.3800,2566392
2019-09-24,267.0000,268.3300,256.1004,257.5000,1520618
2019-09-23,272.4700,273.6321,266.9600,267.0000,1235006
2019-09-20,269.4700,271.3900,266.5900,271.1700,2139645
2019-09-19,265.4500,269.1800,262.5000,268.7400,1493413
2019-09-18,266.6900,266.9000,259.7700,265.8500,1456014
2019-09-17,263.3600,268.0000,260.7400,264.0500,1272991
2019-09-16,251.0000,261.2400,250.0000,261.1500,1180102
2019-09-13,255.3750,256.3799,251.0000,251.9600,1520077
2019-09-12,256.6000,259.6600,255.5200,256.8100,1813914
2019-09-11,252.6300,259.0650,251.0200,253.6700,1487084
2019-09-10,250.4700,255.6650,246.5000,253.1800,2525654
2019-09-09,264.0000,265.8400,250.0000,254.6800,2922137
2019-09-06,269.9000,270.5600,262.4700,263.5000,1400657
2019-09-05,270.3200,273.1600,260.6015,269.6200,2145685
2019-09-04,265.7200,270.1400,265.2500,268.5200,1201118
2019-09-03,264.0900,265.5600,261.0000,263.3800,1426123
2019-08-30,265.9100,266.5800,256.6500,261.8400,1500242
2019-08-29,263.8600,265.9450,260.5999,264.7900,1090424
2019-08-28,261.7700,263.3100,258.2200,260.3200,1659300
2019-08-27,269.0200,269.6000,261.9400,266.2100,1489888
2019-08-26,265.0000,266.8700,262.3100,266.5700,849645
2019-08-23,266.3700,274.5600,261.8150,263.0700,2614890
2019-08-22,266.5000,267.9500,262.2800,264.6400,1272884
2019-08-21,262.0000,267.8400,260.2400,265.7800,1903322
2019-08-20,255.5000,257.6050,252.5800,255.2800,1354128
2019-08-19,260.0000,261.5850,254.6350,255.5100,1812511
2019-08-16,255.9100,259.9000,254.8733,256.9100,1506655
2019-08-15,252.0000,254.9100,250.1901,252.2900,1778779
2019-08-14,258.3400,259.8725,251.6900,252.3100,1776312
2019-08-13,258.0000,263.5700,257.3500,262.1900,1612516
2019-08-12,261.3000,263.1200,257.7500,258.5600,1043311
2019-08-09,267.2500,268.0000,262.7400,263.8200,899494
2019-08-08,262.0100,267.7300,261.3800,267.1100,1644566
2019-08-07,259.6600,264.9500,257.0000,260.6900,1291494
2019-08-06,261.6600,265.0000,257.3500,261.7100,1722800
2019-08-05,255.0100,262.5400,251.8987,256.8100,3590439
2019-08-02,272.9500,273.1100,261.8800,265.8600,2437838
2019-08-01,277.3800,281.7200,271.1200,274.0000,2759004
2019-07-31,281.7100,282.5018,272.6100,277.3900,2097589
2019-07-30,284.2800,286.3900,280.9700,281.0000,1556918
2019-07-29,289.3400,290.0000,275.5900,285.8400,3271845
2019-07-26,288.3700,290.1946,285.7500,289.3300,1711655
2019-07-25,288.5000,290.7500,279.6900,285.7300,4531985
2019-07-24,291.7200,297.6100,290.5000,297.2100,2766165
2019-07-23,295.0200,295.0200,287.6400,291.0100,1606663
2019-07-22,293.4000,294.9700,289.6200,293.8100,1963775
2019-07-19,298.0500,299.2000,288.4550,289.7400,1395967
2019-07-18,296.3200,298.4900,294.0317,294.6800,1100343
2019-07-17,295.5000,300.1600,294.5050,296.5600,865745
2019-07-16,300.0000,301.3000,294.2025,295.5000,1161742
2019-07-15,302.0000,302.4100,297.8750,301.1000,729993
2019-07-12,302.3000,303.1700,296.1055,301.1300,963860
2019-07-11,300.4100,302.6250,299.4600,302.3100,886711
2019-07-10,299.6100,302.9900,298.3100,298.7500,1209358
2019-07-09,291.4100,299.1200,290.6300,298.0200,1655993
2019-07-08,293.6500,293.7800,289.6500,293.0000,1268819
2019-07-05,291.0000,294.6200,288.5500,294.5300,1005120
2019-07-03,289.9000,294.2250,289.9000,293.1500,1116101
2019-07-02,283.3100,289.3200,283.1450,288.3100,1946367
2019-07-01,281.9900,284.3350,279.4900,283.5100,1742347
2019-06-28,277.8100,280.1900,274.5700,274.5700,4160801
2019-06-27,277.3700,280.8250,276.2100,278.5100,1143981
2019-06-26,278.7800,285.2000,273.8600,275.3400,1310405
2019-06-25,283.1500,283.1500,273.0600,275.3600,1587230
2019-06-24,287.8700,288.3800,280.9410,282.5000,1542447
2019-06-21,287.5200,290.8400,285.6500,285.7400,1645355
2019-06-20,290.2400,292.9800,286.4300,288.8000,1732898
2019-06-19,284.2100,285.8300,281.0500,285.5100,1481824
2019-06-18,278.3200,285.0300,278.3200,282.6400,2009950
2019-06-17,273.7000,276.3800,271.7200,274.5600,988358
2019-06-14,273.7300,275.6100,270.0500,272.2500,1015489
2019-06-13,268.6000,274.0900,268.6000,273.7900,1181355
2019-06-12,266.0000,270.3446,264.3345,267.8800,977790
2019-06-11,279.8600,279.8600,263.9500,266.2900,1466980
2019-06-10,279.3600,280.5550,275.6100,275.8700,1248781
2019-06-07,270.9900,276.6871,270.9900,274.5500,1692525
2019-06-06,263.2400,269.6750,261.8200,268.4900,950396
2019-06-05,262.3700,263.8800,256.3000,263.2500,1827129
2019-06-04,251.1400,258.0700,247.5100,257.5500,1522561
2019-06-03,262.0000,263.2900,246.0200,248.3800,2822308
2019-05-31,259.3100,265.4400,257.5000,261.9300,1219378
2019-05-30,265.4100,265.4100,261.2100,262.6000,1304939
2019-05-29,263.9000,268.3200,261.5100,264.1900,1127636
2019-05-28,269.0800,272.1200,264.7350,266.6500,1444906
2019-05-24,266.7500,269.4350,265.0529,268.9500,1181793
2019-05-23,270.0600,270.8700,263.8800,264.7900,1458468
2019-05-22,270.0700,276.5000,269.8300,273.3900,775887
2019-05-21,269.7100,273.0000,267.7500,271.2100,1078856
2019-05-20,266.9600,270.5000,263.5400,265.0800,2414579
2019-05-17,275.7100,277.3206,271.6200,272.9900,1721834
2019-05-16,275.0000,281.7400,274.2100,277.9600,4212990
2019-05-15,270.0000,276.4250,269.5350,273.9600,1283895
2019-05-14,263.2200,272.9300,263.2200,272.0700,2046856
2019-05-13,266.8800,271.1600,259.2700,260.1200,2776009
2019-05-10,268.5000,275.1984,266.5000,274.9000,1754438
2019-05-09,262.3500,271.8000,260.2800,270.4900,1709861
2019-05-08,264.0000,268.3900,260.8300,265.9800,1262951
2019-05-07,267.0000,268.9000,260.0501,264.8100,1565569
2019-05-06,260.5000,270.9700,257.5000,269.7500,1255370
2019-05-03,265.6800,269.3100,264.2600,268.5200,1653027
2019-05-02,264.8600,269.9900,260.3500,262.6700,3211755
2019-05-01,273.1600,273.1600,268.3100,270.4000,1528715
2019-04-30,271.0000,273.8200,268.7300,271.5100,1522717
2019-04-29,267.1000,273.4700,267.1000,271.6900,2026177
2019-04-26,260.0000,267.8350,257.0900,267.0800,2216689
2019-04-25,261.0200,269.2650,258.1800,260.6900,4777382
2019-04-24,245.0000,245.3800,241.0550,242.7000,2720016
2019-04-23,243.2500,247.3350,241.1000,243.5500,2057986
2019-04-22,236.0200,243.5700,236.0000,242.6400,1251362
2019-04-18,234.4000,238.9200,232.1400,237.4000,2936829
2019-04-17,241.7200,242.0000,234.3209,236.2300,2485805
2019-04-16,245.8900,246.1231,238.8500,239.8100,1130823
2019-04-15,244.0700,246.4000,242.4400,243.7900,1298992
2019-04-12,247.0000,247.7400,243.7431,244.3000,997494
2019-04-11,243.6400,246.1900,242.1100,245.7700,1042847
2019-04-10,240.5000,245.5800,240.0200,243.6600,1241529
2019-04-09,235.1300,240.2800,235.1300,238.7600,1360800
2019-04-08,236.4000,239.3800,233.5060,237.2100,1447973
2019-04-05,238.6400,240.0893,235.2600,236.9800,1177136
2019-04-04,246.3500,246.3900,230.1401,237.0300,2942432
2019-04-03,248.9000,248.9000,244.2900,247.1400,1046788
2019-04-02,245.7500,247.0200,242.8000,246.8200,1480318
2019-04-01,249.9900,250.3500,243.8000,245.7300,1813403
2019-03-29,246.5000,247.1300,243.3600,246.4900,1389909
2019-03-28,243.7300,245.8450,240.7300,243.3300,1169524
2019-03-27,244.8200,244.8200,235.6000,241.3700,1578780
2019-03-26,245.0400,247.2386,243.2000,245.0000,1351129
2019-03-25,238.7900,243.0100,236.6200,241.7000,1553187
2019-03-22,249.0000,250.5000,241.0700,241.2100,2014939
2019-03-21,243.7200,251.6500,243.7200,250.9500,1532092
2019-03-20,243.0000,247.2800,239.8000,244.5900,1210830
2019-03-19,242.2600,244.1300,240.3500,241.9600,2191300
2019-03-18,242.5300,245.9600,240.1400,240.9800,2411556
2019-03-15,241.3700,243.2400,240.2000,241.8900,2053750
2019-03-14,244.0500,244.6300,241.3000,241.5900,1946816
2019-03-13,240.5600,243.4200,239.5500,240.3900,1885543
2019-03-12,240.1500,241.0200,236.7800,238.7100,1693734
2019-03-11,235.5100,240.0900,235.1300,239.8600,1991927
2019-03-08,229.3000,234.0300,226.7082,233.9500,1527596
2019-03-07,232.3700,236.8150,231.1100,233.3700,1577382
2019-03-06,235.4500,237.4500,231.7900,233.1100,1214816
2019-03-05,237.5700,237.5700,232.0300,236.0000,1940199
2019-03-04,244.6000,245.3300,228.6700,236.9700,4415462
2019-03-01,242.3100,244.3500,239.2900,243.5200,2055906
2019-02-28,240.1700,241.4400,237.7400,239.4400,1892920
2019-02-27,235.8000,240.8600,235.3324,240.3100,2214216
2019-02-26,235.8400,236.9400,233.4500,236.2100,1184247
2019-02-25,237.5000,239.4500,235.5900,237.0000,1612071
2019-02-22,230.3200,236.1459,230.3200,235.0000,1980879
2019-02-21,228.7100,231.2400,226.5100,230.0100,1317621
2019-02-20,235.0000,235.4900,227.8500,229.5000,2347040
2019-02-19,233.4900,235.4600,232.0000,234.5800,1434465
2019-02-15,235.0000,236.6950,232.3967,234.8900,1425851
2019-02-14,231.4400,235.8400,230.7600,234.0300,1304723
2019-02-13,235.0000,237.4900,231.6450,231.9700,1677609
2019-02-12,230.6100,236.8100,230.5000,234.6500,2366211
2019-02-11,229.8900,232.2500,227.0720,229.0100,1936423
2019-02-08,225.4000,228.7900,222.6700,228.5600,1603787
2019-02-07,224.0600,228.0390,222.1200,226.9600,1479502
2019-02-06,228.0000,229.5000,223.3000,225.5600,1662886
2019-02-05,226.0000,229.4000,225.3700,228.3500,1904866
2019-02-04,220.8300,225.8800,220.1000,225.1400,3599742
2019-02-01,218.5800,221.8400,216.8000,221.5100,3552072
2019-01-31,211.3600,228.4100,209.9900,220.0200,11199653
2019-01-30,187.1900,194.2100,187.0100,194.0000,4251489
2019-01-29,188.1800,188.8200,184.0050,184.8200,1633529
2019-01-28,188.0500,190.1600,186.5000,187.9400,1930434
2019-01-25,187.6100,191.2700,187.3600,191.0800,1425820
2019-01-24,184.2500,187.4700,182.4600,185.7000,1351823
2019-01-23,187.5200,189.8200,182.9100,183.9600,1585345
2019-01-22,187.7800,189.6800,184.7841,185.7000,1506437
2019-01-18,189.7300,191.4500,186.6300,190.0900,1930631
2019-01-17,186.8300,189.4400,185.2200,186.5300,2149356
2019-01-16,189.5200,192.7900,187.4500,189.5900,1451021
2019-01-15,189.4500,190.3200,187.5800,188.3500,2517852
2019-01-14,187.8700,191.0800,186.9300,188.4000,1811133
2019-01-11,188.1000,191.9500,186.0600,191.6900,1646015
2019-01-10,188.9000,190.9400,187.5500,190.0000,1637774
2019-01-09,185.2600,191.2900,185.2600,190.4700,2095992
2019-01-08,189.7500,191.6500,184.5600,188.1100,1609200
2019-01-07,180.7500,188.0000,179.4000,186.6700,1825065
2019-01-04,173.0100,181.4900,171.6600,179.2300,2195880
2019-01-03,175.1200,177.9900,168.4700,169.1200,2469242
2019-01-02,174.1200,180.4500,172.4600,178.3200,2561533
2018-12-31,182.9200,183.2700,176.8000,178.0500,1655474
2018-12-28,179.6100,184.0876,175.6800,180.3300,2442132
2018-12-27,166.8700,178.2400,166.4981,178.2000,2937547
2018-12-26,159.6800,169.6700,159.6800,169.5100,3050858
2018-12-24,159.0200,163.8100,158.0000,158.9200,896420
2018-12-21,170.0200,170.4900,160.4400,162.0000,2799684
2018-12-20,171.8400,174.8100,160.0000,169.9200,3198433
2018-12-19,174.6400,181.1400,171.1300,174.0400,2139953
2018-12-18,173.4200,175.6200,170.7200,173.5700,1682504
2018-12-17,180.0100,180.0100,170.5200,171.4700,2315693
2018-12-14,184.5400,187.6250,181.4600,181.9800,1663482
2018-12-13,189.4000,190.7600,185.3500,188.1500,1443744
2018-12-12,187.0000,191.3550,185.9600,187.6400,2289669
2018-12-11,189.1600,189.1900,181.7200,183.4200,2224662
2018-12-10,181.0000,187.7700,181.0000,184.9000,1567485
2018-12-07,186.9400,189.6700,179.2550,182.3800,1749149
2018-12-06,175.8200,187.8000,174.0000,187.6000,2678540
2018-12-04,185.5900,188.6750,178.2200,180.8500,2544543
2018-12-03,192.0500,192.1600,184.6000,188.0900,2407998
2018-11-30,179.6400,186.2700,178.5200,185.2700,3144550
2018-11-29,176.2400,181.8100,175.3500,179.1000,1743534
2018-11-28,171.2500,178.3600,170.4118,177.8700,3112176
2018-11-27,164.6000,166.7550,162.1100,165.7400,1491059
2018-11-26,164.0900,168.2700,160.7050,167.2600,1746590
2018-11-23,156.5700,161.7400,156.5000,160.6300,577571
2018-11-21,160.2200,163.0000,157.6400,159.1400,1821674
2018-11-20,148.9900,161.2850,147.6300,157.2400,4098242
2018-11-19,169.5600,169.8550,156.0900,156.8000,3194725
2018-11-16,170.7300,173.8799,169.2495,171.0900,1109276
2018-11-15,166.6700,173.5500,166.6300,172.9700,1602489
2018-11-14,171.2600,172.6700,166.8500,167.3800,1443128
2018-11-13,174.3500,174.8699,167.0800,168.6700,2144228
2018-11-12,175.2000,176.9900,166.5200,172.3700,2667095
2018-11-09,184.2300,184.2300,173.9100,177.5900,2205981
2018-11-08,190.0000,191.5800,185.1800,186.1600,1784452
2018-11-07,182.3500,194.0400,180.7800,190.8300,2994478
2018-11-06,179.5000,182.4800,176.2600,177.3700,1185119
2018-11-05,178.9800,180.7300,176.7100,180.4100,1387545
2018-11-02,184.8700,186.3500,178.3600,178.7800,1527055
2018-11-01,181.0300,184.3150,177.0581,183.7300,1538491
2018-10-31,174.3100,185.1200,174.3100,181.0400,4013052
2018-10-30,160.0000,169.0000,157.6000,168.5000,3131324
2018-10-29,172.0900,173.5000,160.6600,164.2300,2537766
2018-10-26,164.2400,172.1600,162.4300,166.7600,3125248
2018-10-25,173.4000,175.0000,162.1800,172.6300,5153591
2018-10-24,181.7800,183.7800,169.6500,170.2100,3793871
2018-10-23,174.2000,184.6600,172.8500,181.7800,3025079
2018-10-22,178.9100,180.9486,174.3777,178.8400,2732277
2018-10-19,186.4600,187.6499,176.6600,177.1500,2259905
2018-10-18,189.1400,191.5400,182.0200,185.1800,2237743
2018-10-17,193.1100,193.1950,188.4328,190.2600,1910278
2018-10-16,185.2100,193.3500,184.6600,192.7200,2794834
2018-10-15,184.1600,184.2500,179.6200,180.9100,1462728
2018-10-12,182.3200,188.0700,180.2900,184.4500,2940164
2018-10-11,172.8500,178.2100,172.1400,174.9700,3509483
2018-10-10,180.4500,180.8300,171.8100,172.1400,3543719
2018-10-09,179.9000,187.2900,179.1100,181.4100,2397938
2018-10-08,184.3900,185.8100,177.2700,180.2600,2625632
2018-10-05,187.1100,190.1200,181.6500,186.6000,2244986
2018-10-04,195.4900,195.5000,184.6200,187.4400,3489058
2018-10-03,194.2800,198.3100,192.2600,196.2000,1582398
2018-10-02,195.7200,195.9700,192.3300,192.9000,1317009
2018-10-01,197.2500,199.2300,193.6300,194.6100,1338548
2018-09-28,194.5800,197.8000,194.5500,195.6300,1205036
2018-09-27,196.0500,197.5000,193.8100,195.0800,1119744
2018-09-26,197.6100,198.8850,194.6900,195.7100,1332257
2018-09-25,194.2800,198.4700,193.9400,197.6100,2105989
2018-09-24,187.6300,194.0700,185.6700,193.1200,2064799
2018-09-21,188.3700,190.5700,187.8000,189.6900,2880737
2018-09-20,187.0000,188.9400,184.2500,187.3500,2883788
2018-09-19,191.5000,192.6100,182.7300,186.0000,3930021
2018-09-18,193.0200,195.7800,191.5500,191.8800,2295516
2018-09-17,201.8800,201.9500,192.6500,192.8200,2313416
2018-09-14,204.1200,205.3400,202.1500,202.9700,1225542
2018-09-13,204.0000,206.2950,203.0600,204.5800,1472569
2018-09-12,199.8400,203.3400,195.2900,202.7700,1605323
2018-09-11,198.0000,202.7200,197.2450,199.5000,1765007
2018-09-10,199.8800,199.8800,195.5000,199.0100,2147656
2018-09-07,192.9400,198.5000,191.3300,196.9800,1631700
2018-09-06,191.9200,194.3300,189.2400,193.1800,1841253
2018-09-05,200.0000,200.0000,188.3000,190.7600,2704839
2018-09-04,195.9500,200.6600,195.3000,200.2600,1692779
2018-08-31,198.0000,199.4400,195.3700,196.3600,1225288
2018-08-30,199.5000,200.0395,196.4600,198.4500,1805219
2018-08-29,194.2700,201.0000,194.2700,200.2300,2994780
2018-08-28,193.7800,194.7700,191.5200,194.2600,1187034
2018-08-27,194.0000,196.6300,192.2200,193.2500,1711590
2018-08-24,186.1100,194.7500,185.2800,193.5600,2765012
2018-08-23,182.1700,186.2300,181.8000,184.8500,1521247
2018-08-22,181.4800,183.6400,181.1200,182.4100,2050176
2018-08-21,182.4000,184.8300,181.8200,182.1000,1555113
2018-08-20,180.1700,181.9200,179.1450,181.3600,1661660
2018-08-17,182.0000,183.1596,178.8000,180.8300,1656028
2018-08-16,184.3500,184.5200,181.7600,182.0300,749925
2018-08-15,184.1700,187.4400,180.6100,182.7300,1261076
2018-08-14,186.1000,186.8700,181.7600,184.4900,1286691
2018-08-13,187.0100,189.1700,184.8405,185.0200,872396
2018-08-10,186.3600,190.0000,185.4539,187.4700,829822
2018-08-09,186.8100,190.6300,186.2000,188.3400,1210665
2018-08-08,185.3000,187.2200,182.3600,186.1300,842576
2018-08-07,185.0000,187.0300,184.2000,185.7400,1048122
2018-08-06,181.1200,184.9400,181.1200,184.6600,1146988
2018-08-03,183.5900,183.6450,178.7500,180.8800,1281876
2018-08-02,177.0000,183.0606,176.7900,182.8400,1833168
2018-08-01,176.5900,180.6200,176.0000,177.9400,1977146
2018-07-31,179.2500,179.9900,174.3458,175.9600,3062879
2018-07-30,184.0000,184.9500,178.5600,178.8100,2439361
2018-07-27,192.0300,192.4800,178.3500,183.9500,3287040
2018-07-26,181.5000,194.6700,181.5000,192.3200,3787884
2018-07-25,184.5700,187.3260,183.3600,183.8600,3695654
2018-07-24,191.9300,192.1800,183.4378,184.9100,2743777
2018-07-23,190.1800,191.3500,186.5800,190.5000,1637454
2018-07-20,191.0100,193.5600,190.5000,191.0800,1439825
2018-07-19,191.5300,192.7336,189.4800,190.0400,953185
2018-07-18,192.0000,194.0200,190.1105,192.0100,1540358
2018-07-17,186.9500,191.6700,184.2250,191.2000,1337268
2018-07-16,191.9600,192.0000,188.3000,189.0800,1309543
2018-07-13,193.2900,193.9800,189.2400,191.0600,1896514
2018-07-12,188.8300,194.8100,188.7400,194.6600,2212307
2018-07-11,183.3700,188.1800,183.3700,187.1800,1371008
2018-07-10,185.2300,186.4800,183.3900,185.6000,1221448
2018-07-09,183.2300,185.2600,181.1000,184.8500,1493500
2018-07-06,179.4000,183.2840,178.6400,182.1600,785755
2018-07-05,178.1900,180.4500,177.8300,179.4300,1240581
2018-07-03,178.0300,179.3500,176.5700,177.1900,757112
2018-07-02,171.6100,177.6900,170.3937,177.6000,1680055
2018-06-29,174.0000,175.2500,171.5600,172.4700,1053108
2018-06-28,167.8400,173.8000,167.5000,172.4100,1489599
2018-06-27,172.2100,175.7400,167.3572,167.9700,1942671
2018-06-26,172.0900,174.1400,170.0700,170.8500,1506294
2018-06-25,174.4300,175.0000,169.4600,171.3900,1923363
2018-06-22,178.5800,178.5800,172.5100,176.7000,2415815
2018-06-21,185.0000,186.5699,179.9410,180.2700,1299879
2018-06-20,185.0000,188.5900,184.4700,184.7600,1718690
2018-06-19,183.5800,184.2500,179.3100,183.6100,1503595
2018-06-18,185.3600,186.7100,183.0000,186.4100,1399365
2018-06-15,184.9700,186.5900,181.2500,186.3500,1717372
2018-06-14,182.5900,187.2300,182.5100,185.3400,2617416
2018-06-13,183.2300,183.9500,179.4500,181.2300,1395845
2018-06-12,180.5600,182.5500,179.8100,181.8400,1420470
2018-06-11,178.4600,180.5000,177.0500,180.0800,1191317
2018-06-08,177.7000,180.0200,176.2200,178.1900,2018057
2018-06-07,187.0000,187.0000,174.3200,177.4500,2853441
2018-06-06,186.5600,187.3890,185.3600,186.4200,1410168
2018-06-05,184.1900,186.9500,184.0250,186.0900,1525731
2018-06-04,182.5700,184.4700,181.2100,183.5000,1541626
2018-06-01,179.0600,181.5700,177.3000,181.5100,1276875
2018-05-31,178.1100,181.4100,177.2000,177.6100,2002580
2018-05-30,177.3200,179.8500,176.0100,178.4700,2221898
2018-05-29,176.0000,177.3800,174.6100,176.3000,1407024
2018-05-25,175.1900,177.4900,174.7087,176.7200,1341097
2018-05-24,174.0700,176.7200,172.9200,175.5200,1551407
2018-05-23,168.7000,174.0700,168.7000,173.9600,1232464
2018-05-22,172.2100,172.8400,168.0800,170.2600,1192666
2018-05-21,175.2700,177.3700,170.5800,171.4500,1083599
2018-05-18,171.7600,174.5600,171.5000,173.9400,1191477
2018-05-17,171.1300,171.9400,169.2500,171.7100,1444282
2018-05-16,173.0100,174.0000,170.0200,171.1500,1606214
2018-05-15,171.9800,174.5450,168.7900,173.4200,1748974
2018-05-14,178.8600,179.5000,173.4900,173.7300,1806350
2018-05-11,179.2200,180.0400,177.3100,178.8700,1527400
2018-05-10,181.1300,182.5850,178.5400,178.9800,3081662
2018-05-09,177.2700,180.9800,175.8300,180.0400,2229139
2018-05-08,172.6100,176.1300,170.7318,176.0300,3157416
2018-05-07,172.0900,176.8900,171.8400,176.0200,2163618
2018-05-04,168.7000,173.0900,167.4600,171.2200,1842829
2018-05-03,165.7900,169.5400,164.9200,168.7300,1945124
2018-05-02,164.5600,167.9100,164.1900,165.5000,1253441
2018-05-01,165.3600,166.7400,163.2700,165.4200,1419732
2018-04-30,163.1800,166.9100,163.1800,166.1400,1890561
2018-04-27,166.7800,167.1000,160.3700,163.1800,2240268
2018-04-26,160.0000,167.6100,156.1800,165.1600,3801532
2018-04-25,162.4500,162.7900,157.2500,158.0000,4104176
2018-04-24,169.1900,169.6123,158.1710,160.6600,3176260
2018-04-23,169.9200,170.2300,166.6200,167.5100,1926393
2018-04-20,171.6900,172.5500,167.9300,168.9000,1861129
2018-04-19,173.2900,174.3600,170.8850,172.9900,1525537
2018-04-18,175.3900,175.5399,171.2100,174.3000,1658877
2018-04-17,171.0000,175.0300,171.0000,174.5400,1700891
2018-04-16,168.5100,170.7200,167.2700,169.4500,1245694
2018-04-13,170.0800,171.3000,164.7889,166.9000,1342027
2018-04-12,166.7300,170.1700,166.5400,168.5700,1554897
2018-04-11,165.0800,168.2400,164.4700,166.5000,2252560
2018-04-10,166.2500,167.4300,162.1300,166.5800,1834153
2018-04-09,164.5600,166.3450,162.6500,162.8900,1237168
2018-04-06,163.9600,166.8800,161.2400,162.9400,1177504
2018-04-05,166.7800,168.1600,164.6210,165.7700,1762687
2018-04-04,156.5000,164.9900,156.0000,164.6900,2060439
2018-04-03,166.6000,167.9700,160.0700,161.7700,1817910
2018-04-02,164.4400,165.8450,159.2400,161.6200,1900288
2018-03-29,161.6000,167.4600,160.2700,165.4500,2261497
2018-03-28,163.0000,164.0150,157.1600,159.6800,3079129
2018-03-27,173.2100,173.3800,161.3600,162.8200,1921964
2018-03-26,168.5500,172.0400,167.8150,171.4500,2042313
2018-03-23,168.9800,170.6300,164.5200,164.7700,1992644
2018-03-22,171.3400,172.8300,168.0000,168.7600,1617841
2018-03-21,171.9900,176.1950,171.5000,173.1900,1900398
2018-03-20,169.8700,173.3702,169.2300,172.1100,3001142
2018-03-19,169.8000,172.7799,167.4200,169.8100,1974789
2018-03-16,174.8200,175.0000,169.0700,169.9800,2435511
2018-03-15,175.9600,176.0000,170.9100,173.8300,1657247
2018-03-14,175.3700,176.5600,173.4900,175.3400,1401033
2018-03-13,175.9900,175.9900,172.1700,173.9600,1841745
2018-03-12,172.7600,175.9000,171.5600,174.4300,2119374
2018-03-09,174.3400,174.9900,172.4600,172.7600,2359493
2018-03-08,174.6800,175.6500,172.4000,172.9900,1834450
2018-03-07,169.4500,174.1900,169.3800,173.0600,1654484
2018-03-06,169.4000,171.9100,168.4100,171.0700,2734991
2018-03-05,164.7600,169.1875,163.8100,168.3000,2047064
2018-03-02,158.6500,167.1000,157.5250,166.6700,2189762
2018-03-01,162.6200,164.2600,157.8750,159.5700,2001857
2018-02-28,163.2700,165.6800,160.8650,161.0100,1925866
2018-02-27,161.2700,164.2350,160.7500,163.3400,1994189
2018-02-26,160.8000,162.6400,159.6600,160.5700,1196196
2018-02-23,156.8600,160.6300,156.8600,160.4000,1023579
2018-02-22,157.7800,159.3100,155.6930,156.0500,1169008
2018-02-21,156.3600,160.7300,156.3100,157.5800,1923961
2018-02-20,152.9000,158.1300,152.0300,156.7600,1747328
2018-02-16,151.9300,156.1900,151.1800,154.0300,1896261
2018-02-15,148.9500,152.7900,147.8000,152.5400,1874653
2018-02-14,147.2700,149.0000,146.3000,147.7400,1833825
2018-02-13,146.0400,148.3200,145.5700,147.5500,1431477
2018-02-12,146.9700,148.6250,145.2350,147.2400,1614792
2018-02-09,142.1400,146.7650,137.6000,145.1600,2736725
2018-02-08,153.0000,153.5000,140.1000,140.1000,3730719
2018-02-07,148.6200,154.0300,148.0700,153.1700,2388408
2018-02-06,144.9100,149.3790,143.4900,149.0200,2963097
2018-02-05,147.2900,157.0000,145.4300,147.3900,3779298
2018-02-02,150.5100,151.9400,147.3300,149.7600,2826675
2018-02-01,151.7600,156.5450,151.3300,152.8100,4228869
2018-01-31,148.6800,150.1000,147.7600,148.8700,2807555
2018-01-30,146.0700,147.4400,145.6300,146.5900,2369501
2018-01-29,149.5900,150.8500,146.8300,147.0900,2413893
2018-01-26,147.1600,149.8200,146.3800,149.7400,1472411
2018-01-25,146.8900,146.9000,145.4200,145.5400,1220738
2018-01-24,144.4200,146.6700,144.3700,145.4400,1432494
2018-01-23,144.5900,144.9900,143.5600,144.4300,1367782
2018-01-22,142.3300,144.0800,141.7550,143.9000,1377428
2018-01-19,141.2300,142.5200,141.0200,142.2700,1594352
2018-01-18,140.7500,141.4800,140.0000,141.1300,1266903
2018-01-17,140.8300,140.9300,139.0000,140.7900,1755023
2018-01-16,141.3200,141.6600,139.2100,139.7900,3143115
2018-01-12,137.6400,139.0600,137.0800,138.1900,1193888
2018-01-11,136.5900,137.7800,136.2400,137.5800,1515722
2018-01-10,134.9600,136.4100,134.3625,136.2300,1793797
2018-01-09,135.6500,136.4000,134.6200,135.4500,1206837
2018-01-08,135.0500,136.0900,134.8700,135.3000,1337234
2018-01-05,134.9500,135.1300,133.9000,135.0100,1177274
2018-01-04,133.8800,135.0900,133.7800,133.8500,1361877
2018-01-03,132.0000,133.2500,131.7400,132.9100,1568172
2018-01-02,131.0000,132.3500,130.1400,131.7300,1282712
2017-12-29,130.5400,131.2600,130.1700,130.3900,664422
2017-12-28,130.8000,130.9000,129.6400,130.6900,973350
2017-12-27,129.5400,130.8800,129.0500,130.2600,795216
2017-12-26,128.9600,129.9100,128.2250,129.3200,745677
2017-12-22,128.4200,129.3300,127.8400,129.1900,1070634
2017-12-21,129.1600,129.7350,128.5100,128.9700,1638194
2017-12-20,130.2400,130.5100,128.1100,129.0000,1513197
2017-12-19,130.4000,130.6600,128.7100,129.9600,2297485
2017-12-18,130.5900,131.1100,130.1700,130.6900,2250667
2017-12-15,126.8050,129.5200,125.8700,129.5000,1882781
2017-12-14,123.9850,126.2100,123.6201,126.1700,1887382
2017-12-13,121.6600,123.5100,121.6600,123.3700,1421039
2017-12-12,122.6400,123.1475,120.1600,121.0100,2216744
2017-12-11,122.4100,123.6600,122.2500,123.0900,2546823
2017-12-08,122.1000,123.8700,121.5300,121.8100,1012394
2017-12-07,117.8400,121.3900,117.3600,121.0000,1816981
2017-12-06,115.4700,118.1600,114.8101,117.7600,1644530
2017-12-05,113.1400,119.3800,112.8401,116.2000,2203309
2017-12-04,123.6000,123.6650,113.3301,113.6200,3975155
2017-12-01,122.5500,123.8100,121.0400,122.6600,1239777
2017-11-30,120.9800,123.7100,120.1500,123.0000,1607489
2017-11-29,125.8600,126.7300,120.3600,120.5900,2708807
2017-11-28,127.0300,127.0300,125.3000,126.6300,1103420
2017-11-27,128.5000,128.7600,126.5400,126.9900,828523
2017-11-24,128.0800,128.8000,128.0000,128.3000,506163
2017-11-22,127.9200,128.8700,127.2900,127.4500,530199
2017-11-21,128.1800,130.0500,127.8300,128.0700,1756289
2017-11-20,127.5300,129.4800,127.4800,127.6700,999146
2017-11-17,125.8400,127.6300,125.4100,127.5400,1124372
2017-11-16,123.5700,126.3682,123.5100,125.7200,1150506
2017-11-15,123.4600,124.9000,122.0100,123.3200,622242
2017-11-14,124.8600,125.2000,123.7300,124.4800,954194
2017-11-13,124.6000,125.2300,123.4400,125.0300,893788
2017-11-10,125.1500,126.3000,125.0500,125.9800,958477
2017-11-09,127.4000,127.4000,124.1000,125.5500,909172
2017-11-08,124.4200,127.9500,124.3000,127.6200,1639849
2017-11-07,125.0000,125.8400,123.7400,125.5300,1031121
2017-11-06,125.5000,125.9900,124.4300,124.7300,737463
2017-11-03,124.2500,125.4500,123.1500,124.9100,1150983
2017-11-02,123.9200,125.0000,122.6600,124.3400,864887
2017-11-01,127.2000,127.5000,123.2000,124.5100,1137466
2017-10-31,125.1100,126.8000,124.7700,126.3700,1455067
2017-10-30,125.2800,125.8500,123.9400,125.0500,1131986
2017-10-27,126.0000,126.7800,122.9100,125.7300,2629348
2017-10-26,119.9800,127.3400,118.5000,126.1400,4256024
2017-10-25,126.7200,127.7500,124.2800,124.6200,2506021
2017-10-24,124.4900,126.2800,123.2700,125.8900,2051368
2017-10-23,128.9900,129.5600,123.4000,123.9900,1846816
2017-10-20,121.4000,124.8700,120.8500,124.8200,1789587
2017-10-19,120.4800,120.8700,118.9600,120.8100,1062946
2017-10-18,123.2100,123.5800,120.6700,120.7700,1133956
2017-10-17,121.5400,122.8000,121.0000,122.7500,1084230
2017-10-16,122.2500,122.6700,121.3600,121.4000,831104
2017-10-13,122.8800,123.1300,121.7100,122.2900,807687
2017-10-12,120.4200,122.4200,120.4200,121.9700,1441039
2017-10-11,120.8600,121.0700,119.2700,120.6800,812180
2017-10-10,121.8800,122.0300,120.1400,120.9600,788117
2017-10-09,122.0000,122.4500,120.8600,121.3300,1131721
2017-10-06,118.7300,121.7600,118.5500,121.7500,1285579
2017-10-05,118.3100,119.4700,117.1000,119.3800,942147
2017-10-04,118.1500,118.2600,116.6300,118.0600,660171
2017-10-03,116.8000,118.2900,116.4500,117.8300,726796
2017-10-02,117.6500,118.4600,116.2200,116.8000,1510759
2017-09-29,116.8100,117.7900,116.2000,117.5300,1145653
2017-09-28,115.1900,116.7200,114.7100,116.6500,1045157
2017-09-27,112.4900,116.5800,112.4300,115.5000,1766360
2017-09-26,112.8800,112.9500,110.1700,111.7900,1525794
2017-09-25,115.8000,115.8500,111.4100,111.8400,1333119
2017-09-22,114.7600,116.1400,114.6800,115.8100,630254
2017-09-21,115.2900,115.6400,113.9300,115.0200,855779
2017-09-20,116.4200,116.7500,114.2000,115.4000,1075743
2017-09-19,116.8500,116.9700,115.9400,116.6800,1234474
2017-09-18,116.6300,117.6600,115.9600,116.5100,1127750
2017-09-15,116.4900,116.8400,114.7600,116.1100,1000681
2017-09-14,115.5000,116.7200,114.5000,115.9600,1591995
2017-09-13,116.1700,116.8900,115.6900,116.0500,1018603
2017-09-12,117.9400,118.1700,115.1400,116.2600,1248509
2017-09-11,117.7100,118.6300,117.4000,117.6700,1690338
2017-09-08,117.6200,118.6300,116.3800,116.4000,1246730
2017-09-07,115.3300,118.6400,115.3300,117.7800,1549650
2017-09-06,116.3900,116.7000,114.0800,114.6800,1111659
2017-09-05,115.5800,116.4000,114.4100,116.1500,1021062
2017-09-01,116.3000,116.5100,114.5300,115.4900,958415
2017-08-31,114.5500,116.5400,114.5100,116.1900,1465634
2017-08-30,111.6100,115.8100,111.6100,114.2700,1276000
2017-08-29,110.6200,112.2000,110.1400,111.7500,1003136
2017-08-28,111.0000,112.1100,109.7000,111.9100,1193215
2017-08-25,110.9500,112.6800,110.4500,110.5900,1191036
2017-08-24,110.0700,110.9300,109.6100,110.6700,710079
2017-08-23,109.3000,110.9800,108.8400,109.8400,974233
2017-08-22,109.0000,110.7700,108.8600,110.4100,1249882
2017-08-21,107.0200,108.9700,107.0200,108.8100,1114202
2017-08-18,106.8300,108.6600,106.2800,107.2300,979784
2017-08-17,109.0400,109.6900,106.7400,106.8600,1231216
2017-08-16,107.8900,109.8300,107.5700,109.5000,898497
2017-08-15,107.7500,108.3500,106.7100,107.3100,908768
2017-08-14,106.8500,108.5700,106.3200,107.9000,966174
2017-08-11,104.9300,106.8300,104.2400,106.0500,954294
2017-08-10,106.7700,107.0000,103.0000,104.4200,1668054
2017-08-09,106.8700,107.8600,106.6300,107.3300,893206
2017-08-08,108.2100,108.4600,107.1100,107.6800,801381
2017-08-07,109.6500,109.7500,108.4700,108.7600,1009568
2017-08-04,107.3900,109.8200,107.1100,109.7100,1780576
2017-08-03,107.2700,107.7900,105.9300,107.1200,1566206
2017-08-02,110.8200,110.9200,105.8900,107.1700,1944985
2017-08-01,110.8800,111.7600,110.1000,110.7500,1780576
2017-07-31,111.8700,112.3600,108.9500,110.4500,2055672
2017-07-28,109.7500,111.6700,108.9000,111.6500,2083417
2017-07-27,115.1300,115.8500,108.2100,110.5400,5051367
2017-07-26,107.9600,110.1100,107.8600,109.7200,2874504
2017-07-25,108.1100,108.1800,106.8000,107.7800,1903992
2017-07-24,108.3800,108.5000,107.3100,107.9500,2238991
2017-07-21,109.8800,109.9300,107.5800,108.1900,2117266
2017-07-20,110.1500,110.6500,109.0300,109.8400,1629214
2017-07-19,111.0000,111.6800,110.1000,110.1200,1501603
2017-07-18,109.8300,111.0500,109.2300,110.7800,1673317
2017-07-17,110.7400,111.1900,109.3200,110.0000,1929318
2017-07-14,108.8000,110.7100,108.0500,110.3800,3089256
2017-07-13,112.6800,112.9700,111.1200,111.2300,1545584
2017-07-12,110.0000,113.0100,109.5800,112.2600,1756485
2017-07-11,107.7300,110.0000,107.1800,109.2000,1633842
2017-07-10,106.6600,108.4700,106.2900,108.1900,1381465
2017-07-07,104.5300,106.8500,104.5300,106.2900,1585820
2017-07-06,104.0500,105.7000,103.8000,104.5400,1664738
2017-07-05,104.3400,105.6400,104.1300,105.1100,1758308
2017-07-03,106.5500,106.5500,103.2200,103.5800,1209875
2017-06-30,106.1400,106.6800,104.8200,106.0000,1538881
2017-06-29,108.4700,108.8100,104.5100,105.8200,2365417
2017-06-28,107.4700,109.1300,106.7100,108.8100,2611253
2017-06-27,107.9000,109.0000,106.4100,106.7700,3344039
2017-06-26,107.9000,108.7900,106.7800,108.3500,2227649
2017-06-23,106.9900,108.5500,106.4700,107.7900,2284103
2017-06-22,105.9400,108.0800,104.6600,106.9300,2327656
2017-06-21,103.8200,105.8200,103.3600,105.6200,1734629
2017-06-20,103.8300,105.3000,102.7800,103.0100,1921990
2017-06-19,102.2400,104.1800,101.9600,103.6000,1551989
2017-06-16,101.5900,102.2100,100.6900,101.2000,1546991
2017-06-15,99.9500,101.8200,99.0100,101.2600,2348695
2017-06-14,102.7600,104.1400,100.7500,102.1600,2132008
2017-06-13,103.5500,103.8900,101.3000,102.2200,2055694
2017-06-12,102.2000,103.6900,99.5000,102.3200,4429021
2017-06-09,109.7500,110.6600,101.8200,103.7400,3725370
2017-06-08,108.1700,109.7800,107.7700,109.6800,1841707
2017-06-07,108.0000,108.4900,107.0700,108.1900,1930807
2017-06-06,107.0800,108.6300,106.8900,107.8700,1476026
2017-06-05,107.3900,108.4300,107.1500,107.4300,1591421
2017-06-02,106.5600,107.5500,105.7300,107.3000,1444193
2017-06-01,105.1800,106.5500,104.3200,106.5100,2621192
2017-05-31,105.5100,105.7900,103.8100,104.6500,2209878
2017-05-30,105.4200,106.8000,104.8200,105.3600,1610653
2017-05-26,104.0000,106.7300,103.5300,106.0300,2985310
2017-05-25,103.7000,105.2900,103.5500,104.5200,1760624
2017-05-24,102.5300,103.9200,101.8300,103.0000,5772489
2017-05-23,101.3700,101.7600,100.0600,101.7000,2325651
2017-05-22,99.8100,102.2300,99.7600,101.7000,2071352
2017-05-19,99.5000,100.7200,99.2300,99.3000,2131754
2017-05-18,97.8800,99.1000,97.3500,98.9700,2842059
2017-05-17,98.7000,99.4000,98.0600,98.5500,3629785
2017-05-16,98.7600,100.1900,97.8100,100.1800,1841262
2017-05-15,97.2400,98.6100,96.9100,97.9500,921250
2017-05-12,96.8100,97.3500,95.9900,96.9000,966061
2017-05-11,96.5000,96.9200,95.5000,96.7600,1100191
2017-05-10,97.2200,97.5700,96.3600,96.4700,1210022
2017-05-09,98.1600,98.4700,96.9600,97.3300,1585896
2017-05-08,97.6800,99.0900,97.1500,97.9000,2173116
2017-05-05,96.1200,98.1900,96.1200,98.0700,1817883
2017-05-04,94.5900,96.3000,94.1500,96.0200,1515817
2017-05-03,94.6900,95.1500,93.7300,94.1100,980785
2017-05-02,94.8200,95.1000,93.7700,94.9600,1167849
2017-05-01,94.6400,95.4400,93.7100,94.9300,2741325
2017-04-28,94.3000,95.3200,92.9400,94.4800,2341129
2017-04-27,96.2800,96.9200,93.3000,94.3300,4686540
2017-04-26,90.4300,91.2100,89.0300,90.9200,2727702
2017-04-25,89.9200,90.8000,89.5600,90.2400,1359789
2017-04-24,89.6700,89.6700,88.3500,89.4200,1312012
2017-04-21,88.8000,89.4300,88.0800,88.3200,1076475
2017-04-20,88.4900,88.4900,87.4600,88.2600,1352012
2017-04-19,87.9600,88.4000,87.6500,88.1500,1194688
2017-04-18,86.0000,87.6700,85.9300,87.6000,1381737
2017-04-17,85.0400,86.4200,84.9200,86.4100,1118215
2017-04-13,84.3700,85.2000,84.3400,84.6400,1132148
2017-04-12,85.0100,85.7100,84.0300,84.4900,874250
2017-04-11,85.3500,85.9900,84.8200,85.3900,939028
2017-04-10,85.9500,86.3900,85.4200,85.5300,671436
2017-04-07,85.9000,86.5700,85.5200,86.0200,767039
2017-04-06,85.7500,86.4200,85.1000,86.1900,673557
2017-04-05,85.9900,87.6800,85.4100,85.6600,1416340
2017-04-04,86.0600,87.3800,85.2000,85.2900,1177198
2017-04-03,87.6000,88.3600,85.4100,86.2200,1250023
2017-03-31,86.8200,88.0000,86.3800,87.4700,910624
2017-03-30,87.4400,87.7000,86.8100,86.9400,771791
2017-03-29,86.2800,87.8800,86.1000,87.6100,1438420
2017-03-28,85.4000,86.3700,84.8300,86.0000,940816
2017-03-27,84.2400,85.5900,83.4200,84.8700,906894
2017-03-24,85.0400,85.6900,84.3100,84.8100,818649
2017-03-23,85.1200,85.8100,84.1300,84.4000,860136
2017-03-22,83.8500,85.1900,83.4600,85.0400,1423350
2017-03-21,88.8000,89.0000,83.7900,83.9300,2410051
2017-03-20,88.8500,88.9500,87.7500,88.1100,621321
2017-03-17,89.0500,89.4700,88.5100,88.7100,1010277
2017-03-16,88.7900,89.3700,88.4900,88.8000,953622
2017-03-15,87.8800,88.7700,87.2900,88.4100,1020658
2017-03-14,88.4900,88.6100,86.6800,87.4700,1142589
2017-03-13,88.0900,88.8600,87.6600,88.6400,1292811
2017-03-10,88.2700,88.5900,86.9000,88.0300,857091
2017-03-09,87.3100,88.1300,86.3900,87.8300,893161
2017-03-08,87.3200,88.2700,86.9800,87.2900,794034
2017-03-07,86.3300,87.6900,86.1000,87.0600,1478591
2017-03-06,85.9300,86.7700,85.5600,86.2600,1419210
2017-03-03,86.0300,87.1900,86.0100,86.4700,1189485
2017-03-02,89.0900,89.1400,86.2400,86.3400,1411414
2017-03-01,88.0200,88.9900,86.7400,88.8900,3165753
2017-02-28,87.2200,88.2800,86.8200,86.9200,2168345
2017-02-27,90.6100,90.6100,86.9300,87.7500,5592593
2017-02-24,91.6000,92.3900,90.6600,91.8200,1038173
2017-02-23,93.3600,93.4000,91.4100,92.6500,832162
2017-02-22,92.7100,93.6700,92.1700,92.9800,547666
2017-02-21,93.0200,93.5100,92.1700,93.1800,617651
2017-02-17,91.8700,92.9700,91.2300,92.7400,1117760
2017-02-16,93.9400,94.1900,91.5400,91.8500,1411179
2017-02-15,92.4400,94.7200,92.3300,93.9700,1584467
2017-02-14,91.6800,93.3000,91.3500,92.8900,1422454
2017-02-13,92.1800,92.5000,91.5000,91.7400,960525
2017-02-10,92.5800,92.8200,91.7000,92.4600,1647909
2017-02-09,90.1400,92.3100,90.0100,92.3000,1819978
2017-02-08,89.7600,90.4400,89.3900,90.0900,1887246
2017-02-07,90.8100,91.1600,90.3500,90.6600,1644548
2017-02-06,89.1900,90.7100,88.6300,90.5000,1441749
2017-02-03,89.1800,89.9900,89.1200,89.4700,2454808
2017-02-02,89.2500,89.8400,88.2300,88.8600,2125715
2017-02-01,91.1700,91.1700,89.3900,89.7000,2884156
2017-01-31,90.1000,90.6700,88.9500,90.6200,1326870
2017-01-30,89.6000,90.3280,88.0100,90.1200,1585650
2017-01-27,89.0100,90.5000,88.7066,90.0900,1980966
2017-01-26,92.0100,92.9800,89.4100,89.4800,4367796
2017-01-25,84.9100,86.9600,84.4900,86.3600,2686379
2017-01-24,83.8600,84.5900,82.1400,83.9700,1487810
2017-01-23,83.8400,83.9100,82.2600,83.2500,988780
2017-01-20,83.1200,84.2700,83.1100,83.4000,1251869
2017-01-19,82.9600,83.6000,82.3900,82.7000,1302082
2017-01-18,83.0100,84.3490,82.6900,82.8500,1466114
2017-01-17,83.0800,83.2500,81.2900,81.4100,879932
2017-01-13,83.8200,84.0000,82.6300,83.5300,745833
2017-01-12,83.0200,83.7600,80.9100,83.4600,1397980
2017-01-11,81.2600,84.9000,81.2600,83.9000,2084701
2017-01-10,82.2500,82.4300,81.1400,81.6700,1268804
2017-01-09,81.8000,82.5700,81.3000,82.0000,1339252
2017-01-06,79.2400,82.3900,78.9000,82.1000,1686580
2017-01-05,78.7100,79.6700,78.3400,79.1300,1564020
2017-01-04,76.0900,78.9800,75.8900,78.8300,2015348
2017-01-03,75.3100,76.9900,74.6300,75.6600,1101812
2016-12-30,75.1100,75.4400,73.6600,74.3400,1051731
2016-12-29,75.1700,75.6099,74.2000,74.9400,759288
2016-12-28,76.7600,77.0500,75.1400,75.2200,978396
2016-12-27,76.0100,77.4000,76.0000,76.8800,548764
2016-12-23,74.6000,76.0700,74.3600,76.0200,606186
2016-12-22,76.9200,77.0500,74.1700,74.5500,1365586
2016-12-21,78.0400,78.0400,76.0300,77.2500,1019091
2016-12-20,78.1000,78.5150,77.1800,78.3000,907959
2016-12-19,77.7200,78.0800,77.2000,77.5000,974827
2016-12-16,79.4600,79.8799,77.2600,77.8600,1338069
2016-12-15,78.9300,80.2700,78.8600,79.4300,741625
2016-12-14,79.6200,79.6500,78.5800,78.9500,1008138
2016-12-13,78.6900,80.7000,78.6900,79.3900,864146
2016-12-12,78.8500,78.8500,76.7600,77.8800,1691541
2016-12-09,80.7300,81.5900,79.2200,79.4000,903045
2016-12-08,80.4000,80.7800,79.5200,80.1100,1298916
2016-12-07,80.1700,80.1700,78.2250,79.9800,1414132
2016-12-06,80.0000,80.0000,78.4700,79.6100,1657291
2016-12-05,77.3300,79.9700,77.2600,79.8700,2173146
2016-12-02,72.8500,76.7100,72.8000,76.5600,3102889
2016-12-01,83.2000,83.5000,76.3400,77.0900,3124029
2016-11-30,84.2500,84.7700,82.6600,83.1500,1563986
2016-11-29,84.8500,85.4993,83.2700,83.4200,1562207
2016-11-28,87.7000,88.4000,84.5600,84.8200,1816839
2016-11-25,86.9100,88.3900,86.5000,87.7400,718825
2016-11-23,85.9300,87.6600,85.9300,87.0500,1353003
2016-11-22,86.2600,86.6800,85.4200,86.2300,1344873
2016-11-21,85.8000,87.0000,85.7500,86.5500,1505479
2016-11-18,87.0100,87.7900,85.5000,85.7500,1248346
2016-11-17,85.7700,87.1700,85.5050,86.8300,917025
2016-11-16,85.2400,86.0300,84.8900,85.6700,1065700
2016-11-15,83.4300,86.2200,83.2012,85.6200,1653743
2016-11-14,82.8900,83.9200,82.3000,83.2700,1359244
2016-11-11,81.8100,82.8290,80.5000,82.6300,1852041
2016-11-10,85.7500,87.7000,82.0500,82.1400,2600944
2016-11-09,83.9900,86.0500,83.3350,84.9800,1358110
2016-11-08,84.4700,86.0000,83.7500,85.5000,1136169
2016-11-07,84.7700,85.8200,84.3900,85.0900,1409303
2016-11-04,84.0000,84.7700,83.1000,83.2100,1630834
2016-11-03,84.5700,85.0900,83.5300,83.8800,1629300
2016-11-02,86.0200,86.9200,84.5500,84.5900,1646665
2016-11-01,87.4500,87.5600,85.9100,86.8900,2562482
2016-10-31,86.1300,88.0400,85.8900,87.9100,2790916
2016-10-28,85.2100,87.3900,84.5800,86.1200,3102319
2016-10-27,86.8200,89.7900,84.5600,84.9600,11112308
2016-10-26,79.5100,79.9800,78.6100,78.9000,2288026
2016-10-25,81.1300,81.9500,79.4100,79.7900,2117039
2016-10-24,80.3900,81.5800,80.1600,81.0000,2127620
2016-10-21,78.4500,80.2600,78.1900,80.0600,1455325
2016-10-20,78.7100,79.0000,78.1900,78.8500,1561409
2016-10-19,79.1700,80.1500,78.1600,78.9200,3482034
2016-10-18,76.3900,77.9700,75.6100,76.1600,1000930
2016-10-17,75.7300,75.7400,74.2600,74.6400,1033151
2016-10-14,76.1500,76.4400,75.0600,75.6200,1582905
2016-10-13,74.7500,75.6200,73.8500,75.3900,1489602
2016-10-12,76.6300,77.0700,73.0200,75.2700,3202088
2016-10-11,80.2500,80.8000,78.3600,78.8000,1674897
2016-10-10,79.0400,80.4900,79.0400,80.0300,1057114
2016-10-07,78.1500,78.9500,77.4700,78.5200,1293500
2016-10-06,79.4900,79.9099,77.9700,78.3800,1167968
2016-10-05,78.9500,80.0200,78.8000,79.4300,1086640
2016-10-04,79.5900,79.8400,78.4300,79.2800,1442289
2016-10-03,79.0700,79.7200,78.4000,79.5700,1056740
2016-09-30,78.7600,79.7000,78.0600,79.1500,1568362
2016-09-29,79.4100,80.1000,77.7300,78.4800,1028976
2016-09-28,79.0900,80.3100,79.0900,79.7700,1892963
2016-09-27,76.4900,79.1950,76.3500,79.0400,1506507
2016-09-26,77.1300,77.2300,76.4100,76.7500,909128
2016-09-23,77.6200,77.7800,76.8000,77.4500,1205559
2016-09-22,77.4500,78.1700,76.9100,77.9200,1406411
2016-09-21,75.9200,76.9200,74.9600,76.8800,1145783
2016-09-20,75.5200,76.0900,74.7800,75.2800,1123610
2016-09-19,77.8800,78.2000,75.9000,75.9900,923852
2016-09-16,77.0500,78.3499,76.7800,77.2900,2113666
2016-09-15,73.2700,77.7500,72.9800,77.7100,3084080
2016-09-14,72.4700,73.2800,71.9800,72.5600,1295983
2016-09-13,73.6100,74.2700,71.3400,72.4200,1997359
2016-09-12,73.2200,74.7100,72.6890,74.5300,703952
2016-09-09,74.8200,75.3600,73.3500,73.5800,844546
2016-09-08,76.4000,76.6500,74.9350,75.4000,1154927
2016-09-07,77.3800,78.3900,76.4800,76.5600,1722223
2016-09-06,76.7300,77.9900,75.9800,77.7200,2139756
2016-09-02,74.1000,76.8600,74.1000,76.2400,1989297
2016-09-01,72.1300,74.0900,71.9300,74.0000,1548071
2016-08-31,72.7000,72.8000,71.7400,72.6700,956952
2016-08-30,73.3000,73.7500,73.0900,73.4400,876132
2016-08-29,73.6100,73.8300,72.9200,73.3900,884961
2016-08-26,73.4200,74.0800,72.8800,73.5000,746441
2016-08-25,73.1700,74.9100,72.7800,73.6000,1017541
2016-08-24,72.4400,73.4600,72.4400,72.7700,1017523
2016-08-23,72.0000,72.9950,71.8000,72.6200,1007015
2016-08-22,73.6300,73.6999,71.2450,71.3900,1350694
2016-08-19,72.8600,73.9600,72.5800,73.6900,736325
2016-08-18,73.2400,73.6300,72.4800,73.0700,1044519
2016-08-17,74.2100,74.7000,72.6800,73.0700,1165807
2016-08-16,76.4100,76.4800,74.5000,74.5200,894982
2016-08-15,75.8400,76.8100,75.1500,76.7400,861619
2016-08-12,75.5300,75.8000,74.9600,75.7700,1079568
2016-08-11,74.6400,76.2932,74.5000,76.0900,1264832
2016-08-10,75.0000,75.0800,74.2700,74.5500,667905
2016-08-09,74.8200,75.2800,74.6700,75.0000,733138
2016-08-08,75.0000,75.6320,74.6400,74.9400,1121047
2016-08-05,75.0900,75.9915,74.8900,75.8300,883370
2016-08-04,73.8700,75.0300,73.8700,74.9400,1716316
2016-08-03,72.8100,74.3900,72.5000,74.2700,2010446
2016-08-02,74.5900,74.8200,71.6900,73.2300,2148451
2016-08-01,74.7900,75.4500,74.0500,75.0700,1286223
2016-07-29,75.9000,75.9000,73.4400,74.9200,2495854
2016-07-28,75.4000,78.7700,74.1500,76.3800,3991920
2016-07-27,74.0000,75.0000,72.4800,72.9800,2138263
2016-07-26,73.5600,73.9850,72.9600,73.3400,1116141
2016-07-25,72.8400,74.1800,72.6101,73.5600,1383216
2016-07-22,71.5500,73.1400,70.7600,72.6700,1133937
2016-07-21,72.4000,72.9300,70.6050,71.0500,1358073
2016-07-20,70.6800,73.4200,70.1100,72.6500,1755930
2016-07-19,69.8300,70.9100,69.6300,69.9900,939526
2016-07-18,70.8200,70.9000,69.6800,69.8300,1429739
2016-07-15,71.4700,71.6300,70.3300,71.0200,1228439
2016-07-14,70.8500,71.2600,70.1500,70.1600,842776
2016-07-13,71.6700,72.7600,70.0700,70.1500,1821131
2016-07-12,69.3400,72.3300,68.1150,70.4600,1857852
2016-07-11,69.4100,70.2750,68.8000,68.8500,1135509
2016-07-08,65.4100,69.6300,65.4100,69.1200,2096340
2016-07-07,65.5500,65.6900,64.7500,65.0100,1304048
2016-07-06,65.0500,65.5550,64.3100,65.3300,1171912
2016-07-05,65.9100,65.9100,64.7700,65.2700,1539014
2016-07-01,66.5200,67.4500,66.0100,66.2100,817226
2016-06-30,67.0000,67.0000,64.9000,66.4000,1715743
2016-06-29,65.8300,66.9800,65.5700,66.4400,1484828
2016-06-28,65.0000,65.7000,63.8800,65.1300,2255759
2016-06-27,69.6700,69.8600,63.5100,63.6700,3034057
2016-06-24,72.5700,73.2200,70.2100,70.3300,2646412
2016-06-23,72.1500,75.1900,71.7500,75.1800,1362738
2016-06-22,72.4700,72.6200,71.8000,71.9200,752321
2016-06-21,72.8600,73.1400,71.8700,72.7300,927375
2016-06-20,73.1700,73.6300,72.4950,72.6000,1109235
2016-06-17,73.2700,74.5300,71.6200,72.0700,1774359
2016-06-16,73.8100,73.9600,72.6800,73.6800,776867
2016-06-15,73.1200,75.0900,73.0100,74.4700,1080471
2016-06-14,72.5100,73.5200,72.1900,72.9800,934759
2016-06-13,73.3200,74.3800,72.5500,72.7100,1753940
2016-06-10,74.6800,75.0900,73.7900,74.0300,1391166
2016-06-09,76.4300,77.2600,75.4000,75.5600,855972
2016-06-08,75.9600,77.7600,75.4000,77.0400,2531027
2016-06-07,74.8800,76.0700,74.0500,76.0200,1978637
2016-06-06,73.6900,75.2450,73.4600,75.0600,1079295
2016-06-03,73.8200,74.0045,72.8600,73.5300,1102676
2016-06-02,72.7900,74.2600,72.5100,74.2300,1184705
2016-06-01,71.3800,73.5000,71.0600,73.1700,1889654
2016-05-31,70.5800,71.6900,70.2700,71.6300,2295437
2016-05-27,69.9100,70.8900,68.9100,70.7300,1349660
2016-05-26,70.7100,71.0600,69.9400,70.0500,1171832
2016-05-25,71.3500,71.4999,70.6300,70.7600,1116040
2016-05-24,70.5400,71.8100,70.0900,70.9800,1502533
2016-05-23,69.5700,71.1300,69.3900,70.2300,1180892
2016-05-20,70.3800,70.7700,68.0800,70.0000,2883189
2016-05-19,71.0000,72.0000,69.6100,69.7500,1920294
2016-05-18,69.5900,71.0500,69.2300,70.0300,1006536
2016-05-17,70.1700,70.5100,68.9600,69.5000,1180227
2016-05-16,67.5600,70.4499,67.2900,70.3000,1943974
2016-05-13,67.2600,68.3800,66.8400,67.4400,1471593
2016-05-12,69.2900,69.5800,67.2000,67.4700,1688445
2016-05-11,68.5100,70.1200,68.4184,68.6400,1560243
2016-05-10,67.4400,68.7000,67.1800,68.5300,1400922
2016-05-09,66.8500,68.3000,66.8000,67.4300,918834
2016-05-06,67.0500,67.7400,65.8300,67.2800,1612833
2016-05-05,68.0700,68.6300,67.2650,67.7900,1510283
2016-05-04,69.4800,69.8300,67.5200,67.6100,1701578
2016-05-03,70.8400,71.0900,69.1400,69.8400,1597993
2016-05-02,71.4500,72.1000,70.8600,72.0200,1156639
2016-04-29,71.3400,72.1300,70.1700,71.4800,1780051
2016-04-28,73.1200,73.6400,71.1200,71.3700,1414001
2016-04-27,72.2500,73.8100,72.2500,73.1500,1523076
2016-04-26,73.4200,73.4900,72.0700,72.6600,1409279
2016-04-25,73.3500,74.5700,73.0000,73.4100,2525077
2016-04-22,73.4400,73.7500,71.8000,73.1100,3253622
2016-04-21,74.7700,76.8400,73.2100,74.2700,8395167
2016-04-20,64.1800,65.5000,63.8800,65.1100,2801919
2016-04-19,64.4700,64.7400,62.5500,63.6700,2091683
2016-04-18,63.2000,64.9000,63.0200,64.4700,2259238
2016-04-15,63.1800,63.4200,62.4600,63.2800,1188625
2016-04-14,63.0800,63.5000,61.9000,63.0000,3443582
2016-04-13,62.4700,63.9300,61.4300,63.7700,1775642
2016-04-12,62.9900,63.3200,61.5500,61.7500,2461802
2016-04-11,64.8700,65.3300,63.1800,63.3100,1348227
2016-04-08,64.3600,65.0300,63.7900,64.5000,1236110
2016-04-07,63.5900,64.8200,63.3200,64.0200,1302291
2016-04-06,63.7400,64.1100,62.9100,63.8400,1775709
2016-04-05,63.4700,64.4100,63.1101,63.6500,1670900
2016-04-04,62.0700,64.3700,61.9590,64.2800,2272130
2016-04-01,61.1300,62.2500,60.0500,62.0300,1536951
2016-03-31,60.9000,61.4100,59.9300,61.1800,2388317
2016-03-30,61.5000,62.4300,61.0200,61.0700,1661909
2016-03-29,60.2400,61.3700,59.9300,61.1400,1557474
2016-03-28,61.6400,61.6700,59.7700,60.3400,1616840
2016-03-24,61.5300,61.7200,60.8300,61.6900,1052252
2016-03-23,62.2000,63.1200,61.9950,62.2500,2035886
2016-03-22,60.4200,62.8200,60.2500,62.3200,1623040
2016-03-21,60.2500,61.3200,59.9100,61.0500,1377751
2016-03-18,61.0500,61.3400,59.9400,60.1500,2735886
2016-03-17,62.3300,62.7600,60.1500,60.8000,2468105
2016-03-16,61.3500,62.6400,60.9700,62.3700,1193106
2016-03-15,61.8900,62.0700,60.7500,61.6500,1523265
2016-03-14,62.8400,63.1100,61.8600,62.3500,1795573
2016-03-11,61.1000,63.6750,60.9350,63.3500,2121435
2016-03-10,61.4000,62.3200,59.7600,60.7200,2295696
2016-03-09,60.5400,60.5800,59.2500,60.4900,2225627
2016-03-08,58.4100,61.0550,58.1500,60.3400,3015875
2016-03-07,57.9900,58.8000,56.5800,58.2200,1393689
2016-03-04,58.8700,59.5600,58.1300,58.5000,1906091
2016-03-03,57.3600,58.4000,56.7400,58.3600,2307961
2016-03-02,57.5000,58.1100,56.6200,57.6600,2063739
2016-03-01,55.8400,57.8500,55.3600,57.8500,3652317
2016-02-29,55.2500,56.2300,54.9400,54.9900,1967014
2016-02-26,54.5800,56.2000,54.2700,55.5100,2586441
2016-02-25,53.1100,55.0000,52.7700,54.1600,2703506
2016-02-24,52.0200,52.7500,50.0000,52.5500,2689279
2016-02-23,54.2400,54.3900,51.4500,53.0100,2872701
2016-02-22,55.1000,56.3500,54.2500,54.6900,2461055
2016-02-19,54.2200,55.6200,54.0600,54.7400,2840101
2016-02-18,55.5300,55.8400,54.2200,54.2600,3307744
2016-02-17,52.5000,55.5500,52.3100,55.2600,5309261
2016-02-16,50.5900,52.2600,49.9500,52.0400,2719487
2016-02-12,49.4800,50.2900,48.1100,50.0800,2099523
2016-02-11,49.2800,49.6400,47.3100,49.0300,2912991
2016-02-10,48.6700,51.8000,48.6700,49.9900,3093729
2016-02-09,46.6000,49.3300,46.1200,48.5200,5618672
2016-02-08,50.9200,51.1200,45.9950,47.1400,6546836
2016-02-05,54.1200,55.4700,49.4601,52.3100,7257300
2016-02-04,58.8500,60.2500,58.3900,58.6200,3647399
2016-02-03,57.5700,59.4400,56.6700,59.3000,3651725
2016-02-02,61.4800,61.6400,56.8300,57.2500,4793770
2016-02-01,61.6000,62.8300,61.4400,61.9600,2667255
2016-01-29,63.9900,65.5100,60.7100,62.2100,7290995
2016-01-28,57.8200,64.3800,57.6700,63.5700,19775137
2016-01-27,77.1200,77.6000,74.5300,75.3700,4258011
2016-01-26,76.1200,78.1900,75.2675,77.9600,2496782
2016-01-25,76.4400,77.1600,75.0550,76.1000,1840679
2016-01-22,75.5800,76.7599,75.5800,76.6700,1270961
2016-01-21,74.7400,76.1100,73.6200,74.4100,1921763
2016-01-20,73.2500,75.3200,70.1400,74.3100,2111975
2016-01-19,77.1600,77.7900,73.6700,74.3200,1993130
2016-01-15,76.1200,77.2600,74.7200,76.3400,1773817
2016-01-14,77.2300,78.5000,73.9100,78.2100,1511361
2016-01-13,81.0900,81.7900,75.4900,76.7900,1889662
2016-01-12,79.7300,81.4900,79.7300,80.9900,1665225
2016-01-11,78.7200,79.0600,77.2000,78.5300,1113587
2016-01-08,80.1100,80.6500,77.8900,78.1200,1219886
2016-01-07,79.6800,81.6500,78.9300,79.6400,1553068
2016-01-06,82.8800,83.0650,80.7000,81.4200,1418179
2016-01-05,84.5100,85.5500,83.4700,84.0000,1328660
2016-01-04,84.9800,85.6700,83.1700,84.0700,1273607
2015-12-31,87.3800,87.6100,85.9900,86.5600,708460
2015-12-30,88.2000,88.3600,87.1300,87.3800,691955
2015-12-29,87.4700,88.5600,87.3600,88.1200,1121871
2015-12-28,86.6400,87.2600,86.2900,86.8900,471582
2015-12-24,86.8000,87.3600,86.5900,86.9600,251290
2015-12-23,86.9700,87.6300,86.4000,86.8900,920030
2015-12-22,87.5000,87.5500,86.0700,86.4800,1032726
2015-12-21,86.9300,87.1000,86.1200,87.0200,1457278
2015-12-18,87.1800,87.8200,85.7200,85.7300,3043478
2015-12-17,87.5100,88.2200,85.6900,87.2700,1570496
2015-12-16,85.9900,87.6000,84.9400,87.3900,1566858
2015-12-15,84.0300,86.2900,84.0300,85.6000,1422616
2015-12-14,83.4700,84.2500,82.1230,83.5700,1643461
2015-12-11,85.9700,87.0000,83.1700,83.4900,1901100
2015-12-10,86.0700,87.8800,85.9700,86.9400,1115371
2015-12-09,87.2800,87.6550,85.7200,86.1000,1167220
2015-12-08,87.0700,88.4730,85.6500,87.7200,1385633
2015-12-07,89.5300,89.9050,87.6301,87.9800,1237233
2015-12-04,88.1000,91.2800,88.1000,89.9900,1821500
2015-12-03,88.3200,90.5400,87.5600,88.0900,2277887
2015-12-02,87.0000,88.9000,86.8000,87.5300,1857186
2015-12-01,87.2700,87.4200,86.1300,86.4700,1420761
2015-11-30,87.5800,87.5800,86.1450,87.0100,1211296
2015-11-27,86.7400,87.7400,86.6600,87.2900,420550
2015-11-25,86.6700,87.7300,86.6600,86.8900,665063
2015-11-24,85.7100,86.8600,85.1500,86.7000,832128
2015-11-23,86.0700,87.7000,85.8200,86.4600,880129
2015-11-20,86.1400,87.2100,85.7700,86.1900,1435451
2015-11-19,86.0000,86.9900,85.5500,85.7500,1600750
2015-11-18,85.0000,85.9500,84.2800,85.7500,1968073
2015-11-17,84.4000,85.5300,84.0000,84.9100,921363
2015-11-16,82.5700,84.6400,82.0400,84.3700,763462
2015-11-13,84.0400,84.6400,82.3200,82.8800,1111194
2015-11-12,83.4900,85.2500,82.8900,84.5000,1052861
2015-11-11,84.0000,84.6700,83.0800,83.9000,856444
2015-11-10,83.7300,84.5000,83.2100,84.1500,1302264
2015-11-09,85.0000,85.5300,84.0700,84.6000,1355941
2015-11-06,84.1200,85.8800,84.0000,85.2400,1344942
2015-11-05,83.2300,84.4900,82.7900,83.9100,1308872
2015-11-04,82.6700,84.4000,82.1600,83.8400,1734920
2015-11-03,82.0000,83.6760,81.1800,82.5300,1266314
2015-11-02,81.6800,82.4200,80.6400,82.0200,798762
2015-10-30,81.9400,82.3500,80.9000,81.6500,1432698
2015-10-29,82.0100,82.9100,81.3800,81.5600,815644
2015-10-28,80.0800,82.1780,79.7150,82.1500,1742556
2015-10-27,78.3700,80.4700,78.1700,80.1700,1799432
2015-10-26,78.8700,79.3000,77.7500,78.8000,938196
2015-10-23,78.1900,78.9600,75.3200,78.8900,2620935
2015-10-22,72.3100,78.6100,72.2900,77.9500,4022239
2015-10-21,74.9400,75.1300,72.9600,73.0200,2593161
2015-10-20,75.9200,76.5900,74.3200,74.7300,1160673
2015-10-19,76.3400,76.7300,74.8700,75.7900,1039798
2015-10-16,75.3800,76.4900,75.0700,76.4600,1054692
2015-10-15,73.9900,76.3000,73.9200,75.6400,1289136
2015-10-14,74.0200,75.0200,73.4300,73.9000,1022964
2015-10-13,74.0800,76.2100,73.6000,74.1600,767871
2015-10-12,74.3400,75.2400,73.5600,74.2800,555590
2015-10-09,73.1200,74.7150,72.1750,74.4200,942283
2015-10-08,74.9300,74.9300,71.7700,73.0200,1679374
2015-10-07,75.2300,75.2700,73.0200,74.9700,1845865
2015-10-06,75.9000,76.9100,74.2500,74.5800,1272896
2015-10-05,72.6200,76.5300,72.4000,76.4700,1826627
2015-10-02,70.3500,72.2600,69.9000,72.2300,924313
2015-10-01,69.1400,71.6500,67.6500,71.5800,1778300
2015-09-30,69.7200,70.3000,67.0700,69.4500,1690285
2015-09-29,68.9700,69.6500,67.7600,68.9400,1083242
2015-09-28,72.6300,72.8100,68.7600,69.0300,1755732
2015-09-25,73.1300,74.4800,71.9400,72.8600,2369565
2015-09-24,72.6900,72.7300,70.9700,72.1200,1107952
2015-09-23,73.1800,74.2500,72.3800,72.9900,798083
2015-09-22,73.2700,73.7500,72.1700,73.0600,1063803
2015-09-21,74.7800,75.6190,73.6400,74.4100,1010426
2015-09-18,73.7200,75.0200,73.6300,74.3600,1424345
2015-09-17,73.6100,75.5400,73.5700,74.6100,720911
2015-09-16,74.4100,74.6200,73.3700,73.9400,894759
2015-09-15,73.6500,74.3650,73.0300,74.2600,827373
2015-09-14,73.5700,73.8700,72.3500,73.5600,1044612
2015-09-11,72.7500,73.6600,71.8800,73.6000,839271
2015-09-10,71.6400,73.2400,71.6400,72.6600,871193
2015-09-09,73.7500,74.4400,71.8100,72.0200,1250178
2015-09-08,70.9800,73.4500,70.7000,73.3300,1353668
2015-09-04,70.2100,70.7500,69.2500,69.7900,1069085
2015-09-03,70.3400,71.9300,70.0700,71.2200,1544640
2015-09-02,69.0200,69.9600,67.8500,69.9500,1781722
2015-09-01,69.5900,70.8700,68.6500,68.9200,1573545
2015-08-31,72.1500,72.7800,70.8400,70.9600,1004594
2015-08-28,72.3600,73.3700,71.5400,72.5400,856536
2015-08-27,71.9400,73.2600,70.4200,72.3600,1580744
2015-08-26,70.3400,71.6900,68.8776,71.4100,1667585
2015-08-25,70.8000,72.1300,68.2400,68.6700,1927242
2015-08-24,65.9700,71.9599,64.2900,68.0000,3299850
2015-08-21,69.4300,71.0000,68.5500,69.9100,1832401
2015-08-20,74.8800,74.9500,70.1600,70.3100,1680380
2015-08-19,76.5000,76.5400,74.8000,75.6300,1155708
2015-08-18,77.2800,77.8800,75.8200,75.8900,588102
2015-08-17,76.0300,77.2800,75.8200,77.2500,634204
2015-08-14,75.5000,76.7500,74.5900,76.6300,805873
2015-08-13,76.7100,77.0500,74.7300,75.7000,912878
2015-08-12,75.9000,76.9100,74.4400,76.8500,1092566
2015-08-11,75.7950,77.0999,75.3000,76.6700,710925
2015-08-10,77.5400,77.8400,76.3200,76.5900,879544
2015-08-07,75.9100,77.0000,74.9100,76.9500,932599
2015-08-06,78.2800,78.2800,75.4200,75.9900,1678395
2015-08-05,78.2200,79.8900,78.0200,78.4100,1151047
2015-08-04,79.2800,79.4800,77.2000,77.9100,1973169
2015-08-03,80.5000,80.9600,78.5600,79.1500,1192544
2015-07-31,80.2400,81.1300,79.3800,80.5000,1827644
2015-07-30,78.4800,81.2100,76.6000,81.0300,3264682
2015-07-29,76.9000,78.5000,74.9500,77.9800,3943093
2015-07-28,76.7700,78.8800,76.0800,78.6300,1055265
2015-07-27,78.8500,78.8900,76.1200,76.3400,1579381
2015-07-24,78.4700,80.9700,77.5100,79.6400,1436829
2015-07-23,78.3200,79.2500,77.4700,78.0200,920539
2015-07-22,78.1100,78.9400,77.7700,77.8500,622938
2015-07-21,78.8100,79.6800,77.9700,78.5700,574712
2015-07-20,79.1700,79.3300,78.5700,78.8400,453030
2015-07-17,79.1200,80.2300,78.5700,78.9200,809480
2015-07-16,78.1500,79.1500,77.8350,78.9200,665940
2015-07-15,77.6000,78.4200,76.9600,77.5800,911704
2015-07-14,76.7000,78.8500,76.7000,77.4100,998335
2015-07-13,77.3400,77.5500,75.8100,76.6000,999372
2015-07-10,77.1500,77.5850,76.6200,76.7400,656492
2015-07-09,75.6100,77.0540,75.6100,76.1800,931106
2015-07-08,74.9900,76.0400,74.2100,74.8300,703239
2015-07-07,73.8700,75.8600,72.0800,75.6800,1380385
2015-07-06,73.4000,74.7200,73.0700,73.7000,1079502
2015-07-02,73.8700,74.6000,73.1600,74.5300,801960
2015-07-01,75.4200,75.6300,73.4700,73.9000,1072951
2015-06-30,74.3000,74.7100,73.6000,74.3100,1113588
2015-06-29,75.8100,76.6100,73.4600,73.7700,1309288
2015-06-26,79.2700,79.2700,75.3100,77.0200,2086614
2015-06-25,77.8200,79.3200,77.7500,78.9200,1071705
2015-06-24,80.3900,80.6420,77.1300,77.4700,1693316
2015-06-23,80.9000,80.9000,80.0400,80.7500,674390
2015-06-22,81.0000,81.6700,79.6300,80.3200,928917
2015-06-19,81.3200,81.3200,80.0100,80.3800,1932027
2015-06-18,80.1900,81.1500,79.2000,80.9700,1598142
2015-06-17,79.5100,80.8900,79.3700,79.9200,1313619
2015-06-16,77.5700,79.4300,77.3501,79.4000,941310
2015-06-15,77.0700,77.8700,76.4600,77.6400,673985
2015-06-12,77.3300,78.2800,77.3300,77.9400,580551
2015-06-11,78.0000,78.6800,77.1100,77.7300,822048
2015-06-10,75.9000,77.8200,75.2401,77.7000,1263542
2015-06-09,75.1100,76.1800,73.6600,75.6600,1288967
2015-06-08,76.7800,77.1050,74.6700,74.6700,1155008
2015-06-05,74.9100,77.1600,74.9100,76.8900,1139698
2015-06-04,76.2000,77.1150,74.9500,75.4600,953892
2015-06-03,75.3900,76.8050,75.2300,76.6100,898309
2015-06-02,75.6000,75.9100,75.0400,75.3800,1134658
2015-06-01,76.6400,76.9000,75.0200,75.6800,1360233
2015-05-29,77.9700,78.0500,76.0200,76.6100,2922551
2015-05-28,78.0000,79.1300,77.6200,78.4000,1364888
2015-05-27,77.2500,78.6500,75.6600,78.3900,1488124
2015-05-26,78.3400,78.6900,76.9500,77.7100,1019941
2015-05-22,78.5800,79.0000,77.6000,78.7600,1214417
2015-05-21,77.7400,78.9600,77.5500,78.8700,1153981
2015-05-20,77.7200,77.9100,76.2600,77.4500,1826597
2015-05-19,77.2400,78.2700,76.7701,77.7800,1521638
2015-05-18,75.3200,77.5300,75.3200,77.2600,990633
2015-05-15,76.0100,76.3500,75.0400,75.7100,867009
2015-05-14,75.3400,77.1400,74.4600,76.0500,1571727
2015-05-13,74.3900,75.3100,73.4600,75.1100,1600992
2015-05-12,73.0000,74.9800,72.0900,74.2600,837206
2015-05-11,73.7100,74.6600,73.3900,73.9900,758603
2015-05-08,74.8500,76.2600,73.9000,73.9100,1862694
2015-05-07,73.2900,74.4100,73.0500,74.0100,682815
2015-05-06,73.5000,73.9770,72.3400,73.3000,889629
2015-05-05,73.0000,73.7900,71.4200,73.2800,1886343
2015-05-04,73.7300,74.5400,73.4250,73.6100,869202
2015-05-01,74.5700,75.4850,73.5200,73.7500,1455840
2015-04-30,76.6600,77.5700,74.5700,74.8600,1728100
2015-04-29,74.6200,79.5000,73.6412,77.4700,2818653
2015-04-28,74.9800,75.9600,74.0000,74.9900,1127210
2015-04-27,76.7900,76.7900,74.4200,74.7600,1342558
2015-04-24,77.3100,77.3450,76.0100,76.0900,1380861
2015-04-23,77.1000,77.7100,76.7500,76.8800,1803694
2015-04-22,77.9300,78.2299,76.7000,77.7200,2243700
2015-04-21,75.5100,77.8100,75.5100,77.5000,3631247
2015-04-20,73.6000,75.6600,72.7800,74.6400,3783547
2015-04-17,74.7500,74.9900,70.3200,73.2900,13045337
2015-04-16,80.3600,83.4500,80.3050,82.8400,4304118
2015-04-15,80.4600,80.9500,79.7100,80.7500,1159462
2015-04-14,80.7400,81.0900,79.5050,80.2000,1003516
2015-04-13,82.7900,83.5200,80.6600,80.7300,1218535
2015-04-10,81.7700,82.3600,81.1100,82.3400,698868
2015-04-09,80.7200,81.9000,79.7800,81.7400,872934
2015-04-08,78.7600,81.0000,78.7600,80.8400,1137380
2015-04-07,78.6900,79.9500,78.3250,78.4700,842051
2015-04-06,76.9300,79.1000,75.9800,78.2400,1790022
2015-04-02,75.7500,76.2300,75.1400,76.1200,1129214
2015-04-01,78.5500,78.7700,75.1260,75.6500,1987612
2015-03-31,79.2600,80.0400,78.6100,78.7800,975037
2015-03-30,78.9600,80.0000,78.8300,79.4400,611638
2015-03-27,77.3100,78.8000,76.9000,78.4700,782538
2015-03-26,75.5600,77.6800,75.0000,77.0300,1620989
2015-03-25,79.4900,79.4900,76.1100,76.2000,1430948
2015-03-24,79.2800,80.3900,79.0500,79.2500,654940
2015-03-23,79.3700,79.8200,78.7600,79.2800,570245
2015-03-20,80.5400,81.0000,79.0000,79.3800,1304932
2015-03-19,79.8800,80.9900,79.8500,80.4600,702245
2015-03-18,80.0000,81.0000,79.0600,80.0500,1126086
2015-03-17,79.1700,80.1500,78.9000,79.9000,1569093
2015-03-16,77.2600,79.1800,76.9500,78.6500,1212862
2015-03-13,76.6200,77.3000,75.9700,76.9200,1116664
2015-03-12,74.3500,76.6600,74.2400,76.6600,1781380
2015-03-11,73.7500,74.8100,73.4400,74.2400,710221
2015-03-10,73.6000,74.0700,72.6100,73.5900,873527
2015-03-09,74.0000,74.3200,72.4200,74.2400,721651
2015-03-06,74.2800,75.2900,73.5200,74.0600,907379
2015-03-05,73.6000,75.4400,73.4520,74.7000,1052105
2015-03-04,74.9700,75.0600,73.3700,73.6000,1178468
2015-03-03,76.1200,76.9400,74.6100,75.4500,1148099
2015-03-02,75.9700,76.8000,75.1300,76.4400,1382508
2015-02-27,79.2000,79.2000,75.9500,76.2600,3541960
2015-02-26,80.0100,81.2400,78.8600,79.5300,1960209
2015-02-25,78.1700,79.4100,78.0700,79.0300,1422967
2015-02-24,78.7800,79.0000,77.9300,78.7500,1156504
2015-02-23,78.7700,79.3700,78.3600,78.6700,1124221
2015-02-20,77.9100,79.3000,77.5201,79.0600,1004251
2015-02-19,77.3800,78.9900,77.0700,78.1600,1057631
2015-02-18,77.0000,77.7200,76.1000,77.4800,871186
2015-02-17,77.1200,77.2500,75.4600,76.8800,949655
2015-02-13,76.2500,77.6400,74.9900,77.5500,1470870
2015-02-12,73.8800,75.9700,73.8500,75.9500,1488855
2015-02-11,72.8200,73.9999,72.4600,73.8800,1039807
2015-02-10,73.1300,73.5400,72.5500,73.3200,1147954
2015-02-09,74.2700,74.6500,72.7700,72.8800,930630
2015-02-06,73.9200,75.1500,73.3600,74.9400,1053836
2015-02-05,74.9000,75.2740,73.7900,74.2200,1549703
2015-02-04,72.5000,74.7500,71.9600,74.6100,1608777
2015-02-03,72.9900,73.4400,71.7300,72.6500,1335892
2015-02-02,72.3300,73.0000,70.0700,72.9900,2084767
2015-01-30,72.6100,73.4500,70.5000,72.9000,2233462
2015-01-29,73.0500,74.3500,70.0400,73.8800,3751975
2015-01-28,68.5000,70.2100,66.9400,68.9100,2672856
2015-01-27,67.2600,68.1800,66.4100,67.9100,879654
2015-01-26,68.7000,68.7000,66.5000,68.0100,883389
2015-01-23,66.5900,69.5000,66.5500,68.7400,1029797
2015-01-22,66.1900,66.5500,64.5700,66.1400,490190
2015-01-21,64.7100,66.8410,64.3700,65.5200,755601
2015-01-20,63.8400,65.0500,62.5500,64.8300,874524
2015-01-16,63.6200,64.2050,63.1000,63.9600,837187
2015-01-15,66.6900,66.6900,63.4400,63.6300,1017586
2015-01-14,66.1900,66.6000,65.4200,66.3400,755558
2015-01-13,67.8000,69.4400,66.4600,67.2700,641265
2015-01-12,67.1200,68.4400,66.5000,68.1900,799564
2015-01-09,69.2800,69.2800,66.2300,67.1100,1035256
2015-01-08,67.8700,69.0800,67.4400,68.8900,640288
2015-01-07,66.9100,67.4700,66.0000,67.0900,622984
2015-01-06,67.1800,67.8700,65.1675,66.3300,857475
2015-01-05,66.5700,68.3700,66.4300,67.1500,800527
2015-01-02,67.8100,68.4900,66.2700,67.3800,815825
2014-12-31,67.9400,68.9300,67.6240,67.8500,573883
2014-12-30,68.4500,69.1700,67.0900,67.8800,809751
2014-12-29,69.9600,69.9600,68.2500,68.8600,462008
2014-12-26,69.7700,70.9000,69.5300,70.1200,386804
2014-12-24,69.6100,70.4500,69.3300,69.6900,269751
2014-12-23,70.0000,70.6399,69.5200,69.5700,976846
2014-12-22,69.0000,70.5400,68.9900,69.7100,1003743
2014-12-19,68.2200,69.3400,68.0550,69.1000,1560661
2014-12-18,66.7500,68.1200,66.6800,68.0800,1467100
2014-12-17,64.0500,66.0200,63.0000,65.6900,1321841
2014-12-16,63.9000,65.4400,62.6500,63.5800,1760217
2014-12-15,62.7500,63.8000,62.0900,63.4400,1606445
2014-12-12,60.7500,61.8300,60.5100,61.2500,1216581
2014-12-11,61.8900,62.5800,61.1500,61.3500,923921
2014-12-10,62.5300,63.4800,60.9700,61.2600,1409498
2014-12-09,60.8900,62.1800,59.5800,62.0300,724990
2014-12-08,61.9900,63.2400,61.3200,61.6900,1136449
2014-12-05,62.6600,62.8100,61.9800,62.6300,767694
2014-12-04,61.4000,62.6750,61.1500,62.5000,890313
2014-12-03,61.6700,62.0950,60.5800,61.8300,1124047
2014-12-02,61.7800,61.9800,60.4800,61.7300,1429700
2014-12-01,63.4100,63.4400,61.1600,61.8500,1114264
2014-11-28,62.6700,64.6600,62.0000,63.9600,478477
2014-11-26,63.0200,64.5500,62.8600,63.9700,830209
2014-11-25,63.9000,63.9799,62.7600,62.9800,848932
2014-11-24,64.3600,64.5700,63.5100,63.9700,924979
2014-11-21,65.0600,65.7500,63.7400,63.9800,924079
2014-11-20,63.2800,64.6000,62.6900,64.1300,1194901
2014-11-19,64.9400,65.0699,62.6900,63.7200,802579
2014-11-18,65.2100,65.9800,64.6200,64.9800,919149
2014-11-17,67.0100,67.4025,64.3700,65.3200,1129535
2014-11-14,66.7700,67.6100,66.5100,67.5100,614362
2014-11-13,67.6200,68.2600,66.5100,66.9700,773109
2014-11-12,67.7700,68.6400,67.3500,67.6800,1247630
2014-11-11,68.6200,69.0000,67.9400,68.1500,809465
2014-11-10,67.4000,69.3400,67.0900,68.9100,1335740
2014-11-07,66.6600,68.2800,66.1200,67.7900,771728
2014-11-06,65.6900,67.5100,65.6200,66.8500,1408968
2014-11-05,67.1500,67.2400,65.2400,65.5500,922001
2014-11-04,66.1300,67.0800,65.9600,66.8800,838997
2014-11-03,67.4400,67.9900,66.0100,66.2100,1289813
2014-10-31,67.4600,69.8700,67.1900,67.9300,1712333
2014-10-30,67.7700,68.6400,67.3500,67.6800,1119991
2014-10-29,66.8400,66.9700,64.9500,65.0300,1240569
2014-10-28,64.4900,67.1500,64.2100,66.9700,1629132
2014-10-27,65.1400,65.4400,63.9700,64.0900,1145486
2014-10-24,63.9000,66.4900,63.7001,65.4500,2327151
2014-10-23,59.7500,65.4800,59.5200,64.5400,5352417
2014-10-22,60.4800,60.6697,57.8700,58.0700,1798590
2014-10-21,59.6200,61.3000,59.5400,60.4800,1519183
2014-10-20,60.2300,61.1250,58.9300,59.2800,1046322
2014-10-17,58.2100,61.1000,57.7500,60.3800,1557231
2014-10-16,55.8700,58.2000,55.5600,57.2500,1208872
2014-10-15,55.0400,57.9700,54.0500,57.4000,1269597
2014-10-14,54.9300,56.4800,54.1300,56.0300,1943066
2014-10-13,56.8300,57.5200,54.1100,54.2000,1941068
2014-10-10,57.9100,58.6600,56.4700,56.4700,1019894
2014-10-09,59.2800,60.8100,58.3400,58.3600,1275670
2014-10-08,57.9900,59.5100,56.3000,59.3600,801660
2014-10-07,60.0500,60.0500,57.7200,57.8200,713632
2014-10-06,60.2500,61.8900,59.9600,60.5300,1109561
2014-10-03,58.2500,60.3800,58.2100,60.2900,1000482
2014-10-02,57.4400,58.0880,55.8000,57.9200,875111
2014-10-01,58.4900,58.4900,56.6000,57.3000,1079011
2014-09-30,59.8600,60.2200,58.1700,58.7800,1109813
2014-09-29,58.9000,59.8000,58.7400,59.7900,530798
2014-09-26,58.4300,59.7900,58.3100,59.5600,614732
2014-09-25,59.9600,60.1500,58.2500,58.4000,919658
2014-09-24,59.1700,60.3600,58.8800,60.0700,874526
2014-09-23,60.2300,60.6800,59.1600,59.1700,1217121
2014-09-22,61.9600,61.9600,60.1100,60.6000,866426
2014-09-19,61.7600,63.6690,61.6400,62.3400,3001300
2014-09-18,61.0200,61.4500,60.2300,61.3100,846600
2014-09-17,59.8000,61.4700,59.6900,61.0100,1417900
2014-09-16,58.4600,60.2600,58.2000,59.9100,1515500
2014-09-15,62.4300,62.4300,57.8900,58.9800,1421200
2014-09-12,63.1500,63.1600,61.1400,61.6100,1449500
2014-09-11,62.2500,63.3900,61.6300,63.3600,1499600
2014-09-10,62.2000,62.6600,61.4400,62.4800,1483300
2014-09-09,63.8400,63.9700,61.9600,62.2300,1190100
2014-09-08,62.7500,64.9800,62.7200,64.3100,1925500
2014-09-05,61.2100,62.6800,60.6800,62.4700,872600
2014-09-04,62.8000,62.9900,60.8900,61.2600,1115900
2014-09-03,63.3200,63.7500,62.2600,62.7400,1521700
2014-09-02,61.2700,62.8800,60.5100,62.8500,1569000
2014-08-29,59.7800,61.5800,59.7600,61.1300,1669900
2014-08-28,60.0000,60.0000,59.3600,59.5300,884700
2014-08-27,60.1100,60.6700,59.5600,60.0800,1346300
2014-08-26,58.8800,59.9900,58.2200,59.7300,1012100
2014-08-25,60.0000,60.0000,58.4700,58.8200,994300
2014-08-22,56.9700,60.4000,56.6200,59.6200,2081200
2014-08-21,57.6400,57.9300,56.5700,56.9000,833500
2014-08-20,57.8100,58.5200,57.1400,57.5300,1246200
2014-08-19,56.1400,57.7800,56.1400,57.7100,1724600
2014-08-18,55.3500,56.1000,55.2200,56.0000,1450500
2014-08-15,55.1000,55.4600,54.1100,54.7000,937400
2014-08-14,55.4100,55.4700,54.5600,54.8900,725700
2014-08-13,55.0000,55.3900,54.5300,55.3100,1439400
2014-08-12,56.0000,56.2700,54.3500,54.6100,928400
2014-08-11,55.4100,56.0700,54.8900,55.9900,795300
2014-08-08,55.7700,55.7700,54.5100,55.0000,1027300
2014-08-07,55.7700,56.1600,54.8900,55.3600,1012100
2014-08-06,56.0400,56.6900,55.1900,55.3700,1617500
2014-08-05,57.0600,58.1100,56.4200,56.6300,1166000
2014-08-04,56.8300,57.9300,56.4700,57.7100,1196000
2014-08-01,56.8300,57.9300,56.4700,57.7100,1959800
2014-07-31,57.3700,61.4500,57.0600,58.8000,3004500
2014-07-30,60.0000,63.1700,59.7200,62.6400,3363800
2014-07-29,58.2700,59.8500,57.8800,59.7000,1222000
2014-07-28,59.5600,59.9700,57.6500,58.3300,2003600
2014-07-25,59.0200,59.9800,58.5200,59.7300,654000
2014-07-24,58.3700,59.6200,58.1200,59.4300,1168700
2014-07-23,59.0800,59.1700,57.8700,58.2300,976300
2014-07-22,59.2800,60.3100,58.3600,58.5500,1358200
2014-07-21,57.0300,59.0400,56.6900,58.8800,1508500
2014-07-18,56.9400,58.4100,56.8500,57.5200,1458000
2014-07-17,55.9500,57.2200,55.9500,56.6100,2246700
2014-07-16,56.6500,57.1600,55.6150,56.3200,1174700
2014-07-15,57.6700,58.1500,55.7700,56.0200,1432800
2014-07-14,57.7200,59.0000,57.0800,57.5500,1067800
2014-07-11,57.5900,58.0200,56.2900,57.0200,1025800
2014-07-10,55.6800,58.3000,54.1200,57.5000,1511700
2014-07-09,56.1700,56.8800,55.3100,56.6400,1249400
2014-07-08,59.6400,59.7250,55.5200,55.8800,3228700
2014-07-07,61.3300,61.7100,59.6700,59.9300,1300400
2014-07-03,62.3300,62.3300,61.1900,61.6000,598100
2014-07-02,63.1700,63.4800,61.7000,62.1200,1193100
2014-07-01,62.3600,64.6100,62.1900,63.5800,2406100
2014-06-30,61.4000,62.3400,61.4000,61.9600,1521500
2014-06-27,61.5100,62.5100,60.6500,61.4000,4465700
2014-06-26,61.7800,62.1800,60.8300,61.6300,1235900
2014-06-25,60.8900,62.0200,60.6010,61.9300,885300
2014-06-24,60.9400,62.8100,60.9400,61.0900,1353400
2014-06-23,60.0700,61.3000,59.5200,61.2300,1542700
2014-06-20,60.2000,60.5200,59.0920,60.4700,1214400
2014-06-19,60.7500,60.7500,59.2100,60.0200,1036700
2014-06-18,60.2600,60.7100,59.2500,60.5200,1266600
2014-06-17,59.7600,60.4300,58.8700,60.0000,1787400
2014-06-16,58.9600,60.1200,58.3600,59.9600,1630200
2014-06-13,57.5600,59.2100,56.9601,59.2000,1869100
2014-06-12,57.2300,58.9000,56.2400,57.4800,2378400
2014-06-11,55.6300,57.8500,55.2200,57.8000,1757300
2014-06-10,55.8800,56.8500,54.9500,55.9700,1235200
2014-06-09,56.7700,57.4900,55.6400,55.9400,1554700
2014-06-06,54.0700,56.9900,53.9100,56.6100,3493300
2014-06-05,51.4300,53.9800,50.7940,53.8900,2883500
2014-06-04,50.1000,51.4225,49.2800,51.3900,1398700
2014-06-03,49.9000,50.7500,48.6700,50.4100,2854200
2014-06-02,52.3300,52.3400,49.4600,50.2600,3069100
2014-05-30,54.0600,54.3600,51.5100,52.3100,2385100
2014-05-29,53.9800,54.7800,53.5200,54.3900,1646700
2014-05-28,54.2100,54.3800,52.1300,53.8100,3027900
2014-05-27,52.7500,54.4500,52.6000,54.3000,3130900
2014-05-23,50.5000,52.9600,49.8600,52.5300,2624200
2014-05-22,48.4300,50.8100,48.0000,50.4400,1716000
2014-05-21,48.6300,49.4300,47.7000,48.3700,1192500
2014-05-20,48.4000,49.2600,47.0100,48.4900,1716600
2014-05-19,47.1800,48.9300,46.8000,48.4000,1605400
2014-05-16,48.0000,48.1100,46.3400,47.3900,2116200
2014-05-15,47.1900,48.0400,45.9600,47.8200,2179200
2014-05-14,47.1700,48.7500,46.8100,47.5700,1195600
2014-05-13,48.2800,49.0000,47.3100,47.3300,1920100
2014-05-12,46.8300,48.9400,46.0800,48.5100,2209000
2014-05-09,46.5000,47.5300,45.8700,46.4600,2414600
2014-05-08,46.4900,48.1700,45.6701,46.7400,3065200
2014-05-07,49.6400,49.7400,45.5300,47.0600,6097000
2014-05-06,52.2400,52.7400,49.4600,49.4900,2199700
2014-05-05,50.5600,52.2400,49.8200,52.2200,2522500
2014-05-02,50.7300,51.9400,49.3200,51.1800,2653400
2014-05-01,49.2500,53.0400,49.0200,50.4800,3002400
2014-04-30,49.1500,50.1000,47.8400,49.7200,3084000
2014-04-29,46.4000,50.4200,46.4000,49.1700,4090000
2014-04-28,47.6000,49.0800,44.1700,46.4200,5747400
2014-04-25,49.5900,49.8600,47.0400,47.2300,4431600
2014-04-24,54.7000,54.7000,45.0700,49.8800,10440700
2014-04-23,55.0900,55.1500,52.5200,53.0700,3319000
2014-04-22,53.4700,55.3300,53.1600,55.2300,2329300
2014-04-21,52.1000,53.3699,51.3000,53.1500,1806900
2014-04-17,53.1500,53.9700,51.9000,53.2600,1716100
2014-04-16,52.1200,53.5100,50.9500,53.2900,3210100
2014-04-15,49.9400,51.9900,48.6300,51.7100,2537700
2014-04-14,50.1200,51.1400,48.8000,49.6500,2130500
2014-04-11,49.9100,50.8400,49.1000,49.6700,2564300
2014-04-10,54.7400,54.8900,49.8400,50.6300,4070300
2014-04-09,52.0300,55.0000,51.1500,54.8800,4494400
2014-04-08,51.2100,52.2500,50.2600,50.8600,8369300
2014-04-07,51.7500,52.6800,49.2100,50.9400,4198500
2014-04-04,55.5000,55.8000,51.8700,52.3200,5890200
2014-04-03,61.0800,61.3300,53.7700,54.6800,5284200
2014-04-02,63.2300,63.9600,60.5000,61.2700,1637200
2014-04-01,60.0700,62.5500,59.7100,62.5300,2254000
2014-03-31,58.3800,59.9500,57.8601,59.9200,1877100
2014-03-28,59.2800,59.6900,57.8000,57.9100,1526400
2014-03-27,57.2000,59.2500,55.1401,59.0100,3127900
2014-03-26,60.0000,60.7100,57.3900,57.5500,1892600
2014-03-25,61.8000,62.2500,57.5700,59.2100,3397300
2014-03-24,62.6300,63.0600,59.5800,61.5400,2764700
2014-03-21,66.6400,66.6400,62.5300,62.5600,2996200
2014-03-20,66.8700,68.5800,66.4300,66.6000,1109600
2014-03-19,68.4600,68.8900,67.0000,67.4400,825700
2014-03-18,67.0800,69.4500,66.5100,68.4600,1334300
2014-03-17,66.8000,67.9700,66.3500,66.9900,751100
2014-03-14,67.6400,68.0360,66.0700,66.1800,1150700
2014-03-13,69.2900,69.4100,66.0100,67.7400,1232900
2014-03-12,66.4400,68.9900,65.8000,68.8200,1223700
2014-03-11,67.1800,68.1760,66.2300,66.9400,1214700
2014-03-10,66.9400,67.2200,65.4100,66.9000,1529800
2014-03-07,69.2500,69.3200,66.2600,67.1400,1373800
2014-03-06,70.2500,70.4000,68.3250,68.5700,1450600
2014-03-05,70.7200,71.4600,69.4300,70.0300,1322600
2014-03-04,68.7800,71.3400,68.7400,70.8100,1780800
2014-03-03,66.7800,67.9800,65.5800,67.9500,1638200
2014-02-28,69.6900,70.2000,65.7800,68.0600,1804400
2014-02-27,68.9200,71.8000,68.9200,70.1200,2123100
2014-02-26,68.6300,70.4200,68.2000,68.6800,1377900
2014-02-25,69.0000,69.3000,67.8100,68.7600,886400
2014-02-24,68.8800,69.8500,68.5050,68.9000,930500
2014-02-21,67.4500,71.1000,67.2283,69.2800,2324200
2014-02-20,67.0000,67.3800,66.0400,67.0800,790300
2014-02-19,67.2800,67.4600,66.0200,66.7500,817700
2014-02-18,67.1000,67.8900,67.0000,67.5200,1267700
2014-02-14,67.5500,68.0000,66.6740,67.5300,972300
2014-02-13,65.3900,68.4800,65.1425,67.6500,1211600
2014-02-12,66.1800,66.8400,65.5100,66.1900,817200
2014-02-11,65.5000,66.5299,65.0400,66.1300,862000
2014-02-10,65.9600,66.0800,65.2100,65.8400,1524000
2014-02-07,62.0200,67.7100,62.0200,66.2900,2964300
2014-02-06,63.6800,63.9100,61.9900,62.6500,1540200
2014-02-05,64.3400,64.6900,61.8710,63.5300,1993500
2014-02-04,63.6100,64.6250,63.1400,64.1500,2261900
2014-02-03,63.0700,65.1900,61.4600,62.9600,2942100
2014-01-31,63.9900,64.6900,62.3100,63.4300,3252800
2014-01-30,68.4500,70.4800,65.2700,65.6100,6921500
2014-01-29,58.1900,58.2200,56.4400,57.6000,1998900
2014-01-28,58.2700,59.4900,57.9900,58.9600,1527500
2014-01-27,59.0600,59.1710,56.0700,58.0000,2477000
2014-01-24,62.5900,62.8200,58.0600,58.5600,1950900
2014-01-23,61.0900,62.4800,60.6500,62.4600,795600
2014-01-22,60.8000,61.6800,60.4900,61.4800,932300
2014-01-21,62.2400,62.7700,60.6500,60.8000,1688600
2014-01-17,61.6700,63.0400,61.5800,62.0500,1199000
2014-01-16,60.0000,62.2300,59.6900,61.8900,1532900
2014-01-15,58.0000,60.4900,58.0000,60.3100,1530500
2014-01-14,57.4500,58.0400,56.4500,57.6300,1432900
2014-01-13,59.6800,59.9800,56.7600,57.0900,1978700
2014-01-10,58.0200,59.5000,57.5100,59.3800,1290800
2014-01-09,58.9000,59.0800,57.4504,57.6600,1800100
2014-01-08,58.2600,59.0800,57.5500,57.8900,1544800
2014-01-07,56.0700,58.8500,56.0400,57.7800,2306200
2014-01-06,55.1000,56.4700,55.1000,55.7300,1143800
2014-01-03,54.6700,55.7000,54.3600,55.1800,668100
2014-01-02,55.5700,56.7100,55.1500,55.6900,917300
2013-12-31,55.3900,56.0400,55.3900,56.0100,422900
2013-12-30,55.5300,55.6700,55.2300,55.5100,748300
2013-12-27,55.2100,55.6300,55.0210,55.5000,606300
2013-12-26,54.9400,55.1300,54.5300,55.0700,449900
2013-12-24,54.8400,55.2200,54.4400,55.0500,435200
2013-12-23,54.7500,55.8400,54.6300,55.2400,1538100
2013-12-20,51.2300,54.2700,51.1100,54.2100,3200900
2013-12-19,50.8300,51.5500,50.1500,50.8400,1157500
2013-12-18,51.5300,51.8800,50.1600,51.0100,1104800
2013-12-17,51.1000,51.6100,50.7800,51.4300,1238300
2013-12-16,51.0200,51.9900,50.6200,51.3700,1842300
2013-12-13,49.4900,50.8400,49.2500,50.5300,1928600
2013-12-12,49.3500,49.5900,48.2200,49.0000,2265500
2013-12-11,50.9900,51.1800,49.3100,49.3500,1813900
2013-12-10,50.9000,51.3525,50.7400,50.8600,1300200
2013-12-09,52.9800,53.0000,51.2200,51.6300,1604900
2013-12-06,54.1400,54.2850,52.5300,52.7100,861400
2013-12-05,52.9600,54.0600,52.4900,53.4900,1093800
2013-12-04,51.5200,53.3200,51.5200,53.2000,1354000
2013-12-03,52.0600,52.5300,51.7200,51.9800,638300
2013-12-02,53.2000,53.2500,51.9000,52.3400,1120600
2013-11-29,53.9600,54.4400,52.4200,53.1100,589900
2013-11-27,54.4500,54.4600,53.4000,53.7600,740600
2013-11-26,53.2200,55.0600,52.6400,54.5000,7598300
2013-11-25,55.4900,55.5000,52.1700,52.6100,1833000
2013-11-22,53.2500,55.8200,52.8400,55.4200,2571300
2013-11-21,51.6400,52.8900,51.1400,52.8400,1227300
2013-11-20,51.8400,52.5200,50.5400,51.1500,1457000
2013-11-19,52.0100,52.7500,51.0800,51.8500,2327400
2013-11-18,53.2700,53.6800,51.4300,51.6600,1130100
2013-11-15,53.0500,53.4900,52.6300,53.1000,765800
2013-11-14,53.3700,53.8600,52.4100,52.6200,1126300
2013-11-13,52.0000,53.5700,51.5400,53.5400,1145000
2013-11-12,52.0000,52.8100,51.5000,52.3500,1389300
2013-11-11,51.8200,52.4900,51.7100,51.9600,1141200
2013-11-08,51.5300,52.9900,51.2000,51.8600,1963000
2013-11-07,54.1400,54.4200,51.5200,51.7900,3767000
2013-11-06,55.0300,55.3500,51.8000,53.7300,2555600
2013-11-05,54.1600,56.3550,53.9200,55.3600,1294700
2013-11-04,54.1400,54.4100,53.7100,54.1600,1058500
2013-11-01,54.2200,54.5100,53.0100,53.8100,1217900
2013-10-31,54.1700,54.9200,52.8200,54.6100,972200
2013-10-30,54.0300,55.1700,53.7048,54.1000,1058100
2013-10-29,54.8100,55.4900,53.9300,54.0500,1179400
2013-10-28,56.6000,56.9400,54.6800,54.8400,1120800
2013-10-25,57.5500,57.8000,56.0500,56.6900,2050900
2013-10-24,54.7500,58.4100,54.7500,58.3700,3032100
2013-10-23,54.0000,54.0000,52.5000,52.9600,1418300
2013-10-22,54.2200,54.5700,52.5900,54.0800,1281800
2013-10-21,52.6800,54.0400,52.6800,53.8800,1108700
2013-10-18,52.1500,52.3800,51.2400,51.8300,628700
2013-10-17,51.5700,52.0000,50.8800,51.7100,1325400
2013-10-16,50.1100,52.2950,50.0400,51.8500,1204900
2013-10-15,51.9200,51.9200,49.6800,49.6900,1080700
2013-10-14,51.1800,52.9000,50.7700,51.9000,716500
2013-10-11,51.6500,51.8900,50.8800,51.5900,726800
2013-10-10,49.0500,51.8200,48.7000,51.6000,1422400
2013-10-09,48.9200,49.0800,47.3701,48.0800,1583100
2013-10-08,53.0600,53.0600,47.6400,48.9100,4258200
2013-10-07,54.2600,55.4600,53.1350,53.2500,1235700
2013-10-04,53.0900,55.4600,52.8100,54.4300,1688800
2013-10-03,52.3900,52.9000,51.5600,52.1500,1512800
2013-10-02,51.3500,52.4200,51.2150,52.2700,1158200
2013-10-01,51.6000,51.8900,50.6100,51.4900,1288600
2013-09-30,52.1000,52.3400,51.1700,51.9500,1383100
2013-09-27,52.4400,53.0000,52.3600,52.5200,838400
2013-09-26,52.5800,52.7800,52.1300,52.3900,1147400
2013-09-25,52.6800,53.1100,52.1800,52.3500,1009900
2013-09-24,51.7200,53.1100,51.5700,52.5900,1064400
2013-09-23,52.0000,52.3900,51.5000,51.8200,1414400
2013-09-20,51.6300,52.2600,51.2600,52.2300,3875100
2013-09-19,51.4000,51.7500,51.0800,51.5700,990200
2013-09-18,50.6684,51.6500,50.4400,51.2200,2185500
2013-09-17,48.6200,49.4100,48.6200,49.3400,1454800
2013-09-16,48.9600,49.8500,48.2150,48.7500,1323600
2013-09-13,49.4400,49.5500,47.3400,48.7900,1667100
2013-09-12,50.0000,50.3500,49.4100,49.4500,1246400
2013-09-11,49.8600,50.2700,49.5500,49.8900,1185100
2013-09-10,49.3000,49.9700,49.1500,49.8800,927200
2013-09-09,47.0200,49.4700,46.6100,49.1400,1801500
2013-09-06,47.8100,48.0000,46.5200,46.9500,1980300
2013-09-05,47.2500,48.0900,46.8000,47.6000,1251100
2013-09-04,47.6000,47.6000,46.1200,47.2000,1213100
2013-09-03,47.1000,47.6400,46.4100,46.9000,1931300
2013-08-30,46.9000,47.0500,45.9800,46.8800,2180000
2013-08-29,45.9200,47.0300,45.9000,47.0000,766900
2013-08-28,46.4600,46.8300,45.8700,46.4300,1026800
2013-08-27,46.7200,46.7200,45.6100,46.0800,1728500
2013-08-26,45.8200,47.8300,45.5800,47.3500,2247500
2013-08-23,45.4500,46.2700,45.4500,45.7400,1787700
2013-08-22,45.1400,46.6000,45.0400,45.5600,1814800
2013-08-21,44.2000,46.0300,44.0200,45.4600,3527200
2013-08-20,43.6500,44.6100,43.5200,44.4800,894100
2013-08-19,44.3500,44.3800,43.6625,43.8800,1747400
2013-08-16,43.6900,44.6100,43.3200,44.4700,2291100
2013-08-15,42.9200,43.6100,42.6800,43.6100,1890900
2013-08-14,41.5900,43.5600,41.5300,43.5100,1712400
2013-08-13,42.1600,42.1600,41.3500,41.5900,690700
2013-08-12,41.9000,43.0000,41.7700,42.0600,964500
2013-08-09,42.6000,42.9600,42.1700,42.4900,1123300
2013-08-08,41.7100,42.8800,41.3300,42.6800,928900
2013-08-07,42.2400,42.3100,41.3500,41.6400,1371500
2013-08-06,43.5000,43.6800,41.9300,42.3000,2022400
2013-08-05,45.3600,45.3600,43.9100,44.0100,1146900
2013-08-02,45.6000,46.0000,45.1900,45.6200,3911600
2013-08-01,46.0900,47.4300,42.5700,46.4000,4926500
2013-07-31,43.2900,43.9100,43.1600,43.5800,1642900
2013-07-30,43.7500,43.9100,42.8900,43.2100,1061100
2013-07-29,44.1000,44.6200,43.6000,43.7500,133400
2013-07-26,45.0900,45.2900,44.0500,44.1400,711200
2013-07-25,44.4700,45.5700,44.4700,45.3800,807500
2013-07-24,43.9500,44.9400,43.9500,44.5400,1067800
2013-07-23,44.0000,44.0000,43.4100,43.5200,670800
2013-07-22,44.0000,44.0100,43.6200,43.8300,787100
2013-07-19,44.5500,44.5500,43.8400,43.8900,718200
2013-07-18,43.7300,45.0700,43.5300,44.8400,1358500
2013-07-17,44.3600,44.6200,43.7000,43.7300,1135300
2013-07-16,45.3100,45.3825,43.9100,43.9900,1888400
2013-07-15,45.4300,45.9200,44.9600,45.2600,959900
2013-07-12,44.8400,46.5350,44.8200,45.4600,3341100
2013-07-11,44.0150,44.8100,43.9000,44.4300,1839600
2013-07-10,42.9800,44.0000,42.8900,43.4700,948100
2013-07-09,43.0500,43.4500,42.1800,43.2900,1120300
2013-07-08,43.1400,44.0000,42.7900,42.8700,1540300
2013-07-05,41.7700,43.3400,41.6800,43.3100,1393900
2013-07-03,40.9300,41.8200,40.9300,41.7400,1015100
2013-07-02,40.7900,41.2850,40.5300,41.2100,1036500
2013-07-01,40.2100,41.4000,39.8250,40.7900,1504500
2013-06-28,40.8600,41.3500,40.2100,40.3900,4739000
2013-06-27,41.0000,41.4000,40.1900,40.9300,2101700
2013-06-26,40.0000,41.0000,39.8200,40.8900,1638300
2013-06-25,39.7500,40.0100,39.0400,39.6000,905800
2013-06-24,38.9200,40.0200,38.1200,39.4300,1700600
2013-06-21,38.8600,39.2800,37.6100,39.2400,1677000
2013-06-20,38.3105,38.5200,37.7800,38.3300,1137100
2013-06-19,37.7800,39.6100,37.7800,38.6900,1614900
2013-06-18,38.3700,38.4400,37.2300,37.6700,1359900
2013-06-17,37.7600,38.1800,37.4600,38.0400,812900
2013-06-14,37.9200,38.3000,37.2400,37.2500,645800
2013-06-13,38.3300,38.3300,35.9000,37.9300,2042700
2013-06-12,40.3400,40.4900,38.2300,38.3700,2877500
2013-06-11,39.4400,40.2400,38.9001,39.9500,2812200
2013-06-10,39.3400,39.7600,38.9500,39.6500,1532100
2013-06-07,37.0000,39.2300,36.6100,39.1600,1598600
2013-06-06,35.7900,36.7500,35.5800,36.7400,645800
2013-06-05,35.9900,36.1050,35.6200,35.9100,783900
2013-06-04,36.8900,37.3100,35.8900,36.0900,973200
2013-06-03,36.5400,36.7700,35.9100,36.7500,1744600
2013-05-31,36.4000,37.1700,36.1500,36.7600,1115900
2013-05-30,36.8400,37.6700,36.6100,36.7700,1360400
2013-05-29,36.7900,37.0700,35.2100,36.7200,2483300
2013-05-28,38.5700,38.8800,37.2505,37.3100,624400
2013-05-24,37.6600,37.8600,37.0500,37.8100,671400
2013-05-23,37.7200,38.2400,36.5000,37.6500,1123600
2013-05-22,40.0600,40.9800,38.1000,38.4200,1375600
2013-05-21,40.1300,40.3900,39.2600,40.0400,1206000
2013-05-20,40.4800,41.0000,39.9600,40.3100,1829000
2013-05-17,39.7500,40.4800,39.4400,40.3900,1419200
2013-05-16,40.6000,41.0800,39.6500,39.9000,1867500
2013-05-15,40.0800,40.9800,40.0300,40.5300,2086900
2013-05-14,39.4500,40.3400,39.4300,40.2400,2498300
2013-05-13,39.2200,40.1400,39.0500,39.4700,1557800
2013-05-10,38.5400,40.2200,38.3100,38.9900,2527300
2013-05-09,39.2600,39.6000,38.5200,38.8500,1895100
2013-05-08,39.6200,40.2499,39.2900,39.5800,1440400
2013-05-07,40.5800,40.5800,39.0100,39.5200,1846400
2013-05-06,41.0000,41.0000,39.9500,40.4000,723400
2013-05-03,39.7300,41.0000,38.6900,40.9500,1527200
2013-05-02,39.7100,40.1700,38.7000,39.1400,1312000
2013-05-01,40.7500,40.7700,38.6499,38.8000,2944600
2013-04-30,41.9600,41.9700,40.2700,40.9600,1779900
2013-04-29,42.4000,43.0100,42.0700,42.0900,1030100
2013-04-26,43.1000,43.3000,41.8500,42.5100,2807700
2013-04-25,40.4600,43.9900,39.7600,43.3900,6029700
2013-04-24,37.5100,38.2100,37.4200,37.6200,1159800
2013-04-23,37.0000,38.3800,36.8500,37.3300,1934600
2013-04-22,36.2700,36.8700,35.9900,36.6700,903100
2013-04-19,36.3100,37.8500,36.1100,36.2900,1629200
2013-04-18,35.8100,36.5100,35.4600,36.0700,1248100
2013-04-17,35.8300,36.0900,34.9800,35.6300,693600
2013-04-16,35.0400,36.9400,34.9500,36.3500,1439100
2013-04-15,34.9800,35.5400,34.6400,34.9400,740400
2013-04-12,35.0500,35.5700,34.7600,35.1900,1170700
2013-04-11,35.6700,35.8000,34.8600,34.9900,866900
2013-04-10,35.6900,35.9700,35.2500,35.8500,764900
2013-04-09,35.5100,36.1300,35.2900,35.7600,600600
2013-04-08,35.2400,35.5900,35.0700,35.5500,716200
2013-04-05,34.2800,35.2000,34.2800,35.1700,543800
2013-04-04,34.4500,35.1400,34.1500,35.0500,721100
2013-04-03,35.6400,35.8100,33.9500,34.5300,1100600
2013-04-02,36.0400,36.0600,35.3200,35.7100,839700
2013-04-01,36.2000,36.4950,34.7800,35.2300,1391400
2013-03-28,36.7400,37.2400,35.9200,36.2000,744100
2013-03-27,36.1200,36.6900,35.9300,36.2100,608500
2013-03-26,36.3500,36.3850,35.6800,36.1400,583500
2013-03-25,36.3800,36.5100,35.7400,36.0500,473000
2013-03-22,36.3100,36.4900,35.8300,36.2700,723200
2013-03-21,34.6000,36.1700,34.4400,36.0000,1497800
2013-03-20,35.3600,35.4400,34.4400,34.7600,877900
2013-03-19,35.7700,36.0300,34.3900,34.4600,1187400
2013-03-18,36.6400,36.6400,35.4000,35.6300,1539400
2013-03-15,37.5800,37.7500,37.0900,37.1000,1551700
2013-03-14,37.8300,37.8660,36.5700,37.4500,1129600
2013-03-13,37.8800,38.1800,37.0100,37.6100,996700
2013-03-12,37.0000,38.2200,37.0000,37.8300,1856700
2013-03-11,36.9100,37.1400,35.7200,37.0000,1185100
2013-03-08,36.9500,36.9500,36.3300,36.6600,610800
2013-03-07,36.8200,37.0000,36.4500,36.7700,572200
2013-03-06,36.4100,37.4700,35.7200,36.9500,2400700
2013-03-05,33.6500,36.8200,33.3300,36.5700,3713600
2013-03-04,32.4900,33.7800,32.4800,33.6800,1298700
2013-03-01,32.0600,33.0100,31.6900,32.7900,1562300
2013-02-28,32.1400,32.5500,31.7800,32.4700,937500
2013-02-27,31.5900,33.6300,31.2600,32.2000,1950400
2013-02-26,31.8800,32.1100,30.8900,31.2500,2125500
2013-02-25,33.4800,33.7500,32.0000,32.1700,1357600
2013-02-22,31.4500,33.8600,31.1100,33.4800,2128800
2013-02-21,32.1300,32.9000,31.1400,31.5400,2572500
2013-02-20,33.4000,33.9200,32.8400,32.9600,1476000
2013-02-19,33.6600,34.3300,32.8600,33.4600,3227700
2013-02-15,33.0000,34.1200,32.3410,33.8600,3513300
2013-02-14,30.6300,33.2100,30.4000,32.8800,5687800
2013-02-13,29.5900,29.8900,28.7000,29.7800,2704200
2013-02-12,29.5000,29.7500,29.0400,29.2500,679300
2013-02-11,29.7500,29.7500,29.1500,29.5500,721400
2013-02-08,29.3500,29.8300,29.2400,29.8300,1021300
2013-02-07,29.4200,29.4500,28.5810,29.4200,1066000
2013-02-06,29.3600,29.7850,29.3600,29.7200,757400
2013-02-05,28.9000,29.9200,28.6100,29.7800,1909700
2013-02-04,28.0000,29.1500,27.7000,28.9600,1650300
2013-02-01,26.3300,28.8400,25.7100,28.0700,8243400
2013-01-31,27.7500,30.5000,27.6500,27.7200,3539400
2013-01-30,30.0700,30.5000,28.5700,28.9700,2502000
2013-01-29,31.2200,31.2300,29.9000,30.2000,1111000
2013-01-28,30.8800,31.4700,30.7200,31.2500,944900
2013-01-25,29.5400,31.5000,29.3850,31.1000,1529400
2013-01-24,27.6400,29.5900,27.0000,29.5200,1730100
2013-01-23,27.5600,28.0100,27.4500,27.9300,601600
2013-01-22,27.1600,27.7200,26.8300,27.6200,905700
2013-01-18,27.5300,27.7500,27.1600,27.4000,392000
2013-01-17,27.4200,27.7800,27.2500,27.6000,953100
2013-01-16,27.2300,27.4800,26.8500,27.3400,798000
2013-01-15,26.0400,27.4800,25.5900,27.2200,1239100
2013-01-14,27.2200,27.2800,25.9400,26.0700,1047100
2013-01-11,26.6000,27.5000,26.4601,27.4600,1133800
2013-01-10,26.4500,26.6200,26.1500,26.4600,691200
2013-01-09,26.3500,26.6700,25.5400,26.3700,1430400
2013-01-08,27.3600,27.6100,25.6110,26.2000,2826800
2013-01-07,28.5400,29.1000,27.0210,27.3600,2517000
2013-01-04,29.8000,29.8400,28.9600,29.0200,1034400
2013-01-03,30.1000,30.4000,29.4100,29.6900,863100
2013-01-02,30.7500,30.7500,29.1800,30.2000,1525500
2012-12-31,28.9400,30.2500,28.9000,30.0300,1247300
2012-12-28,29.1600,29.4800,28.9000,29.0500,1107000
2012-12-27,29.4900,29.9900,29.2500,29.5200,1234900
2012-12-26,30.8400,30.9400,29.3900,29.9500,3430400
2012-12-24,32.2400,32.5690,30.9000,31.6600,675400
2012-12-21,32.4800,32.7400,32.2300,32.4900,622600
2012-12-20,32.2800,32.8500,32.2500,32.8300,343900
2012-12-19,32.8500,32.8500,31.9600,32.4300,439400
2012-12-18,31.0100,33.0000,31.0100,32.6300,834000
2012-12-17,30.5000,31.1300,30.0000,31.1000,382800
2012-12-14,30.2900,30.9400,30.0200,30.5400,374000
2012-12-13,30.3500,30.9600,29.8200,30.3300,410300
2012-12-12,30.0300,31.2800,29.4100,30.6300,834600
2012-12-11,29.6600,30.2400,29.3800,29.8300,471900
2012-12-10,29.4200,29.7500,29.2500,29.4500,191000
2012-12-07,29.5000,29.6190,28.8700,29.3000,373900
2012-12-06,29.3900,29.6500,29.0900,29.4700,651500
2012-12-05,30.4900,30.4900,28.5200,29.4100,1314800
2012-12-04,31.9800,32.3900,29.7450,30.1900,1279000
2012-12-03,31.3800,32.6500,31.1600,32.0400,1012200
2012-11-30,32.2300,33.0200,31.0800,32.6300,2460400
2012-11-29,31.5500,32.8200,31.1100,32.3000,715800
2012-11-28,30.5200,31.3800,29.9800,31.2100,446200
2012-11-27,30.5300,30.8000,29.2000,30.3000,1097400
2012-11-26,28.6100,30.8600,28.6100,30.5000,790800
2012-11-23,31.1800,31.2000,30.5100,30.7700,186700
2012-11-21,31.0300,32.1700,29.8800,31.1800,1658500
2012-11-20,30.9300,33.7500,30.7100,31.6700,981200
2012-11-19,30.5200,31.4400,28.8200,31.0600,1238600
2012-11-16,33.4300,34.5000,29.4500,30.3500,1798600
2012-11-15,28.3400,31.9800,28.2800,31.7900,7050800
2012-11-14,30.3900,30.6000,28.1500,28.7100,502900
2012-11-13,30.4900,30.4900,28.3830,29.4800,551000
2012-11-12,30.0000,30.9920,29.5200,29.6600,537300
2012-11-09,30.9100,31.5500,29.7140,30.0700,410200
2012-11-08,30.8700,31.5900,30.6800,30.9000,288000
2012-11-07,32.5300,32.7300,31.0000,31.2500,532700
2012-11-06,32.4100,33.5300,32.1800,32.9500,462300
2012-11-05,32.1500,32.5800,31.1625,32.2800,345100
2012-11-02,31.2300,32.7300,30.6120,32.1400,450200
2012-11-01,31.3300,31.6400,29.5510,31.0400,788600
2012-10-31,32.1100,32.7400,30.1200,30.6500,568900
2012-10-26,31.6800,32.9800,31.3900,31.8900,601700
2012-10-25,35.6500,37.5900,30.7110,31.3900,1953900
2012-10-24,34.5600,35.7700,34.0400,35.6500,604600
2012-10-23,33.3200,34.8600,32.6100,34.5600,440100
2012-10-22,34.4500,34.5000,32.5400,33.4400,721200
2012-10-19,34.8000,35.4800,33.9000,34.3500,534600
2012-10-18,34.7700,34.8800,34.5000,34.7900,261500
2012-10-17,34.3300,35.4600,34.0200,34.7700,684500
2012-10-16,34.6400,34.6400,33.7000,34.3100,503300
2012-10-15,32.8800,34.9100,32.8000,34.5100,754800
2012-10-12,34.8300,34.8300,32.8900,33.3200,597700
2012-10-11,35.0100,35.2900,34.3600,34.5000,267300
2012-10-10,36.0600,36.0600,34.6200,34.7800,446000
2012-10-09,36.6100,36.8000,35.7800,36.0000,505300
2012-10-08,36.6000,36.6600,35.9700,36.5300,251400
2012-10-05,37.2000,37.4500,36.5000,37.0000,449500
2012-10-04,36.7000,37.1966,36.7000,37.1500,145700
2012-10-03,36.5300,37.6800,36.5200,37.0300,283100
2012-10-02,36.0700,36.7500,35.5900,36.5000,586700
2012-10-01,37.9800,38.1430,34.6200,36.4800,903900
2012-09-28,39.9900,39.9900,36.1600,38.6800,1582500
2012-09-27,38.4000,40.3300,38.4000,40.0400,478800
2012-09-26,39.8500,39.8500,36.7700,38.0800,853900
2012-09-25,40.9000,41.7700,39.6100,39.9900,605400
2012-09-24,39.9000,40.7000,38.5800,40.3700,378700
2012-09-21,38.4800,39.8300,38.1000,39.6300,353400
2012-09-20,38.5000,38.6300,37.1800,38.0000,739400
2012-09-19,36.8800,38.7300,36.8400,38.6500,406300
2012-09-18,38.6500,38.6500,36.3800,36.8000,678000
2012-09-17,39.0000,39.7700,38.0300,38.1900,812300
2012-09-14,37.8800,39.3300,37.7150,39.0600,724100
2012-09-13,35.1300,38.3200,34.7100,37.5100,460400
2012-09-12,33.5400,35.4366,33.2600,35.0500,350500
2012-09-11,34.8000,35.1700,32.8400,33.0100,288500
2012-09-10,37.0000,37.0000,34.2400,34.3900,457300
2012-09-07,36.5000,37.3100,35.6200,36.5500,411000
2012-09-06,34.2000,36.0800,34.1100,36.0600,396200
2012-09-05,33.6600,34.3300,33.0100,34.1900,331700
2012-09-04,31.1100,33.8400,31.1084,33.6700,332800
2012-08-31,30.2400,31.5000,29.9200,31.1000,286000
2012-08-30,29.2400,31.0000,29.0300,29.7800,186500
2012-08-29,29.3900,29.7900,29.2500,29.4900,116600
2012-08-28,29.2700,29.7000,29.0503,29.3200,152500
2012-08-27,29.7000,31.3100,29.1300,29.2700,260000
2012-08-24,28.7900,29.9400,28.7900,29.7000,145600
2012-08-23,29.9300,30.6700,28.8100,29.0300,292200
2012-08-22,30.2700,30.5199,29.8280,29.8500,617800
2012-08-21,30.1900,30.6100,29.9500,30.2600,196700
2012-08-20,29.5500,29.9500,29.5500,29.8900,277700
2012-08-17,30.0000,30.0400,29.4400,29.6000,389300
2012-08-16,30.0600,30.5700,29.6000,29.7500,300500
2012-08-15,32.1100,32.1100,29.4700,29.6800,467800
2012-08-14,32.6500,33.9600,32.2000,32.2800,552400
2012-08-13,32.0300,32.5500,31.7200,32.4300,214900
2012-08-10,29.3700,32.0000,29.3700,31.6500,220000
2012-08-09,27.4800,30.0200,27.3000,29.5100,135500
2012-08-08,27.9100,27.9100,27.0100,27.5700,296700
2012-08-07,28.3000,28.7500,27.7900,28.0000,198000
2012-08-06,29.0000,29.1600,27.2300,28.0200,583800
2012-08-03,29.4300,31.4300,28.5800,28.6700,431000
2012-08-02,27.5000,29.3000,27.0000,29.0800,556900
2012-08-01,27.3200,27.9797,26.7600,27.7100,111900
2012-07-31,25.4400,27.5600,25.4100,27.0000,284000
2012-07-30,25.2500,25.4500,25.0500,25.3900,84300
2012-07-27,24.4800,25.4400,24.3203,25.3300,100100
2012-07-26,24.9300,25.3499,24.0000,24.4200,158000
2012-07-25,25.0600,25.4700,24.8400,24.9300,110800
2012-07-24,24.8300,25.9600,24.6000,24.8400,291500
2012-07-23,25.0100,25.0100,23.9100,24.3500,603400
2012-07-20,24.0400,25.2300,23.9000,25.2300,260900
2012-07-19,24.6700,24.6700,23.9000,24.0000,254500
2012-07-18,24.4300,24.6900,24.0000,24.2300,103800
2012-07-17,24.4800,24.4800,23.9300,24.2700,227500
2012-07-16,24.0800,24.5600,23.8000,24.3800,118100
2012-07-13,24.6900,24.9200,23.9800,24.1800,89100
2012-07-12,23.3000,24.4700,22.6200,24.0800,325500
2012-07-11,25.0200,25.3500,23.4900,23.7360,296500
2012-07-10,25.2200,25.6940,25.0500,25.0500,304000
2012-07-09,25.9600,26.3000,25.1800,25.2700,152400
2012-07-06,25.7500,26.1200,25.1000,25.8400,355100
2012-07-05,25.5000,26.2600,25.1400,25.9600,541000
2012-07-03,24.8500,25.3200,24.6000,25.3100,401100
2012-07-02,24.7500,25.2000,24.1000,24.7700,656700
2012-06-29,23.7500,24.7500,22.8300,24.6000,10922400
