timestamp,open,high,low,close,volume
2020-11-25,132.3100,132.3600,130.5600,131.9600,1281684
2020-11-24,132.3200,133.2200,131.6700,132.3100,1180166
2020-11-23,130.8500,131.9500,129.7900,131.0400,1366158
2020-11-20,130.3500,131.9100,130.1000,130.4200,1353114
2020-11-19,132.2900,133.0300,129.4600,130.2500,1711476
2020-11-18,135.2100,136.3600,133.0200,133.0400,1691683
2020-11-17,134.7700,135.4500,133.7333,134.0600,1635944
2020-11-16,136.9400,137.4700,134.3400,135.4400,1399230
2020-11-13,133.3500,135.2700,132.1400,134.5500,1535213
2020-11-12,132.8300,133.3600,130.3200,132.3000,1660067
2020-11-11,136.3500,136.6200,132.8100,133.6400,1998736
2020-11-10,130.5100,136.8100,130.4300,135.9600,2771556
2020-11-09,131.2400,133.5800,129.9800,130.3900,2148096
2020-11-06,127.3700,128.2900,124.6400,124.8300,1648390
2020-11-05,126.7700,130.9300,126.7700,127.0100,1572800
2020-11-04,128.8000,131.9000,128.0600,128.4300,929807
2020-11-03,129.2400,130.4100,128.5900,129.1000,935381
2020-11-02,127.0000,128.0400,125.8300,127.6200,1346977
2020-10-30,126.3700,127.5700,123.9800,125.3600,1534900
2020-10-29,125.5500,129.2200,124.6800,127.2200,1248610
2020-10-28,128.3000,130.1500,125.7200,126.1000,1676086
2020-10-27,131.1000,132.4600,130.2500,130.2700,1353142
2020-10-26,132.8500,132.8500,130.2801,131.3200,1206603
2020-10-23,133.1100,134.0100,131.6700,133.8600,1166246
2020-10-22,129.6300,132.4900,128.2700,132.2800,1135054
2020-10-21,129.7800,130.5100,128.8000,129.3000,1199907
2020-10-20,129.0100,130.3990,128.2900,129.6800,991331
2020-10-19,128.6800,129.8500,126.8200,127.9700,1523681
2020-10-16,128.6600,129.8800,127.5400,128.1100,1344008
2020-10-15,125.7400,129.3900,125.5600,128.5400,1446703
2020-10-14,127.1900,128.0300,126.0700,127.0900,975389
2020-10-13,125.8800,127.2700,125.7100,126.5500,1211117
2020-10-12,125.6700,127.5700,124.9800,126.7800,807387
2020-10-09,127.5100,127.5100,124.6900,126.0100,896969
2020-10-08,123.4900,127.2100,123.1750,126.7100,1026155
2020-10-07,122.3900,123.5000,121.0350,122.7200,1074804
2020-10-06,122.1000,124.8600,121.2500,122.2300,1124633
2020-10-05,121.4200,121.8600,119.6850,121.7700,949671
2020-10-02,118.0600,121.3350,117.7000,120.5000,1248255
2020-10-01,119.3800,120.2500,118.2800,119.1300,1335082
2020-09-30,116.9600,118.8500,116.6700,118.3600,1627918
2020-09-29,116.9800,117.9900,115.6500,116.1800,951323
2020-09-28,117.9000,118.7200,116.5750,116.7100,1298999
2020-09-25,114.9100,117.8000,114.7900,117.6100,1102188
2020-09-24,113.3000,116.9000,112.3300,115.7400,1440087
2020-09-23,119.0800,119.2500,114.4100,114.5000,1732730
2020-09-22,117.1500,119.7600,116.8700,119.0500,1575068
2020-09-21,118.2500,118.9900,116.5000,116.6600,1730424
2020-09-18,120.6600,121.3400,118.7300,119.9800,3948138
2020-09-17,119.6000,121.1200,118.6762,121.0300,1801035
2020-09-16,117.9400,121.4200,117.2100,120.8400,1520287
2020-09-15,119.8200,121.1800,117.0500,117.6300,1065793
2020-09-14,118.5100,119.5400,117.5800,119.1500,1699114
2020-09-11,117.7600,118.1600,116.6400,117.8000,1328148
2020-09-10,120.6900,120.6900,117.9600,118.1200,1058028
2020-09-09,120.4100,122.2700,119.5800,120.9500,1370842
2020-09-08,120.6200,121.0000,117.2700,119.0900,1464780
2020-09-04,123.2400,123.6800,118.8000,120.8900,1171066
2020-09-03,125.0000,125.9000,121.5500,122.7200,1110020
2020-09-02,122.2500,125.1850,121.7100,124.5500,1225760
2020-09-01,123.0400,123.4900,121.5200,122.2500,1048989
2020-08-31,122.5200,123.9100,122.2150,123.6500,1094992
2020-08-28,123.1400,123.8800,121.9800,122.3200,1065014
2020-08-27,123.1200,125.1000,123.0500,123.5900,1077620
2020-08-26,124.8000,125.0950,122.2300,122.3400,1278320
2020-08-25,128.0900,128.1000,125.1000,125.5100,1008293
2020-08-24,125.7200,127.4200,124.8800,127.3700,819711
2020-08-21,126.5300,126.5500,124.8500,125.4800,1128793
2020-08-20,127.3000,128.0700,125.9600,126.2200,1159960
2020-08-19,130.1700,130.3050,127.7450,128.2200,1494840
2020-08-18,129.5200,130.5000,128.8100,129.3600,888129
2020-08-17,130.5800,131.2900,128.8800,129.6800,1643612
2020-08-14,133.6700,134.0450,131.1900,131.8900,1299250
2020-08-13,133.4300,135.1200,133.0200,134.6600,1073797
2020-08-12,132.2400,134.6700,131.5500,134.1900,1496094
2020-08-11,135.0000,135.0000,130.6200,131.1100,1443961
2020-08-10,130.3700,133.8900,129.6300,133.5700,1784438
2020-08-07,128.2800,130.5400,128.0400,129.9000,1223530
2020-08-06,127.7900,129.4200,127.4000,128.2000,1498439
2020-08-05,125.4800,129.7700,125.2000,127.0300,2132162
2020-08-04,123.4400,125.5100,123.4400,125.0200,1504114
2020-08-03,124.1000,124.8000,122.9700,124.0400,1217483
2020-07-31,123.4200,124.7700,122.4700,124.4600,1246163
2020-07-30,123.5100,123.9600,122.7000,123.7500,1433847
2020-07-29,124.3400,125.3700,124.2250,125.0100,1081240
2020-07-28,122.1900,125.9400,122.1600,124.6500,1322159
2020-07-27,125.2900,125.4150,122.7900,122.9800,1328929
2020-07-24,127.8100,128.8600,125.1500,125.6200,1431217
2020-07-23,127.4700,129.1800,126.9250,127.3400,1460143
2020-07-22,125.4600,128.1900,124.7000,127.8800,2663863
2020-07-21,123.3100,125.9700,123.3100,125.2800,1758889
2020-07-20,124.0100,124.7200,122.1900,122.6200,1228566
2020-07-17,122.9600,124.9800,122.9400,124.8200,1936935
2020-07-16,122.8000,123.5300,121.5700,122.6300,1372101
2020-07-15,123.2500,125.1200,122.4500,123.1500,2277001
2020-07-14,120.3600,122.5100,120.3500,121.8400,2113638
2020-07-13,119.6000,121.3000,118.9200,120.1700,1432916
2020-07-10,116.1200,119.5100,116.1200,119.1700,1321296
2020-07-09,116.6700,117.0000,114.1500,116.2900,2243034
2020-07-08,117.2200,118.3800,116.6400,117.2500,1715208
2020-07-07,119.0800,119.2200,117.5900,117.7600,2115066
2020-07-06,121.9700,122.3700,119.6300,120.4500,1833224
2020-07-02,122.2700,123.7000,120.7400,120.9400,1525091
2020-07-01,119.3300,121.6600,117.9600,121.3500,1968657
2020-06-30,118.1700,118.3100,115.7600,117.2300,1779162
2020-06-29,114.2300,118.1600,113.4500,118.1200,1533897
2020-06-26,116.8900,117.9400,112.1600,112.6100,7075499
2020-06-25,118.3100,118.4600,115.9200,117.3200,1765437
2020-06-24,118.0300,120.3000,116.9800,120.0400,2063378
2020-06-23,120.9100,121.9900,118.7700,119.4800,1833408
2020-06-22,117.3500,120.1200,117.3500,119.4500,2374462
2020-06-19,125.9600,126.1800,117.2500,117.2500,6012985
2020-06-18,123.1300,124.8300,122.7500,124.5600,1453115
2020-06-17,124.9800,125.5100,121.8100,124.1700,1834170
2020-06-16,128.6500,129.5900,123.6200,124.3600,2932226
2020-06-15,122.0400,125.9100,120.3800,125.2500,3525264
2020-06-12,127.6900,128.2700,122.0800,124.0500,2360765
2020-06-11,125.1700,125.6100,122.6500,123.4800,2478599
2020-06-10,130.5000,131.4000,128.4300,128.5600,1614113
2020-06-09,133.1000,133.2800,129.7800,130.3100,1581468
2020-06-08,135.1100,135.9700,133.8900,134.7900,1355841
2020-06-05,130.7100,136.0800,129.8400,133.7900,1508055
2020-06-04,130.6500,130.9700,127.3700,128.7900,1366517
2020-06-03,131.3700,132.7100,130.9000,131.6000,1397213
2020-06-02,130.0900,130.4500,128.7800,130.3200,1161998
2020-06-01,126.3000,130.0500,126.1500,129.0700,1134948
2020-05-29,126.4700,127.4200,124.7400,126.3100,1794201
2020-05-28,127.3300,127.7800,125.6800,127.3900,1325517
2020-05-27,128.4900,128.5200,123.2400,124.9000,1203388
2020-05-26,125.7200,127.3800,124.3300,125.2300,1189636
2020-05-22,121.1400,123.9700,120.5700,123.8100,856885
2020-05-21,122.4500,123.7900,120.9600,121.0800,1263820
2020-05-20,126.2900,127.0900,122.2900,122.6400,1302829
2020-05-19,123.8000,127.4300,122.2000,126.1000,1678794
2020-05-18,122.8700,125.8400,122.7100,124.0000,1997227
2020-05-15,119.8900,120.9800,116.9200,119.2000,2832632
2020-05-14,117.1000,120.6300,114.3300,120.3400,1360853
2020-05-13,121.1100,121.9400,116.2000,118.2500,1767442
2020-05-12,124.7500,125.5900,121.3600,121.3900,1521917
2020-05-11,123.2100,125.0100,122.3900,124.8000,1454217
2020-05-08,125.2300,126.7100,122.9500,124.2300,1215165
2020-05-07,123.8000,125.3600,123.2000,123.7300,1871506
2020-05-06,124.7600,124.8400,121.4800,122.0200,1240867
2020-05-05,122.9100,125.8400,122.2500,124.2200,1351715
2020-05-04,120.1500,125.9800,119.2200,124.1200,2033723
2020-05-01,122.0500,122.0500,119.0100,119.9300,1951610
2020-04-30,128.5700,128.5700,123.3500,123.8500,1270674
2020-04-29,130.0000,131.5700,127.0500,129.5800,1090678
2020-04-28,130.7500,132.1600,126.2200,126.9600,1452426
2020-04-27,128.0800,129.8300,127.2500,128.8000,1328530
2020-04-24,126.4400,127.8600,124.0600,126.9700,1238252
2020-04-23,124.2200,126.7000,123.3600,125.5000,1517625
2020-04-22,121.0300,124.5900,119.4800,123.6600,1486392
2020-04-21,120.1600,121.9400,117.5000,119.2700,1299420
2020-04-20,122.9400,124.6300,121.8700,122.5700,1308615
2020-04-17,120.2300,124.9400,119.8900,124.4400,1802811
2020-04-16,121.6600,122.0300,117.1800,117.4600,2427037
2020-04-15,124.0700,124.4000,120.9700,121.5100,1873346
2020-04-14,130.0400,130.8000,126.2600,127.9300,1733829
2020-04-13,129.7700,130.5400,125.1300,126.9800,1908267
2020-04-09,122.9800,133.1400,122.0900,130.5300,2161572
2020-04-08,117.6500,123.0300,116.0900,122.0500,1748573
2020-04-07,117.6600,121.2200,115.7700,116.6700,1968072
2020-04-06,108.9500,116.1000,108.4400,114.0400,2025913
2020-04-03,104.6500,107.3000,103.3000,104.2800,1642240
2020-04-02,102.1800,107.6400,101.1800,106.2600,1618104
2020-04-01,108.3500,109.4700,101.6700,103.7100,1810022
2020-03-31,118.3500,119.4200,112.1400,112.9900,3501752
2020-03-30,122.6300,124.4400,118.2500,119.9900,2348416
2020-03-27,118.9500,125.2900,116.0100,121.1300,1585880
2020-03-26,111.3500,125.2800,110.0300,123.6000,2016986
2020-03-25,104.1600,119.6200,101.1300,114.0200,3365544
2020-03-24,96.6700,105.6500,95.3700,104.0300,2826014
2020-03-23,100.3100,100.3100,88.0000,93.4200,3145273
2020-03-20,99.1500,105.8400,97.3200,99.6400,5236612
2020-03-19,101.4600,101.5600,96.4400,100.0000,2471377
2020-03-18,92.9900,102.9500,89.1600,102.4000,3881615
2020-03-17,89.2900,100.5500,88.3000,98.3800,5058978
2020-03-16,98.0000,101.8200,88.1300,88.6200,3728853
2020-03-13,109.7800,109.9800,98.1600,106.9200,3747959
2020-03-12,116.4200,116.4200,103.8500,104.2700,3986887
2020-03-11,127.2700,127.7900,117.7400,122.9500,3777079
2020-03-10,129.8600,134.0200,122.1800,130.6000,4230131
2020-03-09,134.1000,136.1400,125.1100,127.7600,3550675
2020-03-06,138.1100,142.6500,136.7200,141.8700,2474701
2020-03-05,144.9200,145.4000,140.7900,141.7600,3109451
2020-03-04,142.7000,148.0000,142.5200,147.8400,1564737
2020-03-03,142.6500,146.2700,139.9400,141.0200,2534134
2020-03-02,140.4600,143.7000,139.1700,142.2300,3323619
2020-02-28,138.1000,140.8400,134.6500,139.7800,4207728
2020-02-27,147.5600,150.6700,141.3800,141.4200,3214035
2020-02-26,149.9500,150.9400,146.4600,146.8700,2132128
2020-02-25,154.4900,154.7700,149.0900,149.5700,1744921
2020-02-24,157.8400,158.2300,154.1200,154.1600,2065888
2020-02-21,159.5700,160.5900,158.2400,158.4300,1285783
2020-02-20,159.3300,160.2700,158.8400,159.8900,1182209
2020-02-19,160.6500,161.2800,159.6500,159.7300,789959
2020-02-18,161.5000,161.7600,160.4600,160.8900,1158485
2020-02-14,159.6200,160.9600,159.6200,160.9600,774379
2020-02-13,158.7900,159.7900,157.7700,159.0000,1261066
2020-02-12,157.9100,159.3000,157.5700,158.8900,825912
2020-02-11,158.5300,159.5800,158.1200,158.5600,677853
2020-02-10,158.6900,159.2500,157.6000,157.9800,885054
2020-02-07,160.6600,161.0800,158.3600,158.5900,1250708
2020-02-06,159.3400,161.2400,158.6300,160.5000,1344149
2020-02-05,158.9400,160.3150,158.5300,159.0500,976849
2020-02-04,160.6800,161.6600,158.7800,158.9700,1422049
2020-02-03,161.2900,161.8700,160.5500,161.0600,958508
2020-01-31,160.5500,161.2000,159.5700,160.6400,1917380
2020-01-30,158.7700,161.3800,158.3700,161.1300,929026
2020-01-29,159.4700,159.8100,158.2000,158.6800,962081
2020-01-28,158.9500,159.9500,158.5500,159.8200,1000651
2020-01-27,159.1500,160.2000,157.8600,158.5400,949134
2020-01-24,159.7900,160.5100,159.0100,159.7600,981134
2020-01-23,157.4500,160.1800,157.0600,160.0600,1533500
2020-01-22,158.1800,158.8100,157.0800,157.5500,899731
2020-01-21,157.0200,158.1200,156.4200,157.9600,1508091
2020-01-17,155.4800,157.3000,155.1400,157.2000,1445712
2020-01-16,154.5200,155.9800,154.2800,155.1800,1427995
2020-01-15,151.7800,154.4700,151.7800,154.1400,1030333
2020-01-14,151.2500,151.9300,150.3900,151.2200,1341376
2020-01-13,149.8000,151.8000,149.7500,151.1700,968277
2020-01-10,149.2500,150.3000,149.1300,149.7600,1144132
2020-01-09,149.7600,150.2200,148.5500,148.8200,1119418
2020-01-08,149.3300,150.4800,149.0100,149.9000,1254970
2020-01-07,148.3500,149.3200,147.6100,148.8800,1211222
2020-01-06,147.7400,149.1400,147.7400,149.0000,1107204
2020-01-03,148.7900,149.4300,147.6700,147.7600,1264854
2020-01-02,151.3300,151.4900,148.4800,149.1200,1262113
2019-12-31,151.1700,151.8300,150.7800,151.4800,1003038
2019-12-30,150.8500,151.1400,150.1500,151.0500,1092320
2019-12-27,150.7300,151.0600,150.2200,150.8700,731983
2019-12-26,151.5300,151.7400,150.9900,151.6200,798058
2019-12-24,150.5700,151.0600,150.0700,150.6500,542376
2019-12-23,151.9800,151.9800,150.2100,150.5600,1482193
2019-12-20,154.2600,154.4700,151.2500,151.3800,4602950
2019-12-19,151.5600,152.2600,151.1200,152.0300,1389969
2019-12-18,150.1500,151.8400,149.4400,151.6400,1705255
2019-12-17,150.7500,151.6700,149.8400,150.1200,1253695
2019-12-16,149.0500,150.7900,148.7100,150.6400,1708134
2019-12-13,146.5700,149.0700,146.3800,148.7800,1609132
2019-12-12,148.5300,148.8900,146.5000,146.8900,2647426
2019-12-11,147.1800,148.8000,147.0800,148.7700,1639800
2019-12-10,146.1900,147.9200,145.9100,147.4800,2070235
2019-12-09,145.9300,146.3200,145.1900,145.8300,1896932
2019-12-06,147.2500,147.7900,145.7900,145.8400,1876054
2019-12-05,147.2900,147.5300,146.7200,147.3900,837307
2019-12-04,147.1100,147.7700,146.5900,147.5800,1422765
2019-12-03,146.8000,147.9400,146.4900,147.9200,906028
2019-12-02,146.3700,147.0100,144.6700,146.4100,1045195
2019-11-29,147.8200,148.3300,146.9300,147.2700,484250
2019-11-27,147.0500,147.6800,146.5700,147.5600,813036
2019-11-26,147.1800,147.5300,146.1800,146.8900,2296032
2019-11-25,146.7000,147.7800,146.1200,146.3700,971163
2019-11-22,146.8200,147.5100,146.0500,146.6000,939619
2019-11-21,147.7200,148.0200,146.3700,146.8000,912895
2019-11-20,147.3300,148.4000,146.2800,147.8600,823295
2019-11-19,147.4700,148.1700,146.4900,147.2100,1637958
2019-11-18,146.6300,148.6600,145.9400,147.6300,1813040
2019-11-15,145.3100,146.2800,144.5700,146.1300,1310415
2019-11-14,147.2100,147.6800,144.9600,145.4700,1556474
2019-11-13,145.1900,147.2400,144.7000,146.8500,1270210
2019-11-12,142.7100,145.1200,142.6100,144.9300,2539793
2019-11-11,142.2100,142.4800,141.4200,142.3300,848681
2019-11-08,141.6800,142.8600,141.5100,142.1200,885436
2019-11-07,142.6800,142.8600,141.0800,142.1100,1441923
2019-11-06,143.3500,144.0000,142.2600,143.2200,1452017
2019-11-05,145.2000,145.2900,142.9800,143.3500,2123918
2019-11-04,147.3000,147.3000,144.9200,145.8400,1638007
2019-11-01,146.0200,148.4700,145.2200,147.2900,2903536
2019-10-31,142.0600,144.5700,141.5400,144.5100,2868191
2019-10-30,141.2500,142.0000,140.3400,141.5600,2869730
2019-10-29,141.2000,141.5800,140.8100,141.2000,3099440
2019-10-28,142.9000,143.2100,140.9100,141.1700,3873069
2019-10-25,148.5100,148.5100,143.4200,143.9700,3195735
2019-10-24,147.9100,148.9000,147.4400,148.0600,1773841
2019-10-23,147.2500,148.0000,146.4600,148.0000,986735
2019-10-22,146.6800,147.6800,146.5800,146.8800,946412
2019-10-21,146.1800,146.5700,145.2500,146.4800,1011232
2019-10-18,144.9900,146.9300,144.6300,146.2300,2000707
2019-10-17,144.8500,145.4600,144.5300,144.9600,958372
2019-10-16,144.8600,145.0400,143.5400,144.8500,1271967
2019-10-15,145.5700,145.8300,144.3000,145.0000,1066341
2019-10-14,146.0400,146.9200,144.7900,145.4300,970660
2019-10-11,146.2300,146.5000,145.2900,145.4900,925041
2019-10-10,146.4000,147.0600,145.4200,146.4100,1027188
2019-10-09,146.2200,147.4200,145.9700,146.6400,801065
2019-10-08,146.2800,146.8200,144.5000,145.9100,1270380
2019-10-07,146.9300,147.0700,146.0000,146.4300,1025890
2019-10-04,145.8600,147.3800,145.2700,147.2300,1014952
2019-10-03,144.0200,145.7300,143.5500,145.6600,2250180
2019-10-02,145.4000,146.0800,143.3200,143.7300,1673355
2019-10-01,147.4300,148.0400,146.0800,146.0800,1356875
2019-09-30,145.4100,148.1400,144.4800,147.6100,2515986
2019-09-27,145.0700,145.0700,143.4500,144.4800,1780113
2019-09-26,144.4700,145.0800,143.5000,144.7300,1733961
2019-09-25,144.1000,144.2100,142.6600,144.0100,954379
2019-09-24,142.7800,144.5800,141.8700,144.2400,1186464
2019-09-23,141.9200,142.6300,141.7200,141.8700,1342673
2019-09-20,141.2500,142.7900,140.7600,142.2200,2358884
2019-09-19,139.9800,140.8900,139.0300,140.8100,1629429
2019-09-18,143.7300,143.9000,140.0200,140.2000,3106656
2019-09-17,142.0800,143.9000,141.6400,143.0400,1426962
2019-09-16,142.0200,142.0700,140.9200,141.7500,1482534
2019-09-13,143.0200,144.2300,141.5400,141.7000,1161615
2019-09-12,144.0700,144.2600,142.7600,143.6600,1427535
2019-09-11,141.5400,143.9400,140.8200,143.2600,1322749
2019-09-10,140.9700,141.9900,140.1600,141.7700,1253265
2019-09-09,141.5800,141.6500,140.7800,141.0100,1136361
2019-09-06,142.4000,142.9600,141.5500,142.0000,924057
2019-09-05,142.9400,143.6800,141.1600,141.8300,1233978
2019-09-04,144.0700,144.9300,143.1800,144.0000,830438
2019-09-03,141.4300,143.5800,141.2700,143.5000,1150297
2019-08-30,142.9100,142.9100,141.3200,141.6300,1047538
2019-08-29,142.3300,142.6600,141.6400,142.2400,1444299
2019-08-28,141.5700,142.1500,141.0100,142.0000,1253422
2019-08-27,142.5000,142.8600,141.0300,141.4300,1633399
2019-08-26,139.0700,141.9200,138.9900,141.7900,1282666
2019-08-23,140.4200,141.1200,138.1700,139.0100,898520
2019-08-22,140.9000,141.0000,139.1700,140.1300,896059
2019-08-21,139.6700,140.8500,139.6100,140.8300,983314
2019-08-20,139.7800,140.0200,138.7500,139.6600,1435427
2019-08-19,138.5900,140.1000,138.0200,139.6400,1561313
2019-08-16,138.5900,139.6600,137.8500,138.8800,2597800
2019-08-15,136.8800,139.0500,136.5900,138.5400,1563220
2019-08-14,137.7200,139.2500,136.7100,136.7500,1294995
2019-08-13,133.9000,138.3700,133.9000,137.3500,1267089
2019-08-12,137.6900,138.3400,136.0700,137.1400,2481955
2019-08-09,136.9900,138.3400,135.7800,137.6800,1120126
2019-08-08,135.1600,137.1800,134.4700,136.7100,1307195
2019-08-07,134.2600,135.4600,132.6200,135.1600,1312792
2019-08-06,132.0200,134.8000,131.4700,133.9300,2197180
2019-08-05,136.0200,136.1300,131.3200,132.1200,2292205
2019-08-02,135.1200,137.3000,135.1200,135.6800,1372628
2019-08-01,134.4400,136.4700,134.3200,135.6800,2520124
2019-07-31,136.6500,137.2500,134.5600,135.4300,2686787
2019-07-30,139.2200,139.8500,135.7500,136.4700,2394058
2019-07-29,140.2600,140.4000,139.0000,139.5000,1473738
2019-07-26,140.7300,141.1900,139.9300,140.2600,746443
2019-07-25,139.6200,140.7200,139.3400,140.4600,820387
2019-07-24,139.3600,139.8200,138.0900,139.7600,866319
2019-07-23,140.1300,140.7500,138.9000,138.9500,1156319
2019-07-22,140.6000,141.1600,139.6400,140.5700,1839191
2019-07-19,140.8800,141.1600,139.6700,140.0500,1373341
2019-07-18,139.8100,141.2900,139.3600,141.1700,1275073
2019-07-17,139.7800,140.5300,139.3400,139.9500,1361381
2019-07-16,139.8500,140.0000,137.8700,139.2600,1071452
2019-07-15,139.6600,140.3400,139.1700,139.9900,929023
2019-07-12,140.6600,141.0000,139.2800,139.8900,1124952
2019-07-11,139.6500,140.4100,139.0300,140.3900,1038538
2019-07-10,139.4500,140.6000,138.9500,139.6600,1163497
2019-07-09,138.3800,139.3400,137.5500,139.0500,1093282
2019-07-08,138.7900,139.3000,137.6600,138.5200,934889
2019-07-05,136.5600,138.5000,136.0400,138.3800,751613
2019-07-03,137.4900,138.7600,137.2600,137.6500,830780
2019-07-02,137.3500,138.3300,137.3500,138.2000,1039839
2019-07-01,137.4900,137.9000,134.7500,136.6600,1126204
2019-06-28,135.3300,137.5600,135.3100,137.4400,1912828
2019-06-27,136.7000,137.6600,134.9200,135.5400,2832238
2019-06-26,140.3100,140.3100,136.8100,137.0100,1111164
2019-06-25,140.9100,141.3600,140.0600,140.4700,1172663
2019-06-24,141.0900,141.4600,140.4400,140.8500,856803
2019-06-21,140.0200,141.8600,139.5800,141.0400,2090164
2019-06-20,139.8900,140.7400,138.6500,140.3200,1048527
2019-06-19,136.6400,139.7500,136.0100,139.0600,1522180
2019-06-18,139.1900,139.1900,136.2400,137.2500,1152737
2019-06-17,137.8500,138.5700,137.3900,137.9500,965670
2019-06-14,136.8200,138.3600,136.4600,137.7600,947772
2019-06-13,136.2600,136.8600,135.4600,136.8400,909993
2019-06-12,135.4600,136.4100,135.0400,135.6900,977313
2019-06-11,133.8400,134.7800,133.5900,134.7200,1213532
2019-06-10,133.8800,134.6400,133.0700,134.0900,827484
2019-06-07,136.0000,136.4300,134.3700,134.4900,1314042
2019-06-06,133.8500,135.5500,133.5000,134.9800,992156
2019-06-05,132.1900,134.7300,131.7400,134.0200,2423036
2019-06-04,131.9100,132.3600,130.5200,132.1900,1116952
2019-06-03,132.0500,132.4000,130.5800,131.9100,1391886
2019-05-31,131.4400,132.2000,130.7500,131.4500,1327562
2019-05-30,131.2400,132.2800,130.7700,131.5700,1118709
2019-05-29,133.3700,133.5300,130.3500,130.7500,1240729
2019-05-28,134.8200,134.9600,132.7900,133.1000,2206588
2019-05-24,135.9700,136.3700,134.3200,134.3500,1211538
2019-05-23,134.1700,135.9100,134.1100,135.8800,1394439
2019-05-22,133.0400,134.7500,131.4700,134.3000,2080274
2019-05-21,131.4200,133.1900,131.1900,131.5000,1338087
2019-05-20,130.9000,131.7200,130.3100,131.1800,1720915
2019-05-17,129.6000,131.4500,129.6000,130.4500,1682424
2019-05-16,129.6300,131.7700,128.6100,130.7200,1217797
2019-05-15,129.4900,130.8000,129.1600,129.8800,1778241
2019-05-14,129.7600,130.6200,129.2200,129.3600,1511239
2019-05-13,128.5900,129.6600,127.6400,129.3200,2016935
2019-05-10,126.2800,129.2100,125.8000,129.2100,1319523
2019-05-09,125.0100,127.0400,125.0100,126.2100,1074605
2019-05-08,126.3400,126.9800,125.1700,125.7600,1301564
2019-05-07,126.8500,127.0400,124.6700,125.7100,1641470
2019-05-06,127.0900,127.3500,125.9500,126.3900,1680396
2019-05-03,126.2000,127.5900,126.0800,127.4500,869407
2019-05-02,125.8800,127.3900,125.2600,125.9700,1926024
2019-05-01,127.7500,128.2600,126.2000,126.2000,1726492
2019-04-30,125.9100,128.1300,125.6700,127.9500,1921189
2019-04-29,126.9000,127.1600,125.1600,125.8000,3089950
2019-04-26,127.8500,128.8100,127.6800,128.0500,1196585
2019-04-25,126.0000,127.9300,125.7800,127.3400,1419327
2019-04-24,126.4800,127.0000,125.6300,126.4100,1787018
2019-04-23,125.5300,126.9500,124.9100,126.1200,1818466
2019-04-22,127.2500,127.7400,125.1700,125.3800,2204350
2019-04-18,127.4000,128.3200,127.2800,127.4100,2243084
2019-04-17,127.3600,128.1100,126.6800,127.2900,1469465
2019-04-16,128.6700,129.2500,127.0400,127.2700,2417099
2019-04-15,129.9600,130.0000,128.1700,128.5600,1678094
2019-04-12,127.8600,129.9300,127.5900,129.8500,1813524
2019-04-11,127.4200,128.2000,126.8100,128.1000,1578140
2019-04-10,128.3400,128.9500,127.0400,127.4300,1666580
2019-04-09,128.0500,128.0500,127.1700,127.8900,1647484
2019-04-08,128.0200,128.2500,127.6600,127.7900,1695003
2019-04-05,127.3300,128.2500,127.0400,128.2400,1669395
2019-04-04,127.6000,127.6000,126.6100,127.0200,1669342
2019-04-03,126.7800,127.7400,126.1500,127.2400,1682469
2019-04-02,126.7100,127.2600,125.9100,127.2400,2154399
2019-04-01,125.9700,126.7500,125.0200,126.6300,1927505
2019-03-29,124.2900,126.1800,124.1000,125.8600,2090595
2019-03-28,125.8900,125.9600,123.7900,124.4700,1452250
2019-03-27,125.4300,125.6500,124.1100,125.4100,2478974
2019-03-26,124.9700,125.9200,124.8400,125.4800,1173469
2019-03-25,126.0500,126.0900,124.8700,125.0400,1547017
2019-03-22,126.0000,126.8600,125.7300,126.0700,1100129
2019-03-21,124.0700,125.9400,123.9200,125.8700,1745943
2019-03-20,124.3300,125.5100,123.4900,125.0500,1873581
2019-03-19,124.7300,125.0700,123.3600,123.9300,1670897
2019-03-18,124.5500,124.9500,123.7600,124.6500,1519599
2019-03-15,124.5350,125.4650,124.1500,124.6200,2517978
2019-03-14,124.3400,125.0700,123.4900,124.4500,1039019
2019-03-13,123.4500,124.8100,123.4500,124.3400,1405223
2019-03-12,123.5000,124.4300,123.0800,124.0000,1184021
2019-03-11,122.4300,123.3200,122.4300,123.1900,1243288
2019-03-08,121.8700,122.3600,121.0000,122.3000,1102998
2019-03-07,121.5000,122.5500,121.2100,121.7000,1228635
2019-03-06,121.2300,121.7500,120.4000,120.9700,891502
2019-03-05,121.3500,121.9900,120.8100,121.0800,1154562
2019-03-04,121.9900,122.0000,120.0600,121.3300,1158796
2019-03-01,120.3700,121.3700,119.9400,121.2600,1471178
2019-02-28,120.2000,121.0500,119.2700,120.4400,1726531
2019-02-27,118.9000,121.6100,117.9800,120.3300,1965376
2019-02-26,119.3800,120.1800,117.7400,118.9000,1859010
2019-02-25,118.6000,118.6000,117.2600,117.5900,1639014
2019-02-22,118.0300,118.8400,117.6400,118.4800,993410
2019-02-21,116.3900,117.8500,116.3600,117.6700,1337196
2019-02-20,116.1000,117.3000,115.8700,117.1300,1437149
2019-02-19,114.1700,116.5200,113.8800,116.2700,1481147
2019-02-15,114.6000,115.5400,114.5200,115.2600,1672309
2019-02-14,114.4700,114.8500,113.8700,114.0500,1440947
2019-02-13,113.5700,114.4000,113.3100,114.2400,1993562
2019-02-12,115.3900,115.4000,113.2300,114.1200,2690300
2019-02-11,117.9100,117.9100,114.4500,114.9500,3019795
2019-02-08,118.2100,118.4600,117.0000,117.9200,1191401
2019-02-07,117.6200,118.1000,117.0000,118.0200,1391472
2019-02-06,117.0500,118.5000,116.7000,117.7500,1789910
2019-02-05,117.0800,117.4000,116.2300,117.0900,1454384
2019-02-04,116.1700,117.2000,115.5600,117.1900,1475266
2019-02-01,116.6600,117.1400,115.8100,116.7500,1681480
2019-01-31,114.8700,117.1600,114.3500,116.9800,2117262
2019-01-30,113.5000,115.2500,113.5000,114.9000,1584441
2019-01-29,113.3400,114.3400,113.0100,113.8500,1869284
2019-01-28,113.1100,113.4200,112.4600,113.0000,1670045
2019-01-25,113.0900,113.3600,112.5300,113.1000,1646086
2019-01-24,113.5500,113.5900,112.0200,113.3500,1641159
2019-01-23,112.1800,113.1400,111.7000,112.9100,1513312
2019-01-22,112.6000,113.0500,111.4700,112.3700,1327705
2019-01-18,113.0500,113.2000,112.1900,112.6700,1517734
2019-01-17,112.1500,112.9600,111.8200,112.3600,1203692
2019-01-16,112.3300,112.9400,111.9400,112.6600,1868148
2019-01-15,111.4200,114.0000,111.3800,112.5500,2071525
2019-01-14,113.0700,113.2400,111.0100,111.7600,2056297
2019-01-11,114.4300,114.9900,113.4800,114.0600,1345507
2019-01-10,112.6700,114.5600,112.1900,114.4300,1302077
2019-01-09,113.5400,114.1500,112.0300,112.4200,1690059
2019-01-08,110.7100,113.8000,110.0800,113.5300,1625576
2019-01-07,110.2200,111.2400,109.2800,110.4400,2853498
2019-01-04,106.5500,110.4900,106.5500,110.4600,2708238
2019-01-03,106.7700,107.9800,106.1500,107.2500,1288996
2019-01-02,107.9800,107.9800,106.0900,106.7600,1196461
2018-12-31,107.5700,109.1300,106.5400,108.1900,1837954
2018-12-28,107.1700,108.2095,106.7000,107.2700,2180008
2018-12-27,107.8400,108.4300,104.8800,107.6100,2328020
2018-12-26,107.2800,108.4800,105.9400,107.9900,3332278
2018-12-24,112.4800,112.4800,106.5100,107.4000,1207118
2018-12-21,113.5300,116.0600,111.5100,111.8200,2783345
2018-12-20,114.3400,115.7800,111.3400,113.0600,2107629
2018-12-19,114.2900,115.1600,113.2500,113.9400,2533100
2018-12-18,115.4000,116.5300,113.3600,113.8400,1781077
2018-12-17,119.0200,119.1100,114.2000,114.9300,1996804
2018-12-14,117.6100,118.5100,117.1600,118.4900,2402618
2018-12-13,116.6500,118.4900,116.6500,117.6000,1393067
2018-12-12,117.3200,117.9400,116.5100,116.6600,4469120
2018-12-11,116.6200,117.7600,115.8800,117.0600,1002049
2018-12-10,115.8400,116.6600,113.5000,116.1900,2124063
2018-12-07,115.8600,117.3300,115.1600,115.9500,1666565
2018-12-06,117.2400,117.2400,113.4200,115.7000,1763634
2018-12-04,116.8200,118.8800,116.5200,116.8600,1533752
2018-12-03,114.7100,116.4700,114.4100,116.4500,1991089
2018-11-30,112.9300,115.3500,112.6100,115.2200,3267050
2018-11-29,113.2000,114.6200,112.3600,112.6700,1171932
2018-11-28,113.0200,113.7800,112.5600,113.2400,1317200
2018-11-27,112.2600,113.1000,111.8100,112.6900,1485010
2018-11-26,112.1400,112.7900,111.3000,112.0400,1365123
2018-11-23,111.9100,112.6600,111.5100,112.1100,1286306
2018-11-21,113.7100,113.8500,111.6200,112.0100,1362651
2018-11-20,115.7600,115.9400,113.5700,113.9300,1956210
2018-11-19,114.7900,115.5600,114.0500,115.2400,1467403
2018-11-16,113.4900,115.3400,112.0000,114.8700,3664632
2018-11-15,112.7400,112.7400,110.3300,110.9800,2647600
2018-11-14,116.0300,116.2900,112.5300,112.7600,2690318
2018-11-13,115.1700,116.2300,114.7000,116.0100,1776256
2018-11-12,116.3600,116.6800,114.6900,115.4000,2897572
2018-11-09,117.9500,118.1100,115.4000,116.7000,2525635
2018-11-08,117.6500,118.8000,116.4100,117.9700,1980099
2018-11-07,114.9300,117.9600,114.0100,117.5600,2580101
2018-11-06,112.5400,113.7000,111.9300,113.2000,1731604
2018-11-05,109.3600,112.5700,109.2300,112.5700,1838014
2018-11-02,110.1400,110.9500,108.6400,109.0500,2567122
2018-11-01,110.3100,110.5600,109.1400,110.0500,2302176
2018-10-31,110.9600,111.9100,109.8100,110.1200,2114807
2018-10-30,112.9900,113.2600,110.5200,111.8000,2200620
2018-10-29,112.9400,114.1000,111.8700,112.5400,1754866
2018-10-26,115.4600,116.0300,111.7600,112.8100,1324049
2018-10-25,115.5500,115.7900,114.0100,115.0400,1571293
2018-10-24,114.4000,116.6100,112.6000,115.9000,1526051
2018-10-23,115.7500,116.3200,113.8500,114.1900,1196008
2018-10-22,116.8800,117.0700,115.5100,115.6200,1287566
2018-10-19,115.6400,117.1100,115.4000,116.6100,2694796
2018-10-18,116.8000,116.9200,115.4000,115.9100,2097992
2018-10-17,115.5300,116.3400,114.5600,115.3000,968301
2018-10-16,115.0000,116.7000,114.3200,115.7600,1174942
2018-10-15,114.8700,115.8800,114.5800,115.1000,1449914
2018-10-12,114.8200,115.3600,113.6000,115.0300,1130234
2018-10-11,116.4300,116.4900,113.6600,114.4700,1758878
2018-10-10,116.1800,117.8900,115.3900,115.4600,2087500
2018-10-09,116.7900,117.1500,115.3500,116.4000,2005442
2018-10-08,116.7900,117.2800,115.9600,116.5500,1163601
2018-10-05,115.0000,116.5400,114.9800,116.2000,1338825
2018-10-04,114.2300,114.9600,113.2000,114.8900,1283363
2018-10-03,115.8500,116.5500,113.6700,114.6200,1530927
2018-10-02,114.3400,115.8200,113.9900,115.7400,1421639
2018-10-01,113.4900,114.3200,113.0800,113.8300,1800968
2018-09-28,112.3400,113.9600,112.3400,113.7500,2690155
2018-09-27,111.1900,112.7700,110.9900,112.0000,2265487
2018-09-26,112.5700,113.3700,111.0200,111.0600,2072479
2018-09-25,113.2800,113.5100,112.3200,112.4700,2476330
2018-09-24,114.8100,115.3000,113.1900,113.5800,1648195
2018-09-21,114.5000,115.9800,114.5000,115.2100,5306914
2018-09-20,114.7500,114.8600,113.5400,114.3200,1771348
2018-09-19,117.3400,117.3400,114.2700,115.1400,2157089
2018-09-18,120.0000,120.0000,117.0200,117.2700,2651917
2018-09-17,118.9400,119.7200,117.9700,118.8700,1105898
2018-09-14,118.1200,127.2200,117.1300,118.7300,2627104
2018-09-13,117.8400,119.0600,117.1900,118.6700,1375735
2018-09-12,117.1700,118.2900,116.9000,117.7800,1946520
2018-09-11,117.6900,118.2000,116.0800,117.2200,1965069
2018-09-10,117.3100,118.2000,116.9100,117.6000,1072035
2018-09-07,117.1400,117.5900,116.3800,116.8500,1216456
2018-09-06,118.2800,118.9700,117.7000,118.0300,1203795
2018-09-05,117.0100,118.2800,116.6900,118.1400,1856310
2018-09-04,116.3700,117.4500,116.1000,116.9900,2142904
2018-08-31,116.4500,117.3500,115.7000,116.0800,1455945
2018-08-30,116.7000,117.6000,116.1800,116.6000,999020
2018-08-29,115.8100,116.8700,115.4300,116.6700,2152626
2018-08-28,115.4000,116.3000,115.1500,115.5700,2672240
2018-08-27,116.7500,116.8000,114.9200,115.6400,996145
2018-08-24,115.8000,116.5200,115.4100,116.4000,736282
2018-08-23,115.1600,116.3200,115.1500,115.6800,917853
2018-08-22,116.3000,116.6500,115.0900,115.4800,1007076
2018-08-21,117.1100,117.2200,115.7500,116.2300,1290527
2018-08-20,118.0000,118.0200,116.5100,116.9500,1355819
2018-08-17,115.4500,118.0600,115.4500,116.8500,3142477
2018-08-16,114.4600,116.1200,113.9100,116.0200,1323333
2018-08-15,114.2700,115.4400,113.6800,114.4500,1656728
2018-08-14,114.8700,115.5800,114.1200,114.2400,1274038
2018-08-13,114.6000,115.0100,114.0600,114.8900,2084542
2018-08-10,114.7200,115.7200,114.1500,114.4400,1464842
2018-08-09,115.1700,115.7700,114.6000,114.7300,1133117
2018-08-08,115.5700,116.0200,114.9500,115.0700,931880
2018-08-07,114.9700,116.1000,113.7700,115.9700,1194927
2018-08-06,116.2600,116.9500,114.0000,115.3500,2383850
2018-08-03,115.7200,117.9000,115.1700,116.7900,2228651
2018-08-02,114.9100,116.2300,114.3800,116.0300,1164924
2018-08-01,114.6800,115.1000,113.3900,114.9000,1119934
2018-07-31,115.0000,115.6800,114.3800,115.5900,1686847
2018-07-30,115.0400,115.2900,114.2000,114.4800,1234665
2018-07-27,115.8000,116.4400,114.5400,114.9700,2040937
2018-07-26,115.9100,116.4000,114.7000,115.7700,1369474
2018-07-25,114.6800,115.5900,114.0100,115.4700,1364016
2018-07-24,113.5700,114.8600,112.5700,114.5000,3968398
2018-07-23,114.4000,115.3400,113.4800,113.5700,1439289
2018-07-20,114.7200,116.5000,113.4300,114.2600,2554806
2018-07-19,114.1800,115.9300,113.3600,115.3100,2012663
2018-07-18,115.2000,115.6000,114.0000,114.3200,1486497
2018-07-17,116.2800,116.3300,115.3300,115.6100,1056811
2018-07-16,116.5400,116.6300,115.1400,115.7600,1621629
2018-07-13,116.0000,116.7800,115.6300,116.5100,1747805
2018-07-12,115.7100,116.6900,115.2500,115.6300,2379131
2018-07-11,113.9500,116.1900,113.9500,115.6800,6886816
2018-07-10,114.9700,117.6800,114.5000,117.3000,1260838
2018-07-09,118.0000,118.3600,115.1600,115.6300,1572167
2018-07-06,117.3200,118.1800,117.0500,117.7800,1319265
2018-07-05,116.4300,117.3600,115.8400,117.3000,1602183
2018-07-03,115.9200,117.0300,114.8500,116.1200,687844
2018-07-02,115.2600,116.3700,114.6300,115.5400,1563885
2018-06-29,113.8900,116.8500,113.1200,116.1100,2500501
2018-06-28,116.9100,117.6300,114.7700,115.1100,4601343
2018-06-27,115.2400,117.3400,115.2400,115.9300,2358468
2018-06-26,115.6700,117.2500,115.4400,115.7300,2554546
2018-06-25,115.1800,116.8000,115.1800,116.6100,1570866
2018-06-22,113.5100,115.4100,112.8300,115.1400,2604203
2018-06-21,112.3900,114.9300,111.2200,113.0900,2938074
2018-06-20,113.0900,113.1200,112.3600,112.5600,4563755
2018-06-19,112.8100,114.2800,112.4500,113.2700,1954932
2018-06-18,111.7400,113.1800,111.5000,112.6700,3746091
2018-06-15,112.8200,113.3100,110.4600,111.9100,6617796
2018-06-14,114.7400,114.7400,113.1900,113.3200,3009699
2018-06-13,117.2300,117.5200,113.9200,114.0100,3360649
2018-06-12,116.0900,117.9200,115.5800,117.1300,3976409
2018-06-11,114.7800,119.7800,114.0800,117.1900,11968812
2018-06-08,101.2900,101.5000,100.6600,101.4300,1181307
2018-06-07,100.9200,102.1300,100.5000,100.7600,2240436
2018-06-06,102.9500,103.2300,100.4900,100.7100,1713310
2018-06-05,103.4100,103.7100,102.5100,102.8100,1859975
2018-06-04,104.2800,104.6500,103.0400,103.4000,2347002
2018-06-01,105.7800,106.6300,104.0600,104.3000,2170338
2018-05-31,105.9300,107.2700,105.1100,106.5300,3027643
2018-05-30,105.1300,106.3200,104.6100,106.2400,3144414
2018-05-29,105.0300,106.0100,103.8200,105.7900,2307330
2018-05-25,104.9100,105.5300,104.8000,105.1900,1476137
2018-05-24,104.6500,105.5000,103.7200,105.2100,1511484
2018-05-23,103.5100,105.0000,102.8800,104.8600,2340504
2018-05-22,103.0000,103.7400,102.7200,103.4300,2436581
2018-05-21,102.8500,103.0200,101.3000,102.6400,1534291
2018-05-18,102.2500,102.6400,100.9000,101.9700,1991255
2018-05-17,103.5500,103.5900,101.9900,102.1800,1821272
2018-05-16,105.4100,105.4300,103.1800,103.3400,2426171
2018-05-15,105.4300,106.0400,104.4100,105.2400,2568586
2018-05-14,107.0500,107.6200,106.0800,106.5100,1754694
2018-05-11,106.6200,107.5900,106.4000,107.0800,1834542
2018-05-10,105.7500,106.5300,105.1400,106.3900,1991059
2018-05-09,106.2500,106.2500,104.6000,105.1400,1971196
2018-05-08,110.1100,110.3500,106.1300,106.4400,3056569
2018-05-07,109.8900,112.3200,108.8400,110.6800,2878314
2018-05-04,111.1600,112.3500,111.1600,111.8000,2598058
2018-05-03,110.8700,111.4200,109.5500,111.4100,1033980
2018-05-02,111.3200,111.9200,110.8400,111.1600,1365671
2018-05-01,111.8900,112.0900,111.2500,111.6600,1437184
2018-04-30,111.8600,112.5100,111.7200,111.8000,1951827
2018-04-27,110.3700,112.0200,110.1000,111.6300,2687970
2018-04-26,109.1700,110.5200,108.7300,110.3800,1573205
2018-04-25,109.7400,110.8200,108.9900,109.3100,1384692
2018-04-24,109.6100,110.3000,108.8300,109.8900,4483728
2018-04-23,109.6500,110.2300,108.7900,109.3000,1924551
2018-04-20,110.5600,111.3900,109.3500,109.8100,2167874
2018-04-19,111.1000,111.8300,109.6400,110.3700,1882157
2018-04-18,112.6600,113.3700,111.5400,111.6000,1862684
2018-04-17,111.9100,112.9400,111.4300,112.6000,1738391
2018-04-16,111.1500,111.9700,110.7600,111.7900,1930502
2018-04-13,110.1300,111.3400,110.1300,110.6200,2170538
2018-04-12,111.3000,111.6900,110.0500,110.2700,1781169
2018-04-11,111.5200,112.1000,110.8200,110.9900,1145103
2018-04-10,111.8500,112.2700,111.4700,111.6800,1641276
2018-04-09,111.0800,112.3500,110.4900,111.7800,1245340
2018-04-06,111.9600,112.0000,110.6400,111.1300,2084279
2018-04-05,110.2100,111.8300,108.9600,111.5300,1788140
2018-04-04,109.4000,110.6400,109.0800,110.3400,1899880
2018-04-03,109.9200,110.1300,108.8700,109.3800,2030425
2018-04-02,111.4000,111.6900,109.1900,110.1300,1515824
2018-03-29,110.6700,111.6700,109.8900,111.2200,1107934
2018-03-28,111.4000,111.6300,109.9700,110.3300,1837932
2018-03-27,110.0300,112.4800,109.6300,111.1800,1939550
2018-03-26,109.0100,110.2200,108.2900,109.9800,1182420
2018-03-23,110.4600,111.8200,108.7200,108.9700,1126582
2018-03-22,109.7200,112.2800,109.2600,110.5100,1282998
2018-03-21,110.9200,111.7000,109.9600,110.4100,1321894
2018-03-20,112.1700,112.8700,110.5600,110.6000,2175914
2018-03-19,112.7800,113.3400,111.8400,112.4300,1659435
2018-03-16,112.0100,113.1400,111.2700,113.0200,3683713
2018-03-15,112.6000,113.5400,111.2000,112.2000,1805522
2018-03-14,111.0700,113.1100,111.0300,112.8600,1970112
2018-03-13,110.2800,110.9500,109.5500,110.7000,1500921
2018-03-12,108.8700,109.9500,108.3400,109.7500,2270541
2018-03-09,110.0200,110.3800,108.2900,109.0800,2467811
2018-03-08,108.7100,110.2000,108.5700,109.7900,1834024
2018-03-07,109.0200,109.7300,107.7800,108.5600,1335092
2018-03-06,110.6800,111.8500,108.9700,109.3600,1478822
2018-03-05,107.1400,111.1300,106.6400,110.6900,1955333
2018-03-02,107.5700,108.7100,105.8400,107.0900,1284431
2018-03-01,109.0800,110.1200,107.2100,107.6400,1903142
2018-02-28,110.3300,110.6000,108.7100,108.9800,1679158
2018-02-27,110.9900,111.3100,108.3700,110.0400,3101834
2018-02-26,109.4600,110.0100,108.8000,109.5100,4028835
2018-02-23,106.8800,109.6400,106.8800,109.5700,1503897
2018-02-22,105.9600,107.4900,105.0600,106.6400,1990625
2018-02-21,107.5200,108.1800,105.3800,105.4300,2553834
2018-02-20,108.6100,109.2100,106.7100,107.5400,2280303
2018-02-16,107.7300,109.3100,107.5400,109.0100,1309771
2018-02-15,106.0800,108.0000,105.3200,107.9800,2220344
2018-02-14,106.0500,106.3000,105.1600,105.4700,1145071
2018-02-13,106.3900,107.2200,105.0600,106.8100,1470567
2018-02-12,106.1700,107.2100,105.3400,106.6200,1696373
2018-02-09,103.7300,106.8100,102.9200,106.1100,3393414
2018-02-08,103.7900,104.9700,102.9300,103.3600,3057082
2018-02-07,103.4100,105.1100,103.0200,104.0900,3906853
2018-02-06,103.3600,103.7800,100.6300,103.4000,3096296
2018-02-05,105.4600,107.1100,103.9400,104.2500,3111640
2018-02-02,105.9000,106.7200,105.1800,105.5800,1999215
2018-02-01,107.1000,109.1900,105.8400,106.5300,2977199
2018-01-31,106.0000,107.1700,105.5500,107.0200,2771289
2018-01-30,104.5000,106.1800,104.4000,105.8300,2592678
2018-01-29,105.1000,105.4200,103.6600,104.4500,2355918
2018-01-26,106.7200,106.7400,104.6200,105.5300,2958074
2018-01-25,105.9500,106.4700,105.5700,106.4000,1814853
2018-01-24,106.2300,106.4600,105.4600,105.6800,3438126
2018-01-23,105.1400,107.1000,105.0800,106.2200,2587807
2018-01-22,106.6600,106.9600,104.8300,105.0500,2712105
2018-01-19,106.1300,106.5300,105.6800,105.9900,2163313
2018-01-18,106.2100,106.5800,104.9300,106.0200,3412671
2018-01-17,106.9600,107.0900,106.0300,106.5900,2153347
2018-01-16,107.7800,107.8100,106.5000,107.0600,3808650
2018-01-12,106.3400,107.4400,106.1300,106.8900,2561942
2018-01-11,107.2700,107.5500,106.3900,106.7000,1799331
2018-01-10,106.8500,107.5000,106.7300,107.1900,2579424
2018-01-09,108.5600,108.7000,107.5200,107.6200,3994736
2018-01-08,108.4500,108.5300,107.6200,108.4800,3884656
2018-01-05,108.8400,109.7400,107.6000,108.4500,12566805
2018-01-04,108.0900,109.6900,106.8500,107.4200,3501033
2018-01-03,102.9900,108.5000,102.9900,108.1400,3508681
2018-01-02,107.2400,107.4800,105.2800,105.3500,2279593
2017-12-29,107.2800,107.5800,106.5400,106.9200,864172
2017-12-28,107.3600,107.8500,106.7200,107.0800,1250969
2017-12-27,108.3200,108.9200,107.5400,107.8300,1061330
2017-12-26,108.2100,108.8600,107.6700,107.9400,961584
2017-12-22,105.8600,108.7700,105.0300,108.3100,2198822
2017-12-21,110.8100,111.2500,106.7000,106.9100,4442848
2017-12-20,112.3600,112.6500,111.5200,111.9300,1390282
2017-12-19,115.1100,115.6000,112.1700,112.1900,1160721
2017-12-18,116.4800,116.8100,114.4600,115.0700,1154787
2017-12-15,116.4900,117.5500,115.3000,116.5300,1859661
2017-12-14,114.5900,115.9100,114.0500,115.7800,1191528
2017-12-13,115.3100,115.9300,114.6700,115.2400,1858575
2017-12-12,117.0700,117.0700,114.5400,114.6900,1607758
2017-12-11,116.5300,118.0800,116.1300,118.0300,1597308
2017-12-08,116.1300,116.7300,114.0000,116.6900,1912703
2017-12-07,116.0400,116.6300,115.3100,116.4300,1906615
2017-12-06,116.2200,116.6500,115.3800,116.3100,1689303
2017-12-05,120.5000,120.5400,115.6600,116.2200,3128477
2017-12-04,120.2700,121.5900,120.0200,120.4900,905173
2017-12-01,121.3400,121.7300,119.7200,120.4800,1195329
2017-11-30,120.2500,121.5600,120.1500,120.9900,1738034
2017-11-29,119.1000,120.4000,118.6600,120.2600,1053142
2017-11-28,119.6000,120.4700,119.4600,119.5800,1223743
2017-11-27,118.9600,119.6500,118.5300,119.4300,886531
2017-11-24,118.9600,119.2700,118.4600,118.7000,87094
2017-11-22,118.9500,119.6000,118.2200,118.6600,934695
2017-11-21,119.0200,119.3300,118.4500,118.8200,1357623
2017-11-20,119.5500,119.8900,118.7000,118.8000,1292472
2017-11-17,119.6200,120.1847,119.1600,119.5100,1695303
2017-11-16,120.3600,120.6100,119.5600,119.8600,1339319
2017-11-15,122.6800,122.9750,120.4100,120.4100,1897958
2017-11-14,121.6400,122.6200,121.5600,122.2300,1513862
2017-11-13,121.3800,122.3100,121.0100,121.9600,782918
2017-11-10,120.6300,121.3600,120.3500,121.1300,1238977
2017-11-09,120.5900,121.7000,120.5800,121.3800,824638
2017-11-08,120.2500,121.3750,120.1300,121.0300,1605239
2017-11-07,118.9900,120.8600,118.5500,120.5200,1108093
2017-11-06,119.3200,119.4400,118.5500,118.8700,995122
2017-11-03,117.5400,119.3400,117.5357,118.9800,1271352
2017-11-02,116.7600,117.8600,116.4600,117.8100,1404007
2017-11-01,116.9700,117.2700,115.9100,116.6300,1447625
2017-10-31,117.6000,117.9700,116.8100,117.5000,1342480
2017-10-30,115.4400,117.7200,114.1040,117.4500,2481116
2017-10-27,114.8200,116.1900,114.7800,115.6400,1167422
2017-10-26,115.2200,115.7600,114.5500,115.1100,1197322
2017-10-25,114.6300,114.7000,113.2700,114.3400,1553600
2017-10-24,114.2500,115.0300,114.0100,114.9600,1120678
2017-10-23,114.3300,114.6800,114.0500,114.4300,1520232
2017-10-20,113.9700,114.2900,113.6000,114.1300,1202933
2017-10-19,113.2600,114.3500,113.2400,114.0900,2185560
2017-10-18,113.4400,114.0600,112.8500,113.0500,798314
2017-10-17,114.2800,114.5900,113.5700,114.0400,1118677
2017-10-16,114.5600,114.8900,114.1400,114.4600,712848
2017-10-13,116.2600,116.4900,114.1100,114.8700,1237806
2017-10-12,114.9300,116.1700,114.5100,115.9600,1161029
2017-10-11,114.5700,115.5100,114.1700,114.9400,1407688
2017-10-10,112.9500,114.5100,112.7600,113.8100,1710019
2017-10-09,112.2000,113.2600,112.2000,112.6300,1023584
2017-10-06,111.6100,111.9800,110.0000,111.9500,1373032
2017-10-05,114.0000,114.0000,111.2700,112.0200,2211662
2017-10-04,113.8800,114.6200,113.7600,114.5600,1158944
2017-10-03,114.0200,114.1700,113.5500,113.8700,1116692
2017-10-02,114.5600,115.1800,113.9200,113.9800,863008
2017-09-29,114.4400,114.7500,113.9000,114.1300,880666
2017-09-28,114.0500,114.6000,113.5500,114.5800,966093
2017-09-27,115.8500,115.9600,114.0200,114.5000,905617
2017-09-26,116.8600,117.0400,116.1800,116.2600,879899
2017-09-25,116.1100,117.0100,115.7100,116.8800,1093096
2017-09-22,116.3800,116.3800,115.7200,115.9400,1178063
2017-09-21,116.0000,116.8550,115.8900,115.9100,1248193
2017-09-20,117.6000,118.1100,116.4100,116.5800,1397428
2017-09-19,117.7500,118.1700,117.2700,117.5800,792580
2017-09-18,119.2100,119.4200,117.1600,117.6600,1258311
2017-09-15,119.6700,119.7100,118.8500,119.2900,1628660
2017-09-14,118.1500,119.4200,117.6420,119.0900,1360687
2017-09-13,118.0600,118.6900,117.9750,118.1200,1037414
2017-09-12,119.9000,120.1700,117.5900,118.3400,960078
2017-09-11,118.9600,120.1000,118.8000,120.0600,942085
2017-09-08,118.9500,119.1900,118.4400,119.1600,567186
2017-09-07,117.4000,119.1900,116.7500,118.9700,994654
2017-09-06,117.8700,117.8700,116.7200,117.2000,771448
2017-09-05,118.0600,118.3200,117.3100,117.6400,848801
2017-09-01,118.3100,118.5600,117.5300,117.9400,439342
2017-08-31,117.9700,118.2150,117.7300,117.9300,824848
2017-08-30,118.4900,118.6700,117.5200,117.7500,645260
2017-08-29,119.2700,119.4600,118.7300,118.7800,639700
2017-08-28,119.5700,119.5700,118.6900,119.2100,738551
2017-08-25,119.0700,119.6600,119.0000,119.0300,996798
2017-08-24,118.4500,119.1950,118.2600,119.0700,894178
2017-08-23,118.2300,118.6900,117.0400,118.6300,1075789
2017-08-22,118.4300,118.7700,117.9000,118.2800,1167861
2017-08-21,116.7700,118.7800,116.6500,118.4000,1847375
2017-08-18,115.6300,116.6300,115.3400,116.5500,844595
2017-08-17,117.0800,117.4100,115.7400,115.7900,702816
2017-08-16,116.8900,117.2000,116.5900,116.9600,560619
2017-08-15,115.7000,116.9500,115.7000,116.8000,1094234
2017-08-14,115.6500,116.4400,115.3200,116.4300,1019979
2017-08-11,116.2000,116.2000,115.2400,115.6100,518045
2017-08-10,116.3400,116.4000,115.0400,116.0600,1344988
2017-08-09,117.5500,117.5500,116.2800,116.7300,820390
2017-08-08,117.0300,117.5800,116.8150,117.4900,869178
2017-08-07,117.1900,117.5900,116.6400,117.1200,955718
2017-08-04,116.2900,117.3700,115.3000,117.1900,999088
2017-08-03,114.7800,116.2700,114.6900,116.0300,1207808
2017-08-02,114.0000,115.0800,113.7573,115.0400,629632
2017-08-01,113.0100,114.9300,112.8500,114.4900,1318664
2017-07-31,113.1500,113.5900,112.6500,113.0100,1652893
2017-07-28,112.9700,113.7200,112.5300,113.0400,772847
2017-07-27,113.2100,113.2100,112.2900,113.0800,998913
2017-07-26,112.6900,113.3400,112.4000,113.3300,881514
2017-07-25,113.3700,113.3700,112.5800,112.7600,689731
2017-07-24,114.9200,114.9450,113.2400,113.3300,923518
2017-07-21,113.9900,114.9300,113.3400,114.9300,839719
2017-07-20,113.2900,114.0700,112.9300,114.0600,692168
2017-07-19,112.3700,112.9400,111.8000,112.9400,645468
2017-07-18,112.3300,112.5000,111.9400,112.2000,596463
2017-07-17,112.2200,112.2200,111.6000,112.0300,994042
2017-07-14,112.3700,112.6900,111.8400,112.1500,786995
2017-07-13,111.4400,112.4550,110.9800,111.6100,952809
2017-07-12,111.9000,112.2100,111.3300,111.5000,1143270
2017-07-11,111.0600,111.1444,110.4600,110.8700,1136408
2017-07-10,111.0200,111.3800,110.5900,110.7700,841452
2017-07-07,111.1300,111.1600,110.3500,110.5300,816379
2017-07-06,110.8800,111.2900,110.5800,110.9200,724206
2017-07-05,111.4300,111.7000,110.6800,111.1400,855831
2017-07-03,113.1300,113.1300,112.0300,112.1800,456754
2017-06-30,113.0900,114.0700,112.7400,112.7500,994843
2017-06-29,112.5800,113.6200,112.1100,112.9900,1134002
2017-06-28,114.3900,114.8500,113.1100,113.1800,1115029
2017-06-27,113.5900,114.7200,113.1700,113.7200,2032128
2017-06-26,112.8300,114.2200,112.5600,114.0400,1556893
2017-06-23,113.2100,113.7500,112.7100,112.8100,1279055
2017-06-22,113.8600,114.0205,113.2900,113.3700,868422
2017-06-21,115.6400,115.6400,113.4300,113.8800,1904273
2017-06-20,116.0000,116.2400,115.4400,115.5200,847731
2017-06-19,116.4200,116.4200,115.4300,115.9800,765375
2017-06-16,115.3600,116.4700,115.2300,116.3900,1507563
2017-06-15,114.1400,115.1650,114.0900,114.9800,1834027
2017-06-14,115.3100,115.8600,113.9200,114.4100,1708703
2017-06-13,114.7200,114.7200,113.8700,114.4500,975371
2017-06-12,115.1200,115.3100,113.9600,114.7100,1901793
2017-06-09,115.1700,115.9200,113.8700,115.0000,3965519
2017-06-08,116.9800,117.4100,115.0700,115.5300,2589444
2017-06-07,117.1300,117.9700,117.0300,117.4600,1844921
2017-06-06,117.5900,117.5900,116.8700,117.0700,1223411
2017-06-05,117.3900,117.8100,116.8400,117.4300,1109214
2017-06-02,117.7100,117.9150,117.1700,117.5000,904878
2017-06-01,116.4700,117.1500,116.2500,117.1400,922424
2017-05-31,115.9100,116.9600,115.9000,116.4900,1454029
2017-05-30,114.3800,116.5700,114.1800,115.6600,1534742
2017-05-26,114.5500,114.7700,114.1300,114.4800,555619
2017-05-25,113.6700,114.8200,113.5700,114.5500,676801
2017-05-24,113.3100,113.8500,113.3000,113.7600,983790
2017-05-23,112.9500,114.0300,112.3100,113.2700,2353870
2017-05-22,111.5700,113.0300,111.4400,112.8700,1154227
2017-05-19,110.4900,111.6400,110.2000,111.5000,2382492
2017-05-18,110.9200,111.9200,110.1300,110.7600,1358091
2017-05-17,111.4400,111.4400,110.0300,110.5600,2481687
2017-05-16,112.0800,112.4850,110.5800,110.6200,730405
2017-05-15,111.5600,112.2300,111.3400,111.9600,856180
2017-05-12,111.3200,112.0400,111.3100,111.6100,998509
2017-05-11,111.3200,111.4200,110.4100,111.3700,825191
2017-05-10,111.7100,112.9300,110.9300,111.6500,1487082
2017-05-09,111.8900,112.8600,111.1400,111.5300,815565
2017-05-08,112.0800,112.3800,111.4600,111.9400,1042464
2017-05-05,111.8800,112.2900,111.6110,112.1500,751303
2017-05-04,111.0300,111.6450,110.7300,111.3700,899180
2017-05-03,111.8900,112.3800,111.3400,111.4200,676626
2017-05-02,111.9800,112.3350,111.5495,112.1400,657008
2017-05-01,113.1900,113.3700,111.4000,111.7900,1044234
2017-04-28,113.3300,113.5000,112.4400,113.0200,1218432
2017-04-27,112.9000,113.9600,112.9000,113.4100,997202
2017-04-26,113.0500,113.9400,112.9100,112.9900,985889
2017-04-25,112.9100,113.6800,112.7700,113.6100,659444
2017-04-24,112.7400,113.6400,111.9700,113.3000,1350714
2017-04-21,112.3500,113.2800,112.3100,112.5200,1471949
2017-04-20,110.2500,112.7700,110.2500,112.2900,2381833
2017-04-19,112.3800,112.8100,111.2200,111.5000,1545730
2017-04-18,112.3500,112.5600,111.7100,112.5000,1055022
2017-04-17,111.5300,112.2600,110.9400,112.2600,1226076
2017-04-13,111.3500,111.9800,110.8650,111.5000,984780
2017-04-12,110.0800,111.4950,109.9300,111.4600,949308
2017-04-11,110.5000,110.8500,109.7400,110.4800,792101
2017-04-10,109.6800,110.8700,109.3600,110.6500,1107093
2017-04-07,109.9800,110.9200,109.6100,109.6800,1339544
2017-04-06,109.2600,109.8600,108.7000,109.7500,1431677
2017-04-05,110.5000,110.6500,107.8600,109.4400,2483049
2017-04-04,109.9900,110.8500,109.7201,110.3800,858693
2017-04-03,110.4800,110.7800,109.1600,109.8600,1301508
2017-03-31,110.0900,111.1600,110.0900,110.5000,1271278
2017-03-30,110.7900,110.8800,110.0900,110.2300,886243
2017-03-29,111.7600,112.0000,111.1000,111.2800,812246
2017-03-28,111.5000,112.1800,111.3300,112.0700,786911
2017-03-27,112.2300,113.1500,111.2500,111.6000,769887
2017-03-24,111.6300,112.7900,111.4000,112.4700,940106
2017-03-23,112.0300,113.0800,111.1900,111.5800,976660
2017-03-22,111.6200,112.5699,111.3850,111.9400,1104331
2017-03-21,109.6500,111.5800,109.2300,111.2600,1002040
2017-03-20,110.9100,111.2500,109.8000,110.3900,901533
2017-03-17,110.4400,111.5100,110.4000,110.7600,1361369
2017-03-16,111.5600,111.5600,109.6700,110.1600,791115
2017-03-15,109.6600,111.8300,109.4600,111.2300,916592
2017-03-14,109.2600,109.8600,108.8500,109.1600,524441
2017-03-13,109.4000,109.9200,109.0700,109.7600,645915
2017-03-10,108.9100,109.5400,108.3400,109.4000,812066
2017-03-09,108.5200,109.3900,107.8900,108.0500,756160
2017-03-08,109.2900,109.7600,108.2600,108.4400,859074
2017-03-07,109.7900,111.0200,109.5200,110.5800,1122735
2017-03-06,108.9400,109.9600,108.6300,109.9400,1033544
2017-03-03,109.8200,109.8200,108.3400,109.2300,773174
2017-03-02,109.2800,110.2800,108.9600,109.7500,1152404
2017-03-01,109.8600,110.6500,108.7300,109.6500,1182576
2017-02-28,109.1100,110.9500,108.6700,110.2900,2057898
2017-02-27,109.0900,109.1000,108.3300,108.8100,879638
2017-02-24,108.3700,109.3250,108.3700,109.0900,1082837
2017-02-23,107.6300,109.1200,107.3200,108.5100,921028
2017-02-22,106.6300,107.5700,106.2100,107.1500,637340
2017-02-21,105.6200,106.7200,105.2990,106.4800,777646
2017-02-17,105.9100,106.1400,104.8800,105.8500,893862
2017-02-16,104.5500,105.9200,104.4500,105.9000,662117
2017-02-15,103.3400,104.3700,103.1900,104.3200,690842
2017-02-14,104.7600,105.1700,103.8100,104.3300,576716
2017-02-13,104.3900,105.2200,104.2900,105.1600,538624
2017-02-10,103.3500,104.5200,103.3500,104.3500,632195
2017-02-09,104.2800,104.6400,103.4950,103.6500,751078
2017-02-08,102.5000,104.4300,102.5000,104.2100,795768
2017-02-07,102.6500,102.9600,102.0900,102.5500,533319
2017-02-06,103.0000,103.2750,101.9550,102.6000,461901
2017-02-03,102.9700,103.2300,102.6400,102.7900,571929
2017-02-02,101.5900,102.7600,100.8000,102.7200,636966
2017-02-01,101.5900,102.2200,100.7900,101.4200,681022
2017-01-31,100.9300,102.5100,100.6416,102.3900,947568
2017-01-30,101.7800,101.7800,99.7100,100.8200,1151642
2017-01-27,102.5800,102.5850,101.1150,101.4400,576128
2017-01-26,102.3900,103.0100,101.6000,102.2800,845607
2017-01-25,102.6500,102.6900,101.5900,102.5700,1013414
2017-01-24,102.1000,102.8900,101.8700,102.6700,1228929
2017-01-23,102.6200,103.4800,101.9800,102.2000,1207715
2017-01-20,102.2200,102.9500,101.6000,102.4400,789451
2017-01-19,103.6200,103.6200,101.7700,102.0800,740200
2017-01-18,103.5000,104.2500,103.4100,103.7800,1015435
2017-01-17,101.9900,103.4800,101.6800,103.4000,772175
2017-01-13,101.5900,102.3300,101.1700,101.7700,635987
2017-01-12,102.1400,102.9000,101.2800,101.8400,806865
2017-01-11,100.9200,102.5200,100.8000,102.1300,1469994
2017-01-10,101.0400,101.7000,100.0900,101.0600,929748
2017-01-09,102.9300,103.6300,101.2800,101.3800,1005383
2017-01-06,101.4500,103.1600,101.2100,102.9200,934812
2017-01-05,102.0000,102.2600,100.1200,101.7600,2008573
2017-01-04,101.3900,103.1400,101.1700,102.0000,1389056
2017-01-03,100.9300,101.2600,99.8500,101.1300,1113877
2016-12-30,100.9500,101.2700,100.3500,100.6400,939947
2016-12-29,100.4300,101.5000,100.1260,100.9900,763801
2016-12-28,101.4300,101.4300,99.7700,99.9200,479040
2016-12-27,100.7800,101.4300,100.3300,101.2300,466757
2016-12-23,102.2000,102.5200,101.3500,101.6700,475593
2016-12-22,102.1300,102.5550,101.6000,102.1300,913844
2016-12-21,103.0100,103.4800,101.8300,101.8400,1100767
2016-12-20,103.2600,103.8100,102.9100,103.1000,788736
2016-12-19,102.9600,103.9700,102.0200,103.5200,1285076
2016-12-16,100.8200,102.3400,100.7250,102.1400,2228632
2016-12-15,100.2700,101.1600,99.4800,100.7700,838130
2016-12-14,104.0800,104.6300,100.4900,100.6500,1013807
2016-12-13,103.4200,104.7000,103.2812,103.9700,1055968
2016-12-12,100.3100,103.1300,100.2050,102.9900,1164118
2016-12-09,99.7100,101.0500,99.5250,100.7100,1115904
2016-12-08,99.0200,99.7600,98.4900,99.5800,815112
2016-12-07,98.8900,99.6500,98.7200,99.5200,1234029
2016-12-06,99.4200,99.8700,98.5900,98.6600,1278601
2016-12-05,99.3900,99.5100,98.1200,98.9100,940489
2016-12-02,99.8600,101.5300,99.5500,99.9000,725800
2016-12-01,99.1800,99.7800,98.6100,99.3500,845124
2016-11-30,101.2700,101.6400,99.6000,99.8000,1489915
2016-11-29,100.8600,102.3700,100.1400,101.2700,1216034
2016-11-28,99.6500,101.7800,99.6500,101.2500,1832205
2016-11-25,98.9900,99.9600,98.8300,99.4600,428125
2016-11-23,100.0000,100.3400,98.1200,98.6800,1327305
2016-11-22,99.9500,100.7600,99.6582,100.1900,989006
2016-11-21,100.2500,100.3200,98.8600,99.7100,1281888
2016-11-18,99.4600,100.6500,99.2800,99.8200,1974404
2016-11-17,98.0400,99.7300,98.0400,99.5300,1709514
2016-11-16,97.2800,98.3500,96.5300,98.3100,1852507
2016-11-15,95.3300,97.5600,94.8500,97.0500,1916591
2016-11-14,95.7700,95.7700,92.9500,94.7400,3650276
2016-11-11,97.2200,97.9900,95.4000,95.6900,1783387
2016-11-10,98.7400,99.0400,96.5600,97.2400,2393577
2016-11-09,102.6900,102.6900,98.0310,99.6700,3926778
2016-11-08,104.1000,104.9400,103.7200,104.3800,710819
2016-11-07,102.7400,104.1100,101.9300,104.0700,1421783
2016-11-04,101.4700,103.4300,101.4700,102.1000,1944139
2016-11-03,99.0800,101.3000,98.6850,100.9800,1402763
2016-11-02,104.8500,105.2200,99.0700,99.3600,4334554
2016-11-01,107.1000,107.1000,104.5400,104.8500,1056815
2016-10-31,105.6700,107.6400,105.4600,107.1000,1202645
2016-10-28,104.8100,105.8400,104.1500,105.1000,682891
2016-10-27,104.8100,105.2300,103.3600,104.5700,1258253
2016-10-26,106.2100,109.4200,104.9700,105.3500,1699440
2016-10-25,104.9900,106.4300,104.8400,106.4100,684367
2016-10-24,105.3900,105.8100,104.6300,105.2100,995460
2016-10-21,104.8300,105.1700,104.3600,104.8500,696518
2016-10-20,104.7800,105.5700,104.6600,105.3500,1016996
2016-10-19,105.2000,105.3950,104.5800,104.6500,809913
2016-10-18,105.2000,105.5300,103.9000,105.0600,582132
2016-10-17,104.1900,104.5800,103.9400,104.4600,774404
2016-10-14,105.2100,105.2100,103.6800,104.0100,975025
2016-10-13,103.6400,105.2300,103.1400,104.6000,1042231
2016-10-12,103.0500,103.7450,102.7000,103.4900,1111445
2016-10-11,103.9500,103.9500,102.2100,102.7700,1139456
2016-10-10,103.0100,104.4200,102.9600,104.3100,964701
2016-10-07,103.4400,104.5500,102.5700,102.6600,1200176
2016-10-06,102.4500,103.4900,101.7000,103.0900,890383
2016-10-05,103.0100,104.2300,102.4300,102.7300,1588642
2016-10-04,104.7900,104.7900,101.9200,102.7200,1581521
2016-10-03,107.0000,107.0000,104.5600,105.0800,1217310
2016-09-30,107.5300,107.9500,106.9300,107.1900,1813352
2016-09-29,108.4100,108.5300,106.6900,106.9500,1104273
2016-09-28,108.4300,109.0100,107.3700,108.6500,842960
2016-09-27,110.3700,111.1400,107.9200,108.1800,1312276
2016-09-26,109.9900,110.9700,109.5200,110.7600,1661270
2016-09-23,110.0200,110.4700,109.7300,109.9100,1073497
2016-09-22,110.7700,111.4000,109.8300,110.5800,892434
2016-09-21,108.0700,110.3200,108.0700,110.2700,1472328
2016-09-20,108.1800,109.4900,108.1600,108.4200,1468030
2016-09-19,106.7900,108.0800,106.4900,107.9400,1603568
2016-09-16,105.3200,106.7700,104.3700,106.6200,4958485
2016-09-15,104.0300,105.5600,103.6550,105.2000,1695666
2016-09-14,102.7800,104.1500,102.3500,104.1300,2091642
2016-09-13,104.3600,104.3600,102.1500,102.5300,1098486
2016-09-12,102.6100,104.8600,102.3700,104.5300,1747553
2016-09-09,106.3000,106.6600,102.8700,102.9000,1864781
2016-09-08,105.5500,107.3190,105.5500,107.0600,1329676
2016-09-07,105.8000,106.0800,105.5500,106.0400,800474
2016-09-06,104.6000,106.1400,104.1900,106.0900,1521481
2016-09-02,103.7400,104.8900,103.2400,104.3000,908102
2016-09-01,104.7000,104.8700,103.3800,103.7000,845992
2016-08-31,104.1000,104.7300,103.6200,104.6300,1277405
2016-08-30,104.9500,105.3700,103.7250,104.0500,1099806
2016-08-29,104.8300,105.4100,104.4100,104.7500,1209225
2016-08-26,106.8600,107.2400,103.9200,104.4400,1235041
2016-08-25,106.7500,107.1600,106.2792,106.5100,778362
2016-08-24,106.8000,107.1400,105.8300,106.8000,727572
2016-08-23,107.7300,108.5800,106.8300,106.8700,689059
2016-08-22,108.1700,108.5900,107.5800,107.7600,684392
2016-08-19,108.0500,108.6250,107.2300,107.9500,1052905
2016-08-18,105.9500,108.4800,105.9500,108.4600,1452481
2016-08-17,104.7600,106.3200,103.9100,106.2100,1323876
2016-08-16,105.7200,105.9000,104.7200,104.8000,692078
2016-08-15,106.9500,107.6000,105.8300,105.9100,809997
2016-08-12,106.9900,107.8400,106.6900,106.9900,527810
2016-08-11,106.8600,107.0600,106.4100,106.9900,813404
2016-08-10,106.6600,107.1700,106.3200,106.7600,604727
2016-08-09,106.9000,107.1000,105.9900,106.3900,1048623
2016-08-08,107.0400,108.2900,106.7800,106.9800,1045912
2016-08-05,110.1100,110.1100,106.7600,107.0400,1357095
2016-08-04,110.3900,111.3600,109.4500,110.2900,1057251
2016-08-03,110.7900,110.9500,109.9600,110.3500,931163
2016-08-02,111.2000,111.2100,110.2400,110.7900,498511
2016-08-01,111.6700,111.9550,111.3200,111.6100,633047
2016-07-29,111.3800,112.0400,110.8500,111.8800,884171
2016-07-28,111.0000,111.6497,110.3800,111.3800,741247
2016-07-27,112.3300,112.5500,110.0000,110.9000,1007896
2016-07-26,113.0100,113.1000,112.0300,112.3600,614868
2016-07-25,113.3500,113.5000,112.4200,112.9000,460457
2016-07-22,113.0000,113.9200,112.9300,113.7800,640509
2016-07-21,111.7200,113.2000,111.3210,113.0600,1175349
2016-07-20,112.4900,112.7800,111.7700,111.9900,1324534
2016-07-19,113.0100,113.2450,111.8800,112.3100,2481679
2016-07-18,112.9300,113.4500,112.7300,112.9500,1001929
2016-07-15,113.3000,113.9900,112.4800,112.9300,1092523
2016-07-14,113.5900,113.5900,111.8000,113.0500,1288019
2016-07-13,113.4800,114.3200,113.1200,114.1400,887740
2016-07-12,113.7500,114.4300,112.8300,113.2200,864218
2016-07-11,114.0500,114.3500,113.1200,114.2900,1001547
2016-07-08,113.0000,114.2200,112.0100,114.1100,1386325
2016-07-07,114.1900,114.5000,112.7630,113.0600,1064727
2016-07-06,113.7600,114.6600,113.3800,114.5000,1723509
2016-07-05,113.4100,114.1400,113.2000,113.6000,1010444
2016-07-01,114.2900,114.4000,112.5000,113.4900,1023686
2016-06-30,111.7700,114.0300,111.6100,114.0200,1729799
2016-06-29,110.9100,111.3000,110.5900,111.2700,1335232
2016-06-28,110.7900,111.4600,109.5900,110.4400,1498465
2016-06-27,110.1300,111.7800,109.6700,111.3900,1625968
2016-06-24,109.3000,111.8197,109.3000,110.3400,1659910
2016-06-23,110.0200,111.0800,109.6100,111.0800,911533
2016-06-22,110.4500,110.6700,109.3800,109.5300,918482
2016-06-21,109.3700,110.8900,109.1600,110.4400,1131979
2016-06-20,110.0200,110.4000,108.9900,109.3100,1146454
2016-06-17,109.5700,109.9400,108.6300,109.6500,1508985
2016-06-16,109.1100,109.5700,108.5600,109.3900,964414
2016-06-15,110.0800,110.1200,108.9300,109.1300,1207612
2016-06-14,109.4000,110.1100,108.9100,110.0800,1049277
2016-06-13,109.3600,109.7700,109.0000,109.4000,832789
2016-06-10,109.8000,110.1800,108.9400,109.2700,883028
2016-06-09,109.4400,110.2700,109.0000,110.0000,770572
2016-06-08,108.7500,109.5600,108.7500,109.5500,788376
2016-06-07,108.8400,109.3700,108.5000,108.6900,809367
2016-06-06,108.9400,109.3500,108.0700,109.0300,1677196
2016-06-03,107.3700,109.9000,107.3700,109.4600,2043918
2016-06-02,106.4100,106.9850,106.1600,106.7300,1180386
2016-06-01,106.8900,107.1950,106.1701,106.7800,1536916
2016-05-31,105.3700,107.2800,105.3400,107.1200,2021854
2016-05-27,104.8200,105.4100,104.3600,105.3500,615584
2016-05-26,104.2900,105.1300,104.2600,104.7700,916673
2016-05-25,104.3100,105.1900,103.6100,104.5800,1076781
2016-05-24,103.1300,104.3900,102.0300,104.3300,1275175
2016-05-23,103.8800,103.8900,102.7900,102.8300,901828
2016-05-20,103.3500,103.8700,102.6100,103.6300,2498164
2016-05-19,101.7900,103.1400,101.1700,102.9800,1276281
2016-05-18,103.3800,104.2200,101.7300,102.3200,1302192
2016-05-17,104.1800,104.6100,103.1300,103.9800,1416280
2016-05-16,104.4900,105.1900,103.8949,104.6100,1071215
2016-05-13,105.2500,105.4200,104.0550,104.4000,779316
2016-05-12,105.3800,105.9700,104.8350,105.3700,985139
2016-05-11,104.8200,105.5700,103.9100,105.3500,1220231
2016-05-10,104.9300,105.1900,104.2800,104.6600,1000720
2016-05-09,104.9000,105.0900,104.1900,104.6300,992206
2016-05-06,105.0800,105.2100,103.5900,104.7600,1226628
2016-05-05,104.9500,106.0700,104.2050,105.4400,1817604
2016-05-04,104.4100,106.9100,103.8100,105.0700,1907524
2016-05-03,104.7300,105.3100,104.1500,104.8900,1881718
2016-05-02,103.4700,105.3200,102.8800,104.8900,1799146
2016-04-29,102.5200,103.4300,102.0650,103.3500,1363752
2016-04-28,102.0400,103.6200,102.0400,103.0900,916379
2016-04-27,101.4700,103.3800,100.5600,102.8700,1031258
2016-04-26,101.6500,102.0750,100.9600,101.2000,897720
2016-04-25,101.1300,101.3900,100.4400,101.3000,911036
2016-04-22,100.8000,101.3800,100.4000,101.1400,1014483
2016-04-21,102.1900,102.4600,100.4700,100.4700,1179553
2016-04-20,104.4600,105.4600,102.3800,102.4300,1344966
2016-04-19,104.5500,104.9200,103.8300,104.2100,1035786
2016-04-18,104.6000,104.6000,103.5500,104.4800,1075016
2016-04-15,103.7400,104.9599,103.7400,104.6000,824560
2016-04-14,103.9600,104.1600,103.4550,103.9100,901789
2016-04-13,104.3500,104.4300,103.1400,103.9700,766395
2016-04-12,103.5300,104.2200,103.0150,104.0900,906034
2016-04-11,104.3200,104.8700,103.1200,103.3200,887522
2016-04-08,103.6400,104.5900,103.6400,104.2400,960012
2016-04-07,102.7300,103.8200,102.3801,103.3500,1161134
2016-04-06,102.8500,103.3200,102.1000,103.2000,1072786
2016-04-05,104.5500,104.6400,102.9600,103.0800,1191887
2016-04-04,105.5900,105.6200,104.9400,105.1300,1376849
2016-04-01,103.9200,106.0500,103.3800,105.9200,1695249
2016-03-31,103.3800,104.3400,103.3800,104.0500,1265704
2016-03-30,104.7000,104.7000,103.1000,103.4700,1221178
2016-03-29,102.8800,104.3200,102.3300,104.1500,949255
2016-03-28,102.7400,103.4400,102.1400,102.7400,730217
2016-03-24,101.4600,102.7700,101.0300,102.5500,865546
2016-03-23,102.3000,102.5300,101.3900,101.8300,1438170
2016-03-22,101.9400,103.1500,101.6400,102.7400,1498409
2016-03-21,103.2300,103.3400,102.2300,102.9000,1363571
2016-03-18,103.1000,103.9600,102.2900,103.2300,2379454
2016-03-17,100.8100,103.2500,100.4900,103.0400,1219705
2016-03-16,99.9800,101.0000,98.8600,100.6200,1215326
2016-03-15,99.3700,100.3900,99.3700,100.2000,1042593
2016-03-14,99.4300,100.3200,98.7200,100.0700,960959
2016-03-11,98.9400,99.6900,98.7700,99.4600,1356562
2016-03-10,98.7500,99.3000,97.1500,98.2400,1170511
2016-03-09,98.4500,99.7400,97.9300,98.8700,999588
2016-03-08,97.5500,98.5900,97.0350,98.3400,1159031
2016-03-07,97.2300,97.8500,96.2600,97.4000,1829350
2016-03-04,98.4200,98.8600,97.3100,97.8600,1105964
2016-03-03,97.5200,98.8700,96.3600,98.5600,1093650
2016-03-02,96.0600,97.4500,94.3900,97.4300,1761777
2016-03-01,97.2200,97.3500,96.1400,96.5700,1232388
2016-02-29,95.4000,97.6200,95.0400,96.5100,2282979
2016-02-26,98.0700,98.0700,95.1400,95.5600,2793640
2016-02-25,98.8900,99.4400,98.1100,98.9100,1776120
2016-02-24,98.3200,99.1200,98.0600,98.9000,1612590
2016-02-23,98.0800,99.2400,97.7800,98.8300,1127312
2016-02-22,97.7300,99.4800,97.6700,98.7500,1505872
2016-02-19,96.6600,97.3000,95.7350,97.2500,2143306
2016-02-18,95.3200,97.3900,95.2000,96.8800,995569
2016-02-17,94.8400,95.6800,94.0750,95.5000,1133528
2016-02-16,94.0700,94.7700,93.2900,94.4400,1360091
2016-02-12,94.9500,95.1100,93.2400,93.4700,1819297
2016-02-11,96.4000,96.9100,94.0400,94.4500,1466301
2016-02-10,95.4400,97.7300,95.3500,97.1100,1711141
2016-02-09,94.7500,96.5900,94.0100,95.9000,1309043
2016-02-08,94.8700,95.2900,93.0300,95.1000,1340218
2016-02-05,94.9800,95.6300,94.0800,95.0600,1331887
2016-02-04,95.4800,96.9700,95.1950,95.3100,1989100
2016-02-03,95.9500,96.8400,95.1800,95.6400,1722635
2016-02-02,94.9400,95.6500,94.0400,95.5200,2266565
2016-02-01,94.7500,96.2000,94.2900,95.6700,1421428
2016-01-29,93.7100,95.2810,93.7100,94.7500,2017080
2016-01-28,91.7700,93.0300,91.5300,92.8300,1112106
2016-01-27,91.9400,92.3000,90.5900,91.3300,1189564
2016-01-26,92.3600,93.3200,91.7400,92.2200,1215982
2016-01-25,93.2300,93.8500,91.8300,92.0700,968927
2016-01-22,91.6800,93.8500,91.3900,93.6100,1393335
2016-01-21,90.1000,91.3300,89.4500,91.0400,1274931
2016-01-20,92.1100,92.2900,89.1400,90.0500,2086652
2016-01-19,92.6800,93.1500,92.0200,92.5000,2488463
2016-01-15,91.3300,92.2800,90.2900,91.9900,1940485
2016-01-14,90.2200,93.5600,90.0500,92.9400,2360394
2016-01-13,89.5400,91.8000,89.1400,90.2400,2119935
2016-01-12,90.8200,90.8500,88.4000,88.9400,2002777
2016-01-11,88.0300,89.8700,87.8200,89.6900,2285629
2016-01-08,87.1300,88.9400,86.7200,87.8300,2995382
2016-01-07,90.4900,90.9000,86.7250,87.0000,4730926
2016-01-06,93.5100,93.8500,91.8500,92.0000,1967643
2016-01-05,92.8300,94.4300,92.1100,94.2900,1209873
2016-01-04,93.1600,93.2500,92.3700,93.1800,1490281
2015-12-31,94.4700,94.7700,92.8900,94.0100,1247868
2015-12-30,95.9800,96.3700,94.7001,94.8500,1480816
2015-12-29,96.4900,96.8400,95.7300,95.8500,1145002
2015-12-28,95.6700,96.2650,95.1700,96.0500,414702
2015-12-24,96.1100,96.4000,95.7100,96.0200,343258
2015-12-23,93.5900,97.0900,93.5900,96.5400,1236463
2015-12-22,94.4100,94.4100,93.1600,93.9200,1007995
2015-12-21,94.9100,95.3000,93.6300,94.1700,1141241
2015-12-18,95.2300,95.5300,94.0600,94.4100,2328636
2015-12-17,96.3000,96.7800,95.5500,95.9500,898393
2015-12-16,92.9200,96.3500,92.7500,96.2500,1750673
2015-12-15,92.3300,93.6100,92.1400,92.8000,974684
2015-12-14,91.2400,92.0200,90.5200,91.9000,1341656
2015-12-11,91.9000,92.2300,90.8700,91.2800,1556059
2015-12-10,93.6700,94.1100,92.3450,92.5200,888773
2015-12-09,93.6400,94.4400,92.8000,93.7500,1561126
2015-12-08,94.5000,95.0000,92.7500,94.0200,1789665
2015-12-07,97.4400,97.4400,93.0500,95.0000,3027313
2015-12-04,97.2900,98.2200,96.2200,97.6700,1225136
2015-12-03,97.8200,98.9900,96.6500,96.9600,997111
2015-12-02,99.8400,99.9900,98.2400,98.3800,710831
2015-12-01,99.6400,100.1400,98.8000,100.0600,850037
2015-11-30,99.6300,100.0700,99.2100,99.2300,1088079
2015-11-27,99.3600,100.2400,99.2000,99.6400,429201
2015-11-25,100.0800,100.0800,99.0600,99.1800,951858
2015-11-24,100.5900,100.7400,99.6700,100.2800,819251
2015-11-23,102.3200,102.3200,100.9300,101.0800,622226
2015-11-20,102.0000,102.9000,101.7500,102.1700,1294271
2015-11-19,101.1100,101.9400,100.8100,101.6600,679842
2015-11-18,100.0900,101.2300,99.4700,101.1000,878870
2015-11-17,101.4200,101.9600,99.9400,100.1100,858450
2015-11-16,98.8100,101.5000,98.7800,101.4800,1045553
2015-11-13,99.6500,100.3800,98.6700,98.8600,1032038
2015-11-12,101.1800,102.2120,99.4800,99.5000,961665
2015-11-11,101.4900,102.1500,100.9800,101.4800,997581
2015-11-10,100.4600,101.3700,100.0520,101.3000,958494
2015-11-09,100.7000,100.9300,99.7800,100.3500,1306025
2015-11-06,103.1900,103.3000,100.1700,100.9200,1476904
2015-11-05,105.2900,105.5200,104.0700,104.1200,1175067
2015-11-04,104.2400,105.7800,104.1050,105.5200,1587215
2015-11-03,102.8300,104.7000,99.1700,104.4500,1851199
2015-11-02,102.2900,102.5850,101.7300,102.3900,1649445
2015-10-30,101.4900,102.4500,100.8700,102.4100,1283148
2015-10-29,100.5000,101.4800,99.6100,101.3000,930456
2015-10-28,101.0200,101.4000,99.5000,100.9100,1230619
2015-10-27,101.0700,101.4500,100.2900,101.0100,773365
2015-10-26,101.6300,101.8250,100.4700,101.4500,1038260
2015-10-23,102.4100,102.9550,101.2400,101.4700,1106302
2015-10-22,101.3600,102.5500,101.1700,102.5100,1030769
2015-10-21,101.8300,102.3600,101.0500,101.1400,674267
2015-10-20,101.5400,101.7600,101.1100,101.4600,846912
2015-10-19,101.2700,101.8900,100.8100,101.8400,982902
2015-10-16,101.2800,102.0300,100.3200,101.6100,1249056
2015-10-15,99.8000,101.0000,99.2100,100.7100,960455
2015-10-14,100.5300,101.0400,99.2500,99.3900,1512235
2015-10-13,100.0200,100.8400,99.8900,100.5300,1062023
2015-10-12,100.1000,100.9600,99.5600,100.3300,826403
2015-10-09,99.7900,100.3000,99.1700,99.7200,1268246
2015-10-08,97.5900,99.8000,97.1400,99.6600,1162490
2015-10-07,97.8600,98.8000,97.3700,97.7900,1121214
2015-10-06,97.9800,98.6900,97.3400,97.6700,1841615
2015-10-05,97.1000,98.4200,96.8500,98.3600,1082537
2015-10-02,96.9900,96.9900,95.8200,96.6800,1904186
2015-10-01,96.7100,96.9199,95.4900,96.4000,1783314
2015-09-30,94.9600,96.8100,94.7000,96.7200,1867381
2015-09-29,94.0100,94.8100,93.8600,94.4600,1602740
2015-09-28,93.6300,94.5400,93.4000,94.0300,1902044
2015-09-25,92.8700,95.1100,92.8700,93.9400,1649907
2015-09-24,91.8000,92.8450,91.5100,92.7400,1112659
2015-09-23,92.4000,93.0800,91.5300,92.1100,1159245
2015-09-22,93.5900,94.1500,92.6900,93.0000,3013631
2015-09-21,92.6500,93.2700,92.2000,93.0600,1295324
2015-09-18,92.5000,93.4100,92.2500,92.4300,2514094
2015-09-17,91.4600,94.3100,91.0500,92.9300,1359483
2015-09-16,90.8700,91.7800,90.5000,91.4600,982378
2015-09-15,90.4100,91.0000,89.8700,90.8500,1309503
2015-09-14,90.4300,91.0200,90.0000,90.3100,1013218
2015-09-11,89.9000,90.4400,89.4400,90.3200,1488182
2015-09-10,91.3900,91.6500,89.7400,90.0900,1944284
2015-09-09,93.1500,93.3200,91.2800,91.4800,1272451
2015-09-08,93.2900,93.6700,92.6200,92.9500,1569095
2015-09-04,92.4400,93.0900,91.8300,92.6400,2220618
2015-09-03,92.1200,93.5500,91.7500,93.3900,2616820
2015-09-02,93.1700,93.3000,90.6797,92.0000,2411969
2015-09-01,93.5800,94.0850,91.6900,92.2200,1647303
2015-08-31,96.9700,97.1400,94.0500,94.8500,2016369
2015-08-28,97.8500,98.1400,96.1000,97.3600,2049676
2015-08-27,97.7100,97.9400,96.5400,97.8400,2160341
2015-08-26,97.9300,98.2500,94.8700,96.9300,1777307
2015-08-25,100.0400,100.8200,96.5100,96.5900,2360961
2015-08-24,98.2800,101.1000,97.8200,98.7400,2473460
2015-08-21,103.7700,104.5300,101.9500,101.9600,1312296
2015-08-20,104.2100,105.5000,104.0100,104.3000,1210354
2015-08-19,105.0900,105.5900,104.2700,104.9000,979204
2015-08-18,105.8400,106.2800,105.2300,105.6000,1102606
2015-08-17,106.1500,106.7000,105.0200,106.3800,979800
2015-08-14,104.8000,106.2900,104.5000,106.1300,787863
2015-08-13,105.1500,105.5900,104.4200,105.0800,1023317
2015-08-12,102.5000,105.3800,102.1700,105.3300,1668527
2015-08-11,102.3200,103.9500,101.9300,102.8500,871292
2015-08-10,102.0000,103.1700,101.6800,102.3500,1237853
2015-08-07,100.0400,101.9400,99.7300,101.8400,972214
2015-08-06,100.5500,100.6600,98.9300,100.2400,1400119
2015-08-05,101.0700,102.1600,100.3700,100.6900,1796203
2015-08-04,101.8600,103.2000,99.5400,99.9600,1520852
2015-08-03,101.9600,103.2900,101.7000,102.7500,1367288
2015-07-31,101.6400,102.6000,101.5800,101.7800,1260528
2015-07-30,100.2600,101.3400,100.0700,100.8600,700292
2015-07-29,100.2100,100.8500,99.7800,100.5900,891418
2015-07-28,100.3700,100.8900,99.7200,100.3700,806768
2015-07-27,99.7200,101.1200,99.6200,100.3500,873505
2015-07-24,99.6700,100.1500,99.4700,99.6200,745193
2015-07-23,100.7600,101.0000,99.2700,99.7000,876982
2015-07-22,100.7200,101.3900,100.3600,100.9600,1030397
2015-07-21,101.9800,102.3400,100.3500,100.6900,830990
2015-07-20,102.4600,102.4900,101.5800,102.0200,757617
2015-07-17,103.6700,103.7600,102.3500,102.4000,866292
2015-07-16,102.5200,103.9600,102.3400,103.9000,1269555
2015-07-15,101.9000,102.5500,101.5100,102.5400,891984
2015-07-14,101.7800,102.3800,101.4900,101.9800,896503
2015-07-13,101.5200,102.1400,101.1300,101.7500,1286124
2015-07-10,100.2300,101.8500,99.9600,101.1000,761234
2015-07-09,101.7000,102.1200,100.0000,100.1300,1314539
2015-07-08,100.6900,102.0300,100.6500,101.4400,1347471
2015-07-07,100.5800,101.7100,100.2900,101.2000,2141685
2015-07-06,100.4000,100.9600,99.3400,99.9100,1154451
2015-07-02,99.5000,100.5000,99.1400,100.3800,1288364
2015-07-01,98.9000,99.3900,98.4900,98.8400,1296697
2015-06-30,99.6000,99.6700,98.6700,98.9400,1432098
2015-06-29,99.2900,100.6300,99.0700,99.2800,1391382
2015-06-26,99.4100,99.6200,98.6900,99.4400,1541873
2015-06-25,100.5700,100.7100,99.3600,99.4000,1299173
2015-06-24,102.6800,103.0599,100.9800,100.9900,1064793
2015-06-23,103.6300,104.9900,102.2600,102.5400,712611
2015-06-22,104.1300,104.6100,103.5900,103.8200,927204
2015-06-19,104.1500,105.2000,103.9700,103.9700,1514448
2015-06-18,104.3100,105.2900,104.1000,104.6800,1380060
2015-06-17,103.2200,105.1600,102.8500,104.3700,2466748
2015-06-16,102.2800,102.8800,101.6000,102.8000,714295
2015-06-15,102.7800,103.1800,102.0600,102.5900,714771
2015-06-12,103.5700,103.9000,102.8200,102.8600,690962
2015-06-11,103.9900,104.6600,103.5100,104.0400,695778
2015-06-10,103.4600,104.0500,103.2100,103.3300,1076886
2015-06-09,103.0000,103.9400,102.5700,103.0500,991535
2015-06-08,104.3100,104.3100,102.7300,103.0400,1330443
2015-06-05,103.4300,103.9300,102.3900,103.8700,1023026
2015-06-04,103.4400,105.3000,103.3900,104.3000,1009660
2015-06-03,106.0200,106.7600,104.2600,104.7600,870444
2015-06-02,107.0100,107.2500,105.3000,106.3000,824938
2015-06-01,107.4700,108.3600,107.1000,107.5900,507474
2015-05-29,107.9600,108.2300,107.3400,107.4700,914018
2015-05-28,107.5700,108.1300,106.9900,107.9800,931926
2015-05-27,107.3000,107.6700,106.8700,107.4000,1314184
2015-05-26,107.5800,107.8600,106.6900,107.0900,1561581
2015-05-22,107.5800,107.8700,106.8100,107.6000,741200
2015-05-21,108.2200,108.4400,107.3400,107.6900,825432
2015-05-20,107.7100,108.4100,107.1300,107.7500,833826
2015-05-19,107.0100,108.0900,106.3800,107.8200,651267
2015-05-18,106.2700,107.4300,106.2300,107.4200,823159
2015-05-15,105.6500,106.8900,105.0700,106.8600,1560017
2015-05-14,104.7100,105.8000,104.7100,105.4400,899680
2015-05-13,105.5700,106.6200,103.8500,104.2600,1073406
2015-05-12,104.4600,105.6400,103.8500,105.3800,1308103
2015-05-11,105.4400,106.2900,104.6500,104.9900,968837
2015-05-08,105.0600,106.1800,105.0600,105.8600,1228516
2015-05-07,103.5200,104.5000,103.2540,103.7900,1019412
2015-05-06,104.3300,105.3900,102.4450,103.2200,1641135
2015-05-05,107.0800,108.0700,103.3900,104.3300,1801091
2015-05-04,107.0200,108.8300,106.8700,107.8100,1038265
2015-05-01,106.1700,106.8900,105.2600,106.8000,1336898
2015-04-30,107.2300,107.4900,105.0900,106.1700,1321648
2015-04-29,108.2800,108.5800,106.8000,107.6400,1377776
2015-04-28,108.0600,109.0800,107.4800,108.9800,443748
2015-04-27,110.0500,110.0500,107.9900,108.4300,646991
2015-04-24,108.4300,110.3100,108.1650,109.5100,771009
2015-04-23,107.8500,109.0600,107.4800,108.5600,831049
2015-04-22,107.5500,108.1800,106.9500,107.7700,627345
2015-04-21,108.5300,109.1800,107.1400,107.4100,945151
2015-04-20,107.1000,109.2857,107.0000,108.4600,699104
2015-04-17,106.9000,107.7100,106.1501,106.6700,852617
2015-04-16,108.3400,108.5400,106.6600,107.6000,984679
2015-04-15,108.5200,109.2400,108.4200,108.5600,690728
2015-04-14,107.9800,108.8000,107.7300,108.3300,847717
2015-04-13,109.5700,109.9900,107.8300,107.9300,1133897
2015-04-10,108.2400,108.5000,107.7100,107.8500,1099560
2015-04-09,108.5100,108.5200,107.1000,107.9000,706972
2015-04-08,109.7500,109.9000,108.1100,108.6100,835123
2015-04-07,110.1900,110.7300,109.7700,109.8100,718213
2015-04-06,110.0000,111.0943,109.9700,110.4700,726552
2015-04-02,109.9200,111.0000,109.7300,109.9700,817533
2015-04-01,108.8200,109.9200,107.7500,109.8600,927526
2015-03-31,109.3600,110.2600,108.1500,109.0200,1194241
2015-03-30,108.9200,109.9300,108.2800,109.6700,1015200
2015-03-27,107.2900,109.1700,107.1000,108.5000,1730201
2015-03-26,110.5500,110.5500,107.0600,107.1700,2003196
2015-03-25,110.3800,111.2500,109.3400,109.4500,1045105
2015-03-24,111.4400,112.3300,110.6500,110.9800,686174
2015-03-23,111.5800,112.1800,111.2500,111.5300,1837575
2015-03-20,111.4100,112.3000,110.5300,111.8000,1660279
2015-03-19,111.9100,112.9000,110.2700,110.6800,823322
2015-03-18,109.2600,112.9000,108.6900,112.3100,1164000
2015-03-17,108.3000,109.3750,107.7700,109.2600,1170178
2015-03-16,106.7600,108.9400,106.3900,108.7200,940330
2015-03-13,108.1200,108.1800,105.6200,106.3600,1086356
2015-03-12,106.5700,108.9600,106.1900,108.4900,1031203
2015-03-11,107.0000,107.7400,105.8700,106.1500,800524
2015-03-10,107.7900,108.4500,106.7700,106.8000,1485890
2015-03-09,106.9800,108.5600,106.7700,108.0000,1399019
2015-03-06,107.4900,107.4900,105.9200,107.0000,2773003
2015-03-05,108.4100,109.1350,107.9600,108.8100,650710
2015-03-04,108.0200,108.1200,107.4900,107.9100,730592
2015-03-03,107.1800,108.6800,106.9900,108.6700,1192324
2015-03-02,107.7700,107.9800,106.0900,107.1300,1656007
2015-02-27,108.4700,109.1100,107.8500,108.2000,934570
2015-02-26,109.2900,109.7600,107.3300,108.4500,1368318
2015-02-25,110.0900,110.4100,108.4800,108.6400,1178541
2015-02-24,110.4300,111.2700,109.8700,110.2700,926122
2015-02-23,109.9800,110.7800,109.7500,110.5500,814901
2015-02-20,109.3500,110.1200,108.4600,109.9400,852764
2015-02-19,109.9900,110.5200,108.7700,109.2000,1440608
2015-02-18,105.9700,109.7800,105.8600,109.7100,1231561
2015-02-17,105.5600,107.1200,104.6900,106.2600,1495457
2015-02-13,106.4200,107.0000,104.6400,105.5600,1082858
2015-02-12,107.2500,107.6394,106.2500,106.6700,1212826
2015-02-11,109.4500,109.4800,106.8200,107.1200,1098617
2015-02-10,108.0400,110.6700,108.0300,110.3800,1290014
2015-02-09,107.8000,108.7000,107.1700,107.8800,951132
2015-02-06,112.9300,113.0400,107.5000,108.2100,1335303
2015-02-05,112.8500,113.7500,111.8800,113.4200,745615
2015-02-04,113.3700,113.7600,111.8000,112.0300,940649
2015-02-03,112.8400,114.0200,112.2800,113.8100,1071917
2015-02-02,112.3800,113.2500,110.8800,113.1800,741735
2015-01-30,113.9700,114.5400,111.7800,111.9200,838106
2015-01-29,113.2300,115.0600,112.3800,114.9400,627258
2015-01-28,114.5700,116.2100,113.1100,113.3400,712873
2015-01-27,114.0400,115.1000,113.8900,114.5400,620334
2015-01-26,114.6700,115.1700,113.4000,114.5300,550485
2015-01-23,114.9600,115.9000,114.4940,115.0800,553323
2015-01-22,114.8100,115.4100,113.7900,114.5100,717160
2015-01-21,113.3200,114.7100,112.7900,114.5000,866807
2015-01-20,113.2100,113.8000,112.4100,113.6700,825828
2015-01-16,111.7800,113.0000,111.2000,112.9500,937222
2015-01-15,111.8700,112.5900,111.1800,112.1400,828694
2015-01-14,110.3400,111.5200,109.4500,111.4600,739739
2015-01-13,111.3200,112.5000,110.2100,110.8100,1108201
2015-01-12,111.2400,111.2400,109.4000,110.1500,567389
2015-01-09,111.7800,111.7800,109.9770,110.7500,899810
2015-01-08,110.9500,112.1800,110.9500,111.7600,748368
2015-01-07,109.3900,111.2100,109.1300,110.7700,1118462
2015-01-06,110.1000,111.7900,108.9200,109.0100,1183410
2015-01-05,111.7700,112.1300,109.5000,110.0400,973028
2015-01-02,111.7800,112.2700,110.6900,112.0900,716845
2014-12-31,113.4600,113.7200,111.2500,111.3600,748011
2014-12-30,115.5200,115.5200,113.1700,113.3200,620254
2014-12-29,114.7200,116.3000,114.7200,115.8500,1690806
2014-12-26,112.1400,115.0300,112.1400,114.8600,987362
2014-12-24,110.5200,112.6600,110.5200,112.0900,490208
2014-12-23,110.6800,111.2400,109.9700,110.3300,858366
2014-12-22,110.0500,110.9000,109.3500,110.5900,754229
2014-12-19,110.1700,111.0000,108.9200,110.1000,1875516
2014-12-18,107.1200,109.9600,106.8600,109.9400,1305502
2014-12-17,105.6800,106.9950,105.2000,106.8600,1733283
2014-12-16,105.9600,107.7500,104.7500,105.2400,1212323
2014-12-15,107.1000,108.5600,105.5100,106.1200,1736615
2014-12-12,109.1300,109.8700,107.9900,108.0900,1067652
2014-12-11,109.2900,110.7100,109.1000,109.4300,1220009
2014-12-10,109.8900,110.1900,108.2500,108.3300,953734
2014-12-09,109.1500,110.4000,108.7500,109.8100,1104982
2014-12-08,110.2700,110.9300,109.2900,109.5000,947735
2014-12-05,110.0400,111.0250,109.7300,110.1500,938742
2014-12-04,110.5200,111.2950,110.0800,111.1000,672952
2014-12-03,110.5400,110.9700,110.2400,110.7700,968382
2014-12-02,108.8600,111.0400,108.4000,110.7000,1501096
2014-12-01,111.3700,111.6100,109.2000,109.2700,1954938
2014-11-28,111.7100,112.9300,111.5600,111.7300,663967
2014-11-26,111.0000,112.0800,111.0000,111.6700,615412
2014-11-25,110.5700,111.5100,110.2504,111.1600,949146
2014-11-24,110.3700,110.9900,110.0500,110.1600,1248863
2014-11-21,110.7500,111.4150,109.4200,110.3300,858835
2014-11-20,109.7000,110.6400,109.2800,110.2600,530661
2014-11-19,110.0400,110.5000,109.5300,110.1100,517163
2014-11-18,109.9600,111.1100,109.5200,110.4800,607865
2014-11-17,108.6100,110.1500,108.2200,109.9800,583021
2014-11-14,109.1600,109.6100,108.5800,108.6700,1164447
2014-11-13,110.5300,110.9600,109.2300,109.5100,973775
2014-11-12,111.3500,111.8450,109.7600,110.6500,1204480
2014-11-11,112.8400,113.2525,112.0600,112.4900,862966
2014-11-10,112.3900,112.9100,112.1900,112.6000,1462952
2014-11-07,113.0700,113.2400,112.2200,112.4900,1092714
2014-11-06,113.2400,114.5000,111.6900,112.8400,1704420
2014-11-05,111.2500,113.5800,109.6400,113.4400,1686127
2014-11-04,110.7500,111.8700,109.8300,110.9000,872722
2014-11-03,110.2500,111.4400,109.7600,110.8400,905010
2014-10-31,110.9800,111.3600,109.7600,110.0000,1337087
2014-10-30,109.0000,110.8900,108.1700,110.4900,1411544
2014-10-29,108.9100,109.7000,107.4300,108.5100,724748
2014-10-28,108.0400,109.0500,107.5300,109.0400,844617
2014-10-27,107.9000,108.4000,107.2506,107.7600,822350
2014-10-24,107.0300,107.9600,106.7100,107.8600,766508
2014-10-23,106.8000,107.4200,106.2100,106.6400,954708
2014-10-22,105.8500,107.3700,105.5900,105.8400,933475
2014-10-21,105.1000,105.9400,104.7500,105.8200,1087877
2014-10-20,103.4500,104.7000,103.1100,104.6000,912522
2014-10-17,102.0800,103.5500,101.9600,103.3600,1238228
2014-10-16,99.2700,101.9900,98.8600,101.6100,2111869
2014-10-15,101.4100,101.8100,98.3400,100.2400,2712753
2014-10-14,102.9800,103.2590,99.3200,102.0000,4334309
2014-10-13,105.6200,106.3000,102.3800,102.6700,2300835
2014-10-10,106.1600,107.5200,105.5500,105.7000,1315641
2014-10-09,108.1300,108.6600,105.6300,105.7100,1473907
2014-10-08,106.1600,108.1300,105.9650,108.0400,1156218
2014-10-07,106.8500,107.2770,106.2800,106.3600,991202
2014-10-06,106.7900,107.3500,106.2700,106.9700,1160782
2014-10-03,105.3900,106.9500,104.5400,106.7800,1008912
2014-10-02,104.9100,105.5900,104.6000,104.8900,776460
2014-10-01,105.5300,106.1600,104.7900,105.0700,1128042
2014-09-30,104.9600,106.1600,104.5600,105.3800,1144682
2014-09-29,103.3400,104.9500,103.1600,104.8300,918780
2014-09-26,103.3500,104.0400,102.3400,103.7600,891224
2014-09-25,104.2100,104.7600,103.1600,103.2500,922644
2014-09-24,104.3100,104.7000,103.4300,104.2100,601642
2014-09-23,104.2400,104.6100,104.0100,104.1500,663461
2014-09-22,105.7900,105.8450,104.8100,105.3200,728331
2014-09-19,105.9400,106.1000,105.3300,106.0000,1293900
2014-09-18,105.4100,105.9700,104.9500,105.3300,836100
2014-09-17,106.0700,106.6800,104.8900,105.3400,1485000
2014-09-16,104.2200,105.4500,104.0900,105.1400,526700
2014-09-15,103.8500,104.6700,103.7100,104.3100,637500
2014-09-12,105.6900,105.7360,103.3950,103.6100,840000
2014-09-11,104.9300,106.0350,104.4500,105.9800,653700
2014-09-10,105.3500,105.6900,104.4700,104.8800,954900
2014-09-09,106.6500,106.8800,105.5700,105.7100,761300
2014-09-08,107.5550,107.8100,106.8100,107.2100,789400
2014-09-05,106.0900,107.3900,106.0900,107.3600,646900
2014-09-04,105.7900,106.4600,105.6300,106.1100,907500
2014-09-03,105.7800,106.5200,105.6200,106.0500,606900
2014-09-02,106.2800,106.4500,105.1500,105.5700,1438000
2014-08-29,104.7600,106.0900,104.7600,105.9700,918400
2014-08-28,103.8300,105.3200,103.6500,104.8800,806500
2014-08-27,102.8800,104.0400,102.4500,103.9400,850900
2014-08-26,103.8000,103.9950,102.4200,102.4700,607800
2014-08-25,104.1900,104.1900,103.2800,103.6300,759400
2014-08-22,104.0000,104.3800,103.0200,103.3700,735200
2014-08-21,103.3700,104.6100,103.3700,104.0100,617900
2014-08-20,103.9100,104.1200,103.2700,103.8400,777100
2014-08-19,102.9000,103.9500,102.8100,103.9100,594100
2014-08-18,103.1400,103.5800,102.6800,102.8100,553800
2014-08-15,102.8800,103.7200,102.6600,103.0400,1186800
2014-08-14,101.2600,102.6100,101.2600,102.3700,684500
2014-08-13,100.8000,101.5500,100.7800,101.2500,496000
2014-08-12,100.9000,101.4100,100.5600,100.7900,862000
2014-08-11,101.0000,101.8500,100.8000,100.9500,750700
2014-08-08,99.9400,101.1800,99.5400,100.9400,1146200
2014-08-07,97.7600,100.8100,97.3000,99.5200,2205300
2014-08-06,97.2700,97.4008,96.1300,97.2500,2663800
2014-08-05,99.1200,99.6000,97.5100,97.8000,1209400
2014-08-04,99.6600,99.7900,97.9300,99.6000,2034500
2014-08-01,99.6600,99.7900,97.9300,99.6000,948900
2014-07-31,100.9900,101.4100,99.6000,99.7100,1059900
2014-07-30,103.0500,103.5000,101.0700,101.4100,914900
2014-07-29,103.0000,103.4800,102.4200,102.9500,1020200
2014-07-28,101.4900,103.2800,101.4300,103.0900,782200
2014-07-25,101.8000,102.2200,101.3800,101.5400,676800
2014-07-24,102.3600,102.8400,101.6400,102.0800,967900
2014-07-23,102.2000,102.3800,101.9247,102.0600,690700
2014-07-22,102.2200,102.3400,101.8700,102.2200,750300
2014-07-21,101.9900,102.3800,101.5200,102.1100,729700
2014-07-18,102.0900,102.5900,101.3300,102.5100,837700
2014-07-17,101.9800,102.5600,101.5600,101.5900,908600
2014-07-16,102.2000,102.4100,101.1100,102.2300,850000
2014-07-15,101.3400,102.0300,101.2200,101.8100,1226300
2014-07-14,102.3000,102.7700,101.1150,101.1500,841600
2014-07-11,102.2600,102.8000,102.0400,102.2400,815300
2014-07-10,101.9200,102.8100,101.9200,102.4500,590800
2014-07-09,101.9600,102.5300,101.0100,102.2400,1135200
2014-07-08,101.3100,102.3761,101.3100,101.9800,1117400
2014-07-07,101.0200,101.5800,100.5900,101.4600,1259700
2014-07-03,101.8500,101.8600,100.4500,100.7300,775000
2014-07-02,103.3000,103.3400,101.7700,102.1700,847700
2014-07-01,104.5300,104.6000,103.4400,103.5000,784200
2014-06-30,103.7400,104.8000,103.5100,104.7100,1045800
2014-06-27,103.5000,104.3600,102.7847,104.0300,1032700
2014-06-26,104.5100,104.7100,104.0400,104.5200,647300
2014-06-25,104.0000,104.9700,103.9500,104.7200,639700
2014-06-24,103.8100,104.4700,103.5500,104.1600,865500
2014-06-23,104.1800,104.4500,103.3500,103.6800,544400
2014-06-20,105.0600,105.1000,103.9000,103.9600,1232000
2014-06-19,104.1200,105.2500,103.6431,104.6500,1408000
2014-06-18,101.4100,104.1900,101.3850,104.1300,1262100
2014-06-17,101.2000,101.5200,100.7000,101.4100,862800
2014-06-16,101.1100,102.2800,100.7440,101.6700,1127900
2014-06-13,99.7500,101.1300,99.2750,101.1200,1439500
2014-06-12,99.1600,99.8900,98.3200,99.7300,988600
2014-06-11,99.9800,100.0400,98.6800,99.2100,1025300
2014-06-10,100.7500,100.9200,100.0700,100.1700,515100
2014-06-09,100.9900,101.9700,100.6700,101.0100,933600
2014-06-06,101.2400,101.6500,100.6100,100.7100,905800
2014-06-05,100.2500,101.3600,100.0300,101.1100,794700
2014-06-04,100.1300,100.5400,99.7700,100.2500,1609600
2014-06-03,100.3300,100.6100,100.0200,100.5200,686600
2014-06-02,100.1000,100.7400,99.9000,100.4700,719700
2014-05-30,99.8600,100.6900,99.8600,100.3500,1175800
2014-05-29,99.6200,100.1300,99.2400,100.0500,960500
2014-05-28,99.1300,99.7700,99.0700,99.7100,723200
2014-05-27,99.7000,99.8700,98.9700,99.0600,638600
2014-05-23,98.5000,99.4700,98.1750,99.1400,732400
2014-05-22,98.0800,98.8700,97.9400,98.5000,563200
2014-05-21,97.4700,98.4100,97.2300,98.1500,1110200
2014-05-20,97.0700,97.7500,96.5900,97.1600,852000
2014-05-19,98.2700,98.3400,97.0500,97.0800,812600
2014-05-16,97.9900,98.2600,97.5500,98.2000,1095100
2014-05-15,98.6100,98.8900,97.6900,97.8400,805100
2014-05-14,97.6500,98.9500,97.6500,98.4900,1106700
2014-05-13,98.2600,98.6200,97.4100,97.6900,817100
2014-05-12,98.7700,98.8000,97.8400,97.8800,897800
2014-05-09,99.4700,99.6300,98.2850,98.3500,1305300
2014-05-08,100.3000,100.6689,99.5800,99.6300,1206400
2014-05-07,98.9300,100.4700,98.7550,100.4100,1075300
2014-05-06,98.5400,99.0800,98.3600,98.7500,750500
2014-05-05,97.9800,99.1000,97.6100,98.6000,868500
2014-05-02,97.8600,99.1200,96.5800,98.0900,1570000
2014-05-01,98.6400,99.1700,97.8700,98.7200,821700
2014-04-30,98.8100,99.5100,98.3700,98.6100,921000
2014-04-29,99.4300,99.8100,98.3800,98.7000,1008900
2014-04-28,98.7700,99.6200,98.1500,99.4500,1310500
2014-04-25,97.3000,98.7300,97.3000,98.6600,1108600
2014-04-24,97.0600,97.4900,96.4900,97.1900,778300
2014-04-23,96.8700,97.8100,96.7700,96.9700,1326500
2014-04-22,96.8800,97.3200,96.4600,96.6600,948100
2014-04-21,97.1300,97.6272,96.5500,96.9000,759300
2014-04-17,97.8200,98.5600,96.9900,97.1300,1176200
2014-04-16,97.0700,98.5300,96.7400,98.3600,1630000
2014-04-15,96.9400,97.1000,95.8800,96.8500,2016500
2014-04-14,97.2200,97.2500,96.3100,96.6300,1592700
2014-04-11,96.6100,97.5400,96.2100,96.4200,1789900
2014-04-10,96.8600,98.2100,96.3600,96.7300,1194200
2014-04-09,96.4100,96.9100,95.4700,96.8200,1005100
2014-04-08,95.4600,96.9000,95.1500,96.2800,1380300
2014-04-07,96.3500,96.6300,95.5300,95.5700,1351100
2014-04-04,96.5600,97.8900,96.0900,96.4400,962200
2014-04-03,96.3700,96.6200,95.9400,96.0900,997500
2014-04-02,96.4500,96.6600,95.7400,96.0500,1059600
2014-04-01,96.7600,96.8100,95.5400,96.4600,1095500
2014-03-31,96.4100,97.1200,95.6290,96.7600,1058000
2014-03-28,96.2000,96.2500,94.9300,95.7500,1194000
2014-03-27,96.0300,96.9300,95.4300,96.2000,1274000
2014-03-26,96.7000,97.2100,95.8400,95.9200,1498300
2014-03-25,95.7600,96.3400,95.4500,96.1100,1157400
2014-03-24,96.4700,97.4200,95.6900,96.1400,1270200
2014-03-21,97.0300,97.4800,96.1500,96.3000,1325000
2014-03-20,95.2900,96.2200,94.5503,96.1700,1391300
2014-03-19,96.4400,96.9800,95.2400,95.6500,1749500
2014-03-18,96.3800,96.4900,95.7500,96.4400,1122000
2014-03-17,96.0800,96.7150,95.6700,96.3900,821700
2014-03-14,95.4500,96.5000,95.2300,95.9200,2372700
2014-03-13,94.6700,96.2050,94.6100,95.5400,1741300
2014-03-12,93.6100,94.6200,93.6000,94.5800,860200
2014-03-11,94.1500,94.3900,93.0000,93.9600,1384700
2014-03-10,93.3200,94.1800,93.0800,94.1600,1309700
2014-03-07,93.4400,93.6800,92.8100,93.6700,880700
2014-03-06,94.0400,94.1600,93.3800,93.6100,1027900
2014-03-05,94.3600,94.6000,93.3900,93.6600,1118300
2014-03-04,94.8200,95.2200,94.4900,94.9400,932900
2014-03-03,94.1300,94.7597,93.9300,94.0800,1093900
2014-02-28,94.2700,94.7450,93.8900,94.4700,1056800
2014-02-27,92.5600,95.8397,92.0000,94.1000,2792700
2014-02-26,93.1700,93.6200,91.0244,92.3000,1411900
2014-02-25,92.8000,93.9400,92.5418,93.0800,1124500
2014-02-24,93.2400,94.2400,92.5600,92.5700,1103100
2014-02-21,93.1800,93.7500,92.9600,93.0000,1151600
2014-02-20,92.7900,93.4453,92.4500,92.9300,961200
2014-02-19,93.4400,94.5400,92.6100,92.6300,1422900
2014-02-18,93.2200,93.8800,93.2200,93.4200,1062100
2014-02-14,92.9400,93.1900,92.3400,93.1500,1003100
2014-02-13,92.0100,92.9400,91.7800,92.9000,1656600
2014-02-12,92.9100,93.4500,92.1100,92.4300,2603600
2014-02-11,92.6800,94.3400,92.6300,93.5000,2467800
2014-02-10,92.0300,92.8900,91.5400,92.6800,1212600
2014-02-07,91.5600,92.6000,90.8600,92.2400,1004500
2014-02-06,90.3800,91.4400,89.8700,91.2300,1054400
2014-02-05,90.7000,90.8400,90.0600,90.4800,1498800
2014-02-04,92.3300,92.3300,90.8300,91.1500,1314400
2014-02-03,92.8700,94.4400,91.6900,91.9500,1514200
2014-01-31,90.8400,92.9400,90.7100,92.7100,1956700
2014-01-30,90.6900,91.8000,90.5300,91.5000,968400
2014-01-29,89.9400,90.5200,89.9400,90.2200,2082400
2014-01-28,90.2000,90.8000,89.9300,90.2000,1484300
2014-01-27,90.5100,90.8300,89.9300,90.0600,1216900
2014-01-24,91.4700,92.1900,90.2600,90.2800,1490100
2014-01-23,92.4300,92.6000,91.5000,92.2100,812200
2014-01-22,92.8000,93.5300,92.6700,92.8100,880900
2014-01-21,92.2800,92.9700,91.7800,92.9300,700900
2014-01-17,92.3300,92.4500,91.7260,91.9500,650900
2014-01-16,92.0500,92.1900,91.3200,92.1400,672000
2014-01-15,91.8800,92.7500,91.7800,92.0000,1486800
2014-01-14,90.9000,91.6900,90.5300,91.6700,996000
2014-01-13,91.5500,92.1700,90.6500,90.8600,872900
2014-01-10,90.9200,92.9700,90.8900,91.9300,1349300
2014-01-09,89.9100,90.3500,89.7700,90.3300,1275400
2014-01-08,90.3600,90.6400,89.5600,89.7400,2138200
2014-01-07,89.1300,90.6200,89.1300,90.5000,1472500
2014-01-06,87.0300,89.2400,86.7300,89.1600,1614000
2014-01-03,88.4100,89.1500,88.1101,88.8000,1177200
2014-01-02,89.5500,89.6700,88.1300,88.4400,1327200
2013-12-31,89.6900,89.9900,89.5400,89.7600,892200
2013-12-30,89.2500,89.7600,88.9700,89.4900,1081100
2013-12-27,89.5000,89.5000,88.6900,89.1900,669700
2013-12-26,89.5500,89.8200,89.0600,89.4500,1700300
2013-12-24,88.7900,89.6300,88.4600,89.4600,729200
2013-12-23,89.9900,90.0000,88.6600,88.9700,1378900
2013-12-20,88.4600,90.4200,88.4600,89.8000,1926900
2013-12-19,87.9100,88.4400,87.1100,88.3100,949900
2013-12-18,87.3700,88.4700,86.0000,88.4400,2059600
2013-12-17,87.1800,87.3120,86.4100,87.2500,1173600
2013-12-16,86.9100,87.4400,86.5600,86.9000,517900
2013-12-13,86.7100,86.9500,86.2300,86.4900,513500
2013-12-12,86.8200,87.6800,86.5600,86.6100,811700
2013-12-11,87.8700,87.8800,86.7300,86.8400,914200
2013-12-10,87.8000,88.4900,87.2600,87.8800,1781300
2013-12-09,88.0100,88.2000,87.2800,87.7400,892700
2013-12-06,87.8600,88.6689,87.4400,88.0700,1145700
2013-12-05,87.7600,87.9500,87.1300,87.3800,800600
2013-12-04,87.6600,88.0700,86.9200,87.9900,1109600
2013-12-03,87.8000,88.5600,87.6000,88.3000,1045400
2013-12-02,88.3100,89.0700,87.6200,88.0600,1467700
2013-11-29,87.6100,88.9000,87.6100,88.4400,615800
2013-11-27,88.1800,88.5400,87.8300,88.5200,1679900
2013-11-26,88.7800,88.9000,87.6200,88.3600,2454800
2013-11-25,89.6300,90.2300,89.2100,89.3300,980400
2013-11-22,89.5900,89.9000,88.8100,89.4900,1126600
2013-11-21,89.6500,90.4000,89.4300,89.8100,1008600
2013-11-20,90.5100,91.0400,89.1800,89.3200,660700
2013-11-19,90.8600,90.9800,90.3500,90.5100,745000
2013-11-18,91.4000,91.4800,90.6175,90.9900,618100
2013-11-15,89.7800,91.1800,89.7000,91.1600,1120300
2013-11-14,89.9600,90.4650,89.6200,90.0000,1227100
2013-11-13,88.5100,89.7900,88.1000,89.4900,1163000
2013-11-12,89.5600,89.6500,88.3200,88.8300,585000
2013-11-11,89.5000,90.1500,89.3300,89.6400,797700
2013-11-08,89.7200,89.7500,88.0400,89.6300,1676600
2013-11-07,92.0000,92.2200,89.9600,90.1400,1332700
2013-11-06,90.5000,92.5700,90.3300,91.9700,2152600
2013-11-05,91.9200,92.9300,90.4600,90.4800,1643900
2013-11-04,92.0800,93.0000,91.1400,91.9300,744600
2013-11-01,91.3100,91.9300,90.9400,91.7200,925100
2013-10-31,91.6400,92.0800,90.6800,91.1400,998000
2013-10-30,91.9600,92.7400,91.4300,91.8200,830700
2013-10-29,91.2000,92.1900,90.8000,92.1000,941200
2013-10-28,91.2200,91.8800,90.6700,91.1600,884500
2013-10-25,89.9700,91.2501,89.5500,91.2100,755000
2013-10-24,90.7200,90.7500,89.5400,90.0700,786400
2013-10-23,90.9200,91.3700,90.1900,90.6200,685900
2013-10-22,90.0700,91.2100,88.3300,90.7600,914400
2013-10-21,90.3100,90.7300,89.4750,89.7600,891300
2013-10-18,89.9100,90.7500,89.6700,90.4300,1323200
2013-10-17,87.5000,89.6200,86.9900,89.5100,1152600
2013-10-16,87.0000,87.8600,86.6100,87.6900,1135800
2013-10-15,86.7200,86.7910,85.6000,85.6600,983600
2013-10-14,87.2900,87.5600,86.0800,87.0500,776400
2013-10-11,86.9200,87.7400,86.9200,87.5100,719500
2013-10-10,85.7000,87.4450,85.4200,87.2500,1116300
2013-10-09,85.3900,86.5400,85.1199,85.2300,1005500
2013-10-08,85.3600,86.1700,84.8900,85.4300,1152000
2013-10-07,85.0300,85.9900,84.9900,85.4600,686900
2013-10-04,85.4000,85.9600,85.2900,85.4900,1141500
2013-10-03,85.5000,85.8000,85.0350,85.4100,1172400
2013-10-02,85.1100,85.6700,84.5500,85.6200,1290800
2013-10-01,85.5700,85.6200,84.8301,85.3500,1543500
2013-09-30,86.0700,86.5100,85.0700,85.6000,1757400
2013-09-27,86.5800,87.1200,86.3600,86.6200,875300
2013-09-26,86.7200,87.5600,86.5500,87.0400,715600
2013-09-25,87.3900,87.5100,86.5600,86.7200,1019200
2013-09-24,87.9900,88.4600,87.6400,87.7100,903200
2013-09-23,86.7500,88.4800,86.4100,88.0300,843100
2013-09-20,87.8200,88.0000,86.4100,86.7500,1499600
2013-09-19,88.7700,89.4600,87.4000,87.8300,1458300
2013-09-18,86.0700,89.0800,85.8100,88.7700,1738200
2013-09-17,85.4000,86.3700,85.3000,86.0800,977000
2013-09-16,85.5600,86.4000,84.9120,85.2200,942800
2013-09-13,84.5700,84.8600,84.2500,84.6800,636700
2013-09-12,84.2900,85.1500,84.0000,84.3600,1308900
2013-09-11,83.8000,84.0200,82.1300,83.9500,1813400
2013-09-10,83.7800,84.0800,83.1900,83.6200,678600
2013-09-09,83.5900,83.8000,83.0000,83.5200,868700
2013-09-06,83.1000,83.9200,82.9700,83.6000,1002000
2013-09-05,83.2100,83.7200,82.6000,82.8000,581300
2013-09-04,83.3800,83.5000,82.3800,83.2600,610800
2013-09-03,85.1900,85.2400,83.0100,83.4000,683700
2013-08-30,84.0200,84.5000,83.7100,84.4200,983200
2013-08-29,84.0700,84.4600,83.5600,83.9700,631000
2013-08-28,83.8400,84.9200,83.3200,84.4300,838300
2013-08-27,82.8800,84.4700,82.7300,83.7600,760300
2013-08-26,83.9700,84.1900,83.4800,83.5400,590900
2013-08-23,83.4300,84.2700,83.0000,84.0000,515600
2013-08-22,83.1700,83.9100,82.7200,83.3400,785700
2013-08-21,82.9400,83.1000,81.7700,82.4600,767800
2013-08-20,82.0800,83.9200,82.0700,83.2100,671300
2013-08-19,82.7900,83.0800,82.0600,82.1000,567500
2013-08-16,83.8200,84.0393,82.1700,82.8700,816900
2013-08-15,85.0100,85.0600,83.5300,83.7900,808500
2013-08-14,85.9000,85.9000,85.0900,85.4900,609700
2013-08-13,86.1500,86.4099,85.2700,85.9000,739300
2013-08-12,86.0500,86.5300,85.6800,86.1500,601200
2013-08-09,87.4900,87.7700,86.3300,86.4300,895600
2013-08-08,87.8800,88.2250,87.1000,87.5000,811100
2013-08-07,87.2200,88.3300,87.0600,87.8700,1102900
2013-08-06,87.2500,88.0100,86.6000,87.6600,882300
2013-08-05,88.3000,88.4000,87.4100,87.4500,942600
2013-08-02,88.3400,88.7400,87.7800,88.6000,755600
2013-08-01,88.0400,88.7800,87.6900,88.4900,728300
2013-07-31,87.2700,88.1100,86.5200,87.6300,946100
2013-07-30,87.2500,87.9300,87.0000,87.1600,747100
2013-07-29,87.0400,87.5800,86.8300,87.0800,588600
2013-07-26,86.7900,87.2800,86.2400,87.2400,927100
2013-07-25,85.8200,87.1900,85.7500,87.1100,770500
2013-07-24,87.0300,87.4400,85.6600,85.9600,749400
2013-07-23,86.1600,87.0525,86.0100,86.8500,777000
2013-07-22,86.7800,87.1700,85.6100,86.1300,1560500
2013-07-19,86.1700,86.9650,85.9300,86.8500,1051400
2013-07-18,84.9800,85.9600,84.9800,85.9500,812000
2013-07-17,84.8500,85.2100,84.4200,84.8300,752800
2013-07-16,85.4500,85.5750,84.0200,84.3500,1258900
2013-07-15,83.8000,85.6500,83.6113,85.4600,992300
2013-07-12,82.9600,83.8900,82.5900,83.7800,1050600
2013-07-11,82.7500,83.2000,82.2150,83.0900,966600
2013-07-10,81.1500,81.9100,80.6500,81.6500,874500
2013-07-09,80.8800,81.2600,80.6300,80.9600,1008700
2013-07-08,80.2200,81.0350,79.8400,80.3800,999000
2013-07-05,80.5200,80.5400,78.6656,79.7300,945900
2013-07-03,79.9100,80.5000,79.4600,80.3300,447800
2013-07-02,80.4300,81.4400,79.8800,80.4000,1141900
2013-07-01,81.6200,82.2600,80.1800,80.5500,1597800
2013-06-28,81.2400,82.2900,79.7700,81.7600,3369300
2013-06-27,82.5400,83.4600,82.1800,82.4400,869800
2013-06-26,80.8800,82.6200,80.8800,82.3700,1569100
2013-06-25,80.9000,81.3900,80.0300,80.9900,1242500
2013-06-24,79.1000,80.9500,78.3600,80.2300,1484500
2013-06-21,79.3400,79.9300,77.4900,79.5900,1519100
2013-06-20,80.2900,80.3100,78.4800,78.7100,1259900
2013-06-19,82.0800,82.5000,81.0300,81.0300,1478400
2013-06-18,80.7200,82.2700,80.3750,82.0600,1161100
2013-06-17,80.8300,81.3500,80.1900,80.6900,624600
2013-06-14,80.0300,80.6040,79.5200,80.3500,583000
2013-06-13,78.3600,80.0700,78.1300,79.9800,629200
2013-06-12,79.8800,79.9000,78.3600,78.3600,783000
2013-06-11,79.2400,80.1000,78.7600,79.5400,1094400
2013-06-10,80.1700,80.1700,79.2010,79.7800,772400
2013-06-07,80.1500,80.5300,79.5100,80.1900,1039600
2013-06-06,79.0700,80.0600,78.6000,80.0500,1708100
2013-06-05,79.8300,79.8800,78.7800,78.9100,1187800
2013-06-04,81.1700,81.5400,79.9550,80.1200,1827600
2013-06-03,81.1100,82.0100,80.2020,81.3600,1243200
2013-05-31,81.4200,83.1100,81.3000,81.3000,1928400
2013-05-30,80.9900,82.5300,80.9900,81.6800,1775400
2013-05-29,81.4700,81.5000,80.6900,80.7600,2496900
2013-05-28,82.6400,83.4700,81.4100,82.1100,3851900
2013-05-24,79.0800,79.6600,78.4900,79.6000,1714400
2013-05-23,79.6300,80.1000,78.1100,79.4700,2926700
2013-05-22,83.6800,83.6800,81.4700,81.6500,1732300
2013-05-21,84.6000,84.8500,83.6800,83.8200,1126000
2013-05-20,84.4800,84.6100,84.1200,84.6000,1540100
2013-05-17,83.6200,84.4500,82.4900,84.4500,1648200
2013-05-16,83.5000,84.4100,82.9200,82.9900,1776300
2013-05-15,82.3100,83.9100,82.0600,83.5400,1051700
2013-05-14,81.5900,82.9600,81.2500,82.3000,1194800
2013-05-13,81.2300,81.8500,80.8200,81.5500,674000
2013-05-10,81.8900,82.1300,80.9500,81.6000,994700
2013-05-09,82.8100,83.3400,81.5301,81.8800,1020600
2013-05-08,83.4700,83.7980,82.4700,82.8200,872400
2013-05-07,82.9000,83.6500,82.6900,83.3300,1025300
2013-05-06,83.6000,83.9500,82.6500,82.7500,1092500
2013-05-03,83.6200,84.4300,83.2700,83.9000,1414200
2013-05-02,81.8400,84.6950,80.8300,83.2600,2385800
2013-05-01,82.8400,82.9800,81.9200,82.1000,1162600
2013-04-30,82.7500,82.8500,82.1900,82.8500,1058400
2013-04-29,81.8700,82.6400,81.5100,82.4800,808900
2013-04-26,81.3300,81.9900,81.1000,81.7800,849400
2013-04-25,81.8600,81.9200,80.9970,81.5200,1041400
2013-04-24,81.7300,82.0000,81.0800,81.5600,883900
2013-04-23,82.1900,82.1900,80.5000,81.5600,1745900
2013-04-22,82.6300,82.7800,82.0500,82.0800,1619600
2013-04-19,81.3200,82.7900,81.2300,82.5500,1286400
2013-04-18,81.4200,81.6000,80.7300,81.2500,1384900
2013-04-17,81.0400,81.5100,80.5800,81.2300,1055400
2013-04-16,81.2300,81.7699,80.6200,81.3000,1237300
2013-04-15,82.2400,82.2800,80.9800,80.9800,1143200
2013-04-12,82.1200,82.4700,81.9000,82.4300,867400
2013-04-11,82.3100,82.6400,82.1800,82.4300,1037400
2013-04-10,81.9700,82.2500,81.7401,82.0800,940000
2013-04-09,82.7900,82.8700,81.6800,81.7900,850200
2013-04-08,81.4400,82.5400,81.1000,82.5300,1207100
2013-04-05,80.6300,81.5600,80.4500,81.5600,832300
2013-04-04,80.5100,81.2900,80.4400,81.1600,684200
2013-04-03,80.7100,80.8600,80.1100,80.3800,920100
2013-04-02,80.0000,80.7900,79.9680,80.5900,947100
2013-04-01,79.9100,80.0000,79.4400,79.9300,735700
2013-03-28,79.5200,80.0100,79.3800,79.9400,1131400
2013-03-27,80.1100,80.1100,79.3900,79.5600,784400
2013-03-26,78.7500,80.2000,78.5101,80.1800,1285000
2013-03-25,80.0200,80.2100,78.5300,79.2200,973700
2013-03-22,79.2700,80.2100,79.0800,79.8500,844100
2013-03-21,79.6500,79.8300,79.1500,79.2700,781300
2013-03-20,79.3900,80.0500,79.3109,79.9000,771100
2013-03-19,78.9500,79.3250,78.7700,79.1500,784200
2013-03-18,78.5200,79.1900,78.5200,78.7600,593700
2013-03-15,78.9400,79.7000,77.7200,79.0200,1586500
2013-03-14,78.9400,79.2700,78.7400,79.2400,691500
2013-03-13,78.4500,79.3400,78.1000,78.9200,927400
2013-03-12,79.0100,79.3275,78.5200,78.8000,740600
2013-03-11,78.5400,79.4250,78.4500,79.2200,643500
2013-03-08,78.7800,78.8600,78.1050,78.6500,1007000
2013-03-07,79.3300,79.3300,78.4500,78.4800,878000
2013-03-06,79.5700,79.7500,78.9800,79.2300,633400
2013-03-05,79.2900,79.6500,79.2000,79.5300,864300
2013-03-04,78.3900,79.2600,78.0800,78.9800,1121300
2013-03-01,77.5600,78.4800,77.0300,78.4500,1266500
2013-02-28,77.1300,78.1500,77.0800,77.7600,1248300
2013-02-27,77.0700,78.0100,76.7800,77.7000,983700
2013-02-26,77.2500,77.5500,75.2400,77.0500,1826300
2013-02-25,77.1300,78.1800,75.7200,75.7300,1108900
2013-02-22,75.9000,76.8700,75.9000,76.7900,1023500
2013-02-21,76.0400,76.3000,75.6900,75.8300,792900
2013-02-20,76.4100,76.9800,75.9400,75.9700,909900
2013-02-19,75.8900,76.9700,75.7800,76.4600,1147300
2013-02-15,75.4100,75.7100,75.2575,75.6200,1025600
2013-02-14,76.2000,76.5000,75.3100,75.3500,1249000
2013-02-13,75.8000,76.3900,75.5800,76.3300,608200
2013-02-12,75.7700,75.9400,75.4900,75.8300,750900
2013-02-11,76.0200,76.1380,75.5700,75.7600,600000
2013-02-08,75.6000,76.1900,75.4000,76.1400,767200
2013-02-07,75.7500,76.2400,75.3700,75.6800,843500
2013-02-06,75.5000,75.8900,75.3500,75.7400,559800
2013-02-05,75.9700,76.4475,75.6700,75.7900,614000
2013-02-04,75.8100,76.3200,75.3900,75.5000,939000
2013-02-01,75.2200,75.8100,75.2000,75.7300,650000
2013-01-31,74.8900,75.4000,74.8050,75.0500,841000
2013-01-30,74.9200,75.3300,74.7400,75.0800,618700
2013-01-29,74.6400,74.9700,74.6000,74.9200,715500
2013-01-28,74.3700,74.8100,74.1200,74.5800,661900
2013-01-25,74.0300,74.4400,73.5700,74.3600,654900
2013-01-24,73.8000,74.4700,73.7700,73.9700,568900
2013-01-23,73.7300,73.8400,73.1650,73.6900,912900
2013-01-22,73.1900,74.1300,72.4600,74.0100,843300
2013-01-18,72.7400,73.2200,72.5300,73.1900,826600
2013-01-17,72.4100,72.9100,72.0600,72.6700,741800
2013-01-16,72.4300,72.5600,71.9400,72.2200,665900
2013-01-15,72.2200,72.8900,71.5900,72.7000,1102500
2013-01-14,71.8600,72.5200,71.7100,72.2500,918700
2013-01-11,72.0900,72.1500,71.3600,71.8300,1050100
2013-01-10,71.6500,72.1698,71.5800,71.8600,830800
2013-01-09,71.0700,71.5800,70.9300,71.3700,1049800
2013-01-08,71.6300,71.8500,70.6100,70.8400,1623400
2013-01-07,72.0200,72.2500,71.6700,71.8500,749900
2013-01-04,72.0700,72.2700,71.7500,72.0000,901500
2013-01-03,72.2100,72.6200,71.7500,71.9600,579000
2013-01-02,71.9800,72.3500,71.5900,72.1800,1187200
2012-12-31,69.9800,71.0000,69.6900,70.9400,1106400
2012-12-28,70.4800,70.9500,70.0700,70.1900,901200
2012-12-27,70.9200,71.2400,69.8500,70.7400,715700
2012-12-26,71.5900,71.8200,70.9300,70.9900,629400
2012-12-24,71.8400,71.9600,71.3200,71.7100,294300
2012-12-21,71.5800,72.4500,71.5800,71.9600,2040900
2012-12-20,71.9900,72.3900,71.7300,71.9500,1264900
2012-12-19,72.5300,72.7100,72.1400,72.2600,831100
2012-12-18,72.6200,72.8700,72.2620,72.6500,1527900
2012-12-17,71.5700,72.7900,71.5100,72.7400,1184700
2012-12-14,71.4800,71.8700,71.3600,71.5000,956400
2012-12-13,71.4600,71.7300,71.0700,71.4400,915700
2012-12-12,71.4300,72.0100,71.2700,71.3600,1320300
2012-12-11,71.2500,71.8500,71.1600,71.5300,1179000
2012-12-10,71.2200,71.7100,70.9300,71.2200,877200
2012-12-07,71.6200,71.8000,70.9200,71.3400,1614300
2012-12-06,70.4300,71.5700,70.2600,71.5000,1751700
2012-12-05,68.4200,71.1300,68.1200,70.3000,2037500
2012-12-04,68.7500,68.7850,68.1600,68.2400,978000
2012-12-03,68.4100,69.0800,68.0400,68.6600,1624200
2012-11-30,67.6600,68.4600,67.6400,68.4200,1218700
2012-11-29,67.6100,67.8700,67.2075,67.7800,598500
2012-11-28,66.5700,67.5300,66.2700,67.4800,1116400
2012-11-27,66.5300,67.3500,66.5300,66.6100,887000
2012-11-26,65.7400,66.8900,65.7400,66.7800,715500
2012-11-23,66.5000,66.5500,65.7700,66.0500,450300
2012-11-21,66.6900,66.7200,65.4400,66.3000,946500
2012-11-20,66.0200,66.5700,65.7711,66.5700,1422300
2012-11-19,66.3200,66.4300,65.5700,65.9100,745300
2012-11-16,64.9600,66.4000,64.9600,66.0800,955400
2012-11-15,65.7600,66.1000,65.0000,65.1900,1084500
2012-11-14,66.1700,66.2900,65.4200,65.7000,1297300
2012-11-13,65.4600,66.5000,65.3900,66.1900,806000
2012-11-12,65.7800,66.0800,65.4601,65.7700,597100
2012-11-09,65.8000,66.2000,65.5300,65.7900,771000
2012-11-08,66.9600,67.3400,66.0600,66.0600,1066500
2012-11-07,68.3900,68.3900,66.5700,67.0000,1179600
2012-11-06,68.4500,69.8600,68.1100,68.7600,1198300
2012-11-05,68.9300,68.9900,68.1500,68.2400,852600
2012-11-02,69.3100,69.7400,69.0400,69.1300,1798300
2012-11-01,69.1700,69.2600,68.6000,68.9900,1204800
2012-10-31,69.0600,70.0000,68.9300,69.7500,1169500
2012-10-26,68.6500,69.2800,68.6300,68.9800,1306800
2012-10-25,67.9100,68.6600,67.8300,68.6500,1116100
2012-10-24,67.8500,68.0400,67.4200,67.6600,714100
2012-10-23,67.7100,67.9300,67.1100,67.7600,785600
2012-10-22,67.5400,68.1200,67.2600,68.0900,925200
2012-10-19,68.3600,68.6283,67.6500,67.7800,693900
2012-10-18,68.2300,68.4800,68.1100,68.3500,742600
2012-10-17,68.1000,68.5000,67.9300,68.3600,688300
2012-10-16,67.7500,68.1600,67.5700,67.8800,1087900
2012-10-15,66.9100,67.6050,66.6200,67.5400,826000
2012-10-12,67.2400,67.2699,66.6200,66.8800,969700
2012-10-11,67.0600,67.2800,66.7900,67.0100,738800
2012-10-10,66.9300,67.1900,66.7000,66.7600,997900
2012-10-09,66.8300,67.2800,66.7000,66.7400,999200
2012-10-08,66.5900,66.9700,66.5200,66.9100,657600
2012-10-05,66.6600,67.2700,66.4900,66.6800,995100
2012-10-04,66.4400,66.8700,66.2600,66.3900,1169700
2012-10-03,65.2600,66.1500,65.1300,66.0600,1232600
2012-10-02,64.7100,65.1800,64.4672,65.1100,1158800
2012-10-01,64.6700,65.1000,64.5500,64.6400,1121000
2012-09-28,64.0000,64.6100,63.8700,64.4900,1072900
2012-09-27,64.3500,64.6100,64.0400,64.0600,1198600
2012-09-26,64.6800,65.1100,64.0910,64.1400,1212000
2012-09-25,65.1400,65.4200,64.7000,65.0200,1690100
2012-09-24,64.4100,65.1200,64.3200,65.0100,1359000
2012-09-21,64.9600,64.9600,64.0600,64.5400,2843600
2012-09-20,64.5300,64.9400,64.5000,64.7900,1024700
2012-09-19,64.7000,65.0000,64.4600,64.7300,1012700
2012-09-18,65.4500,65.4500,64.6100,64.6800,1511700
2012-09-17,65.5500,65.9700,65.3250,65.4500,4183100
2012-09-14,67.1600,67.2100,65.5600,65.7900,3235600
2012-09-13,66.2300,67.2200,66.1350,67.2200,924700
2012-09-12,66.6400,66.6600,66.1538,66.2900,778500
2012-09-11,66.5700,66.8300,66.4500,66.5900,897500
2012-09-10,66.9400,66.9400,66.5700,66.5700,1014500
2012-09-07,66.9200,66.9700,66.2800,66.6100,794100
2012-09-06,66.0100,66.8100,65.7900,66.7900,913700
2012-09-05,66.3900,66.4887,65.5300,65.7400,1571600
2012-09-04,66.1000,66.5000,65.9000,66.1300,1126100
2012-08-31,66.5900,66.6300,66.0200,66.2000,824200
2012-08-30,66.5800,66.7700,66.1817,66.4000,751700
2012-08-29,66.7800,66.9100,66.4300,66.8300,839700
2012-08-28,67.0800,67.2000,66.6500,66.7400,1017700
2012-08-27,67.1900,67.3700,67.0100,67.2300,762600
2012-08-24,66.7300,67.3400,66.6800,67.1800,628800
2012-08-23,67.7000,67.7400,66.8300,66.9500,617600
2012-08-22,67.7400,67.8900,67.5600,67.7500,733800
2012-08-21,68.8400,68.9100,67.6800,67.7500,940200
2012-08-20,68.3900,68.8300,68.0110,68.8300,643000
2012-08-17,69.0000,69.1800,68.5500,68.7400,473900
2012-08-16,69.2200,69.5000,68.7900,68.9200,616800
2012-08-15,69.2100,69.6900,69.0500,69.2900,520700
2012-08-14,68.8300,69.4300,68.6500,69.3300,1011400
2012-08-13,68.8200,69.0700,68.3900,68.6000,576200
2012-08-10,68.7000,69.1200,68.4400,69.0300,475700
2012-08-09,68.8900,69.1350,68.5900,68.8800,558900
2012-08-08,69.4700,69.5100,68.6600,68.8900,912400
2012-08-07,69.8900,70.1900,69.3800,69.4600,1077700
2012-08-06,70.6100,70.8660,69.7000,69.7200,738300
2012-08-03,70.2600,70.3200,69.7930,70.2200,892600
2012-08-02,70.1000,70.1319,68.8600,69.2300,1172600
2012-08-01,70.6500,72.3200,70.0700,70.0800,842300
2012-07-31,70.8700,71.1700,70.3100,70.4100,699700
2012-07-30,70.6800,71.3280,70.4800,70.8600,605500
2012-07-27,70.0100,71.1000,69.9600,70.8600,1151100
2012-07-26,69.0200,69.7700,68.8000,69.6800,760000
2012-07-25,69.0600,69.2000,67.7100,68.0700,939500
2012-07-24,69.3200,69.3700,68.3700,68.7700,790800
2012-07-23,69.4800,69.9100,69.1800,69.4300,1048200
2012-07-20,70.1800,70.8600,70.1800,70.6900,877300
2012-07-19,70.1400,70.5900,69.8400,70.4300,817700
2012-07-18,69.5000,70.2700,69.1400,70.2600,923300
2012-07-17,68.8100,69.6200,68.7400,69.5100,792800
2012-07-16,69.0400,69.1900,68.5250,68.6600,1414700
2012-07-13,68.6200,69.0515,68.5000,69.0300,1003800
2012-07-12,68.2000,68.5800,68.1000,68.4100,1205100
2012-07-11,68.2200,68.5800,67.8300,68.4600,1111500
2012-07-10,68.6400,68.8200,67.9700,68.1000,890900
2012-07-09,68.3800,68.7600,68.1700,68.4900,716000
2012-07-06,68.3900,68.8400,68.1400,68.7100,788700
2012-07-05,69.1500,69.1650,68.7700,68.7800,912500
2012-07-03,69.3200,69.4100,69.0800,69.2900,547100
2012-07-02,69.1000,69.5000,68.6500,69.4000,809700
2012-06-29,68.8000,69.2300,68.2900,68.8800,959100
2012-06-28,67.7200,68.3300,67.2800,68.1900,743500
2012-06-27,67.1200,68.3500,67.1200,67.9700,964300
2012-06-26,66.8200,67.9600,66.7000,67.7100,1305200
2012-06-25,66.2000,66.8200,65.9500,66.6100,1003600
2012-06-22,68.1000,68.1500,67.1400,67.2000,1637400
2012-06-21,68.7100,69.0850,67.7900,67.8600,1494000
2012-06-20,69.0700,69.2000,68.2300,68.5200,1725900
2012-06-19,68.8500,69.4600,68.6300,69.2600,1530300
2012-06-18,67.7400,68.7500,67.5901,68.7300,1030900
2012-06-15,68.0100,68.0100,67.3000,67.8500,1237000
2012-06-14,67.0000,67.6900,66.9900,67.4900,1179700
2012-06-13,66.7600,67.4200,66.5600,67.0600,918800
2012-06-12,66.5900,66.9600,66.1060,66.9500,923200
2012-06-11,66.9600,67.1500,66.4600,66.5200,841600
2012-06-08,65.9200,66.7500,65.8800,66.7300,809000
2012-06-07,65.9500,66.4620,65.8001,66.1800,1704000
2012-06-06,64.3500,65.3900,64.2201,65.3700,1138600
2012-06-05,64.0500,64.7300,63.3000,64.0800,1669200
2012-06-04,64.1600,64.4200,63.8100,64.3400,1053400
2012-06-01,64.1000,64.8300,63.8400,64.0700,1439600
2012-05-31,64.4900,65.4200,64.3500,65.0100,1221900
2012-05-30,64.3700,65.2700,64.3500,64.5500,1478500
2012-05-29,64.5700,64.7300,64.3100,64.7300,699400
2012-05-25,63.3900,64.4200,63.3900,64.3500,872600
2012-05-24,63.5700,64.5700,63.4600,64.0500,1430000
2012-05-23,63.8400,64.0500,63.0200,63.4200,1289400
2012-05-22,64.1400,64.3300,63.8500,64.0200,944100
2012-05-21,63.8500,64.0500,63.3700,64.0400,747400
2012-05-18,63.9700,64.2500,63.2900,63.4400,990500
2012-05-17,64.0100,64.1500,63.7000,63.7200,1300000
2012-05-16,64.3300,64.4300,63.7500,63.9200,1046200
2012-05-15,64.7000,64.7000,63.9500,64.2500,1739000
2012-05-14,64.4100,65.1100,64.1700,64.7400,1008100
2012-05-11,64.7200,65.1550,64.7000,64.8900,1300900
2012-05-10,64.5000,65.2400,64.3000,64.9700,1698400
2012-05-09,64.2600,64.7000,63.9600,64.1900,1959700
2012-05-08,64.4900,64.9200,64.3645,64.7400,2048800
2012-05-07,64.8300,65.1500,64.7000,65.0400,1255700
2012-05-04,64.8600,65.5000,64.7700,64.9200,1694500
2012-05-03,64.2200,65.3700,64.2200,64.4500,1981100
2012-05-02,64.8900,64.9000,63.4900,63.8800,2443800
2012-05-01,64.6400,65.3300,64.3400,65.0600,1149600
2012-04-30,64.5700,64.8600,64.3800,64.7400,930500
2012-04-27,64.1800,64.9200,64.0600,64.8000,1427500
2012-04-26,64.1100,64.1100,63.3300,63.9100,1935700
2012-04-25,64.4000,64.4000,63.9400,64.1200,1738800
2012-04-24,63.6300,64.1400,63.4500,64.0900,1818000
2012-04-23,63.8500,64.0500,63.2700,63.4600,1684400
2012-04-20,63.6400,64.6900,63.4800,64.5100,1711200
2012-04-19,63.3900,63.5600,62.8750,63.5100,1958400
2012-04-18,63.7800,63.9700,63.4300,63.4500,1066000
2012-04-17,63.4700,64.2200,63.4700,64.0300,1753900
2012-04-16,62.8600,63.6200,62.6100,63.1800,1536500
2012-04-13,62.6100,63.0600,62.3600,62.3900,2151200
2012-04-12,62.6800,63.1200,62.2500,62.8900,2197600
2012-04-11,62.3700,62.7500,62.1600,62.6800,1986400
2012-04-10,62.1600,62.3000,61.6650,62.0000,2794200
2012-04-09,61.9900,62.5000,61.7400,62.2900,1613200
2012-04-05,61.9100,62.4900,61.7300,62.4300,1489500
2012-04-04,61.7500,62.3200,60.5800,62.1600,2896300
2012-04-03,62.3800,62.4700,61.3400,62.2800,4038900
2012-04-02,60.2100,61.4200,60.0400,61.1400,2424700
2012-03-30,59.5500,60.3600,59.3600,59.9600,1838700
2012-03-29,58.1800,59.4200,57.8900,59.2500,2432100
2012-03-28,59.0700,59.1500,58.0200,58.3600,1341200
2012-03-27,58.7800,59.2600,58.6400,59.0500,1487300
2012-03-26,58.6000,58.8400,58.2600,58.6200,1129600
2012-03-23,58.3300,58.4000,57.9900,58.1300,1485000
2012-03-22,58.2300,58.4200,57.9500,58.3000,1366000
2012-03-21,58.7600,59.0100,58.5500,58.8500,1235300
2012-03-20,58.0100,58.9400,57.8500,58.7000,1378800
2012-03-19,58.5900,58.9500,58.1400,58.1900,1648300
2012-03-16,59.1500,59.2900,58.6500,58.7100,1534500
2012-03-15,59.1100,59.3400,58.6600,59.1600,1104600
2012-03-14,59.7700,59.9500,59.0700,59.0800,1394800
2012-03-13,59.8100,60.0800,59.5500,59.9500,1354600
2012-03-12,59.1700,59.8200,59.1700,59.6600,3961900
2012-03-09,58.6800,59.2000,58.4000,59.1700,3639700
2012-03-08,58.5800,58.7000,58.2000,58.4500,3788900
2012-03-07,58.2700,58.4200,57.7600,58.2900,1119800
2012-03-06,58.5300,58.7900,58.0999,58.3200,1182900
2012-03-05,58.6700,59.0000,58.3700,58.9000,1287500
2012-03-02,59.3500,59.3500,58.7600,58.8900,1204300
2012-03-01,59.2000,59.6100,58.6750,59.3000,2075400
2012-02-29,59.2400,59.7400,58.5100,59.2400,2906700
2012-02-28,58.1700,59.0000,57.4900,58.3800,2261600
2012-02-27,57.8400,58.4300,57.7550,57.9000,1015900
2012-02-24,57.6900,58.1300,57.4000,58.0400,1002700
2012-02-23,58.1000,58.1800,57.1900,57.6700,1824000
2012-02-22,58.2600,58.6100,58.0100,58.2700,938700
2012-02-21,58.5500,58.5600,58.0400,58.2400,1068100
2012-02-17,58.3300,58.6150,58.0600,58.3200,1024600
2012-02-16,57.6100,58.2100,57.5100,57.9600,1165600
2012-02-15,57.4600,58.0600,57.2600,57.4500,1337400
2012-02-14,57.3300,57.5700,57.1000,57.4900,1337500
2012-02-13,57.8300,58.1500,57.4700,57.5200,862100
2012-02-10,57.8800,57.9900,57.3700,57.5000,1234100
2012-02-09,58.4100,58.4100,57.9400,58.1700,1024100
2012-02-08,58.3500,58.5600,57.8400,58.3100,1408100
2012-02-07,57.6400,58.7078,57.5200,58.3400,1389900
2012-02-06,58.1100,58.1100,57.2500,57.4600,1083300
2012-02-03,58.0300,58.3350,57.7100,58.3000,1244700
2012-02-02,57.9200,58.1500,57.3900,57.6100,1041800
2012-02-01,57.3100,58.0750,57.1400,57.8000,1230600
2012-01-31,57.2700,57.6400,56.5900,56.9000,1267100
2012-01-30,57.4200,57.4900,56.8300,56.9700,1121400
2012-01-27,58.0800,58.1500,57.2700,57.6700,1287900
2012-01-26,57.5000,58.4200,57.2800,58.1800,1670700
2012-01-25,55.9600,57.2700,55.7100,57.1900,1117800
2012-01-24,56.1300,56.2500,55.7900,56.2200,1269900
2012-01-23,56.1700,56.5900,55.9500,56.2200,1501600
2012-01-20,55.7000,56.3900,55.6100,56.3000,1548600
2012-01-19,55.7000,55.7000,55.1200,55.6400,980900
2012-01-18,55.9800,56.1400,55.3750,55.5400,1060600
2012-01-17,55.9900,56.5000,55.8300,55.9200,1159000
2012-01-13,55.1900,55.4588,54.8900,55.4200,1038700
2012-01-12,55.5300,55.8300,55.1400,55.5200,876200
2012-01-11,55.9800,56.0400,55.4200,55.5100,1069600
2012-01-10,56.1700,56.3600,55.7400,56.0500,1409000
2012-01-09,55.8900,56.0600,55.6100,55.8800,1077700
2012-01-06,55.5300,56.0000,55.1100,55.8500,1535000
2012-01-05,55.0000,55.8200,54.8110,55.5400,1536800
2012-01-04,54.8400,55.4500,54.8200,55.2700,1555300
2012-01-03,55.6900,55.7000,54.6950,54.8300,1387400
2011-12-30,55.4200,55.6100,54.9500,55.0000,812800
2011-12-29,54.6700,55.3700,54.6300,55.3400,753000
2011-12-28,54.8800,55.1700,54.4600,54.4700,596500
2011-12-27,54.6900,55.0800,54.6100,54.9900,441800
2011-12-23,54.3500,54.9700,54.2500,54.6200,520900
2011-12-22,54.3600,54.4770,53.9400,54.1100,814800
2011-12-21,53.2700,54.5200,53.1500,54.3300,1569000
2011-12-20,51.9600,53.1500,51.9600,53.1100,1474400
2011-12-19,53.0100,53.2400,51.9400,52.0600,1323500
2011-12-16,53.0500,53.4100,52.6600,52.8400,2639400
2011-12-15,52.4500,53.0100,52.3600,52.7600,1267200
2011-12-14,52.7600,52.9600,51.8400,51.9300,1651000
2011-12-13,52.1600,53.3500,52.1600,52.7600,1403400
2011-12-12,52.3600,52.4400,51.5300,51.9500,1067500
2011-12-09,52.3400,52.6900,52.0000,52.5300,1208200
2011-12-08,52.8500,52.8500,51.9200,52.0100,1148000
2011-12-07,53.2900,53.3000,52.8400,53.0300,1109100
2011-12-06,53.4500,53.8199,53.2200,53.5800,804200
2011-12-05,53.7100,53.7100,52.9700,53.3100,1097300
2011-12-02,53.4200,53.6800,52.9000,52.9200,921800
2011-12-01,53.2400,53.6200,53.0250,53.1900,1030200
2011-11-30,52.8600,53.2100,52.6450,53.1900,1222200
2011-11-29,51.5800,51.8700,51.3700,51.6600,1289600
2011-11-28,51.5900,51.9590,51.0800,51.3600,836000
2011-11-25,50.7900,51.2900,50.7700,50.8800,300100
2011-11-23,51.1400,51.1400,50.5300,50.7500,1077800
2011-11-22,52.0700,52.0800,51.4100,51.5000,911200
2011-11-21,52.7700,52.7700,51.6400,52.0700,913300
2011-11-18,52.5400,53.4400,52.5400,53.1800,1273100
2011-11-17,52.4500,52.8200,51.7700,52.2400,1130300
2011-11-16,52.8800,53.4310,52.5700,52.6100,823800
2011-11-15,53.3000,53.5300,53.0200,53.3100,695800
2011-11-14,53.7500,53.7600,53.1800,53.2700,600400
2011-11-11,53.5200,54.0100,53.5200,53.9800,743200
2011-11-10,53.3700,53.6200,52.7200,53.0500,1066400
2011-11-09,53.5100,53.6800,52.6700,52.7800,1487600
2011-11-08,53.8400,54.3700,53.6200,54.3500,1251200
2011-11-07,53.6400,53.8600,53.1400,53.7800,1028900
2011-11-04,53.3200,53.8000,52.9200,53.5800,1351400
2011-11-03,52.1400,53.9800,52.1400,53.5200,2321900
2011-11-02,52.8200,53.6200,52.8200,53.0000,1878900
2011-11-01,52.5100,53.1700,51.9300,52.0000,2058600
2011-10-31,53.7700,54.4099,53.7100,53.7300,1531400
2011-10-28,54.7500,54.8100,54.1000,54.1500,1432200
2011-10-27,55.5700,55.5800,54.4900,54.8000,2602900
2011-10-26,54.4700,54.5600,53.6736,54.1900,2066500
2011-10-25,54.0900,54.3400,53.6400,53.8600,849900
2011-10-24,54.4500,54.7200,54.1500,54.3700,1085800
2011-10-21,53.9300,54.5400,53.9200,54.5300,1070000
2011-10-20,53.1400,53.7000,52.8900,53.5500,1114600
2011-10-19,52.8700,53.7500,52.8300,53.1500,1009500
2011-10-18,52.4100,53.1700,51.8600,52.9500,1214800
2011-10-17,52.1900,52.5900,51.9900,52.3200,1098000
2011-10-14,52.1400,52.3500,51.8300,52.2600,593200
2011-10-13,51.3700,51.9300,50.7950,51.7600,1288700
2011-10-12,51.9500,51.9900,51.3100,51.3200,873200
2011-10-11,51.5400,51.9400,51.2870,51.7800,1035200
2011-10-10,51.7400,52.0000,51.5000,51.9900,926100
2011-10-07,51.2800,51.4850,50.5700,50.9300,1053000
2011-10-06,49.9300,51.0400,49.6900,51.0000,620300
2011-10-05,50.1200,50.1200,49.2100,50.0200,1332400
2011-10-04,49.2300,49.8100,48.3800,49.7800,1500000
2011-10-03,51.4300,51.8300,49.8100,49.8300,1857700
2011-09-30,51.0300,52.3300,50.8900,51.5000,2452100
2011-09-29,51.3500,51.6400,50.7400,51.4100,1348500
2011-09-28,51.0300,51.9100,50.4100,50.5400,1197800
2011-09-27,51.1500,51.6158,50.7100,51.0100,1241000
2011-09-26,50.7100,50.8290,50.0600,50.6700,1181200
2011-09-23,49.6400,50.3500,49.5100,50.1800,1619200
2011-09-22,50.3400,50.4600,49.1600,49.7200,3071900
2011-09-21,52.9800,53.2600,51.3200,51.3300,1604000
2011-09-20,52.8300,53.7600,52.4800,53.1000,1223000
2011-09-19,52.5500,52.7900,52.3100,52.5700,1646300
2011-09-16,52.7000,53.3800,52.3500,53.3200,1894600
2011-09-15,51.7400,52.3200,51.5600,52.2600,1024400
2011-09-14,51.1900,51.9500,50.7200,51.4800,1191300
2011-09-13,50.3900,51.0100,50.2000,50.9100,1043200
2011-09-12,49.9200,50.4200,49.5401,50.4000,1577300
2011-09-09,51.2700,51.2700,50.0000,50.3100,1353900
2011-09-08,51.8200,52.5150,51.6700,51.7200,1049500
2011-09-07,51.5100,52.1900,51.2100,52.1400,1000600
2011-09-06,49.7700,50.8900,49.7700,50.8200,1218600
2011-09-02,51.6800,52.0800,51.5000,51.6600,1071000
2011-09-01,52.5700,53.0150,52.3300,52.4900,1262700
2011-08-31,52.3200,52.6600,52.2050,52.5200,1096000
2011-08-30,51.8800,52.4650,51.7500,52.1900,1047800
2011-08-29,51.5700,52.1300,51.3900,52.0700,758100
2011-08-26,49.9100,51.3600,49.2500,51.0400,1559900
2011-08-25,51.3900,51.5400,50.3000,50.5400,1646100
2011-08-24,49.9500,51.4200,49.9200,51.2600,1335000
2011-08-23,48.7400,50.0700,48.4900,50.0700,1713500
2011-08-22,49.3800,49.5800,48.5900,48.8500,1485300
2011-08-19,48.7500,49.4900,48.5800,48.7600,1767300
2011-08-18,49.0500,49.4600,48.4100,49.2900,2550100
2011-08-17,49.3700,50.2400,49.3700,49.9500,1800500
2011-08-16,49.1600,49.6000,48.7900,49.2700,1455600
2011-08-15,48.1800,49.5800,48.0200,49.4900,1206500
2011-08-12,48.2700,48.4700,47.5100,47.7800,1648500
2011-08-11,45.8000,48.4600,45.8000,47.9700,2541100
2011-08-10,46.9300,47.0250,45.6500,45.7100,3646900
2011-08-09,46.0300,47.7600,44.7800,47.7100,3006100
2011-08-08,47.7900,48.2700,45.4600,45.5900,4638500
2011-08-05,48.4000,48.7800,47.1200,48.4800,2724100
2011-08-04,49.1900,49.5400,47.8800,47.9100,1751300
2011-08-03,49.5200,49.7900,49.0400,49.6800,1708200
2011-08-02,50.1500,50.7300,49.6100,49.6400,1647700
2011-08-01,50.9400,51.1400,50.3100,50.4300,1235500
2011-07-29,50.7800,51.1400,50.4800,50.6900,1242200
2011-07-28,51.3000,51.4800,50.9400,51.0400,1236200
2011-07-27,51.6900,51.8600,51.3200,51.4400,1097500
2011-07-26,52.1500,52.1500,51.7000,51.8200,966600
2011-07-25,51.8700,52.3000,51.7700,52.0700,771700
2011-07-22,52.7600,52.8700,52.1500,52.2400,1027800
2011-07-21,52.0900,52.9200,52.0000,52.8400,1480700
2011-07-20,51.8300,52.1200,51.7500,51.8900,1047800
2011-07-19,51.6900,52.0250,51.4100,51.9600,897600
2011-07-18,52.0100,52.0100,51.3400,51.5500,615700
2011-07-15,52.0400,52.1750,51.7700,52.1000,1327600
2011-07-14,52.0700,52.4150,51.7500,51.8800,1035500
2011-07-13,52.3700,52.4000,51.9500,52.0400,1106000
2011-07-12,51.8500,52.4700,51.7900,52.2200,1373800
2011-07-11,52.2600,52.4200,51.8900,52.0400,964500
2011-07-08,52.7500,52.9400,52.3900,52.8200,1038800
2011-07-07,53.6000,53.6800,53.1500,53.1800,1157500
2011-07-06,53.0300,53.3200,52.8400,53.2400,691900
2011-07-05,53.6100,53.6100,52.9800,53.0300,697900
2011-07-01,52.8300,53.5100,52.8300,53.4200,701400
2011-06-30,52.5200,52.9200,52.1000,52.8800,1117100
2011-06-29,52.2800,52.4100,51.9710,52.3000,1063800
2011-06-28,52.3800,52.4700,52.0150,52.0700,1256400
2011-06-27,51.9400,52.3900,51.9200,52.2600,1018000
2011-06-24,52.0000,52.3900,51.7700,51.9100,1635300
2011-06-23,52.1000,52.1800,51.5300,51.9400,1050200
2011-06-22,52.6400,52.9400,52.3500,52.5600,1267200
2011-06-21,53.6200,53.7900,53.0200,53.1200,3834400
2011-06-20,53.1500,53.4500,52.9100,53.2700,950800
2011-06-17,53.2500,53.5100,52.9600,53.2100,1227300
2011-06-16,52.6300,53.1700,52.5400,52.8300,998800
2011-06-15,52.5900,52.9900,52.3700,52.6000,1164800
2011-06-14,52.9600,53.1050,52.6000,52.9300,1069500
2011-06-13,51.8900,52.7700,51.8800,52.6900,1196700
2011-06-10,53.0000,53.1100,52.5400,52.5900,895900
2011-06-09,53.0900,53.3400,52.7800,53.0600,880400
2011-06-08,52.9000,53.0900,52.6600,52.9300,1270100
2011-06-07,53.0600,53.1900,52.7800,52.8700,1855700
2011-06-06,53.2100,53.2500,52.8000,52.9500,996600
2011-06-03,53.1200,53.7100,52.9400,53.3200,1288200
2011-06-02,53.7800,53.9300,52.9900,53.7500,1146300
2011-06-01,55.0000,55.1200,54.2100,54.2100,1006600
2011-05-31,55.0000,55.1900,54.7500,55.1700,1062400
2011-05-27,54.7300,54.8900,54.5050,54.6800,732100
2011-05-26,54.3800,54.6400,53.9200,54.5400,877500
2011-05-25,54.4700,54.8300,54.0900,54.5600,1112800
2011-05-24,54.7900,54.8500,54.4900,54.7000,982200
2011-05-23,54.8600,55.1250,54.6250,54.7500,1129800
2011-05-20,54.9900,55.5900,54.8100,55.3600,1613000
2011-05-19,55.0900,55.3300,54.8900,55.0600,1451200
2011-05-18,55.0300,55.0400,54.5800,54.8900,1010400
2011-05-17,54.9000,55.2200,54.8100,54.9500,1117900
2011-05-16,55.0100,55.2100,54.7600,55.0000,925700
2011-05-13,55.2500,55.4650,54.6100,55.1100,755500
2011-05-12,54.9000,55.2300,54.6800,55.1800,1032700
2011-05-11,55.2900,55.3800,54.6300,54.9900,821100
2011-05-10,55.1800,55.9700,55.1800,55.3900,1348800
2011-05-09,54.6500,55.0600,54.3100,55.0200,936200
2011-05-06,54.8500,55.3300,54.5500,54.8600,919600
2011-05-05,54.6200,54.8700,54.0400,54.3600,962800
2011-05-04,55.4200,55.4800,54.6500,54.7800,1585900
2011-05-03,54.9500,55.8800,54.7900,55.5000,1523800
2011-05-02,55.2600,55.4700,54.9100,55.2000,902000
2011-04-29,55.0800,55.1700,54.8000,55.1000,1067800
2011-04-28,54.7600,55.2150,54.5300,55.1100,763300
2011-04-27,54.4100,54.9700,54.3300,54.8900,677800
2011-04-26,54.0000,54.4100,53.8700,54.3200,581600
2011-04-25,53.3700,53.9100,53.3400,53.9100,705400
2011-04-21,53.5300,53.6700,53.3100,53.4500,741300
2011-04-20,53.5000,53.7600,53.3600,53.4700,872900
2011-04-19,53.3600,53.3900,52.5900,52.9600,1105100
2011-04-18,53.3400,53.6100,53.0200,53.1900,904900
2011-04-15,53.0400,54.0000,52.9400,53.7700,1350800
2011-04-14,52.2400,52.9200,52.1200,52.8100,728500
2011-04-13,52.6500,52.9400,52.4400,52.4700,1010600
2011-04-12,52.8600,53.0400,52.1900,52.5700,874800
2011-04-11,53.4000,53.6300,52.8300,53.0000,836700
2011-04-08,53.7100,53.8200,53.2100,53.4600,704200
2011-04-07,54.0300,54.0300,53.2600,53.4500,1086100
2011-04-06,53.8700,54.3500,53.8600,54.1000,737800
2011-04-05,53.8200,54.0800,53.6200,53.7400,1013900
2011-04-04,53.8000,53.9300,53.3900,53.9100,1047400
2011-04-01,53.6300,53.9501,53.5800,53.8100,822300
2011-03-31,53.6600,53.8000,53.3900,53.5000,1286100
2011-03-30,52.9000,53.9200,52.8500,53.7500,1330700
2011-03-29,52.3600,52.7700,52.1200,52.7700,1423700
2011-03-28,52.5000,52.9000,52.3800,52.3800,1256800
2011-03-25,52.5500,52.7600,52.3950,52.4900,920400
2011-03-24,52.4200,52.5900,51.9300,52.4600,1573500
2011-03-23,52.8000,53.5200,52.0300,52.0400,3117600
2011-03-22,52.3400,52.8300,52.2800,52.3800,1355600
2011-03-21,51.8300,52.5600,51.8300,52.2300,1113500
2011-03-18,51.8800,52.4400,51.1900,51.4000,2058400
2011-03-17,51.2400,51.3900,50.6400,51.2500,1563100
2011-03-16,51.4300,51.6000,50.3200,50.6200,3010000
2011-03-15,52.1300,52.3400,51.5500,51.9400,2962900
2011-03-14,53.3300,53.4100,52.8700,53.0000,1610300
2011-03-11,53.4500,53.8900,53.3900,53.7600,1113000
2011-03-10,53.6600,53.8700,53.3900,53.4600,1262700
2011-03-09,54.0400,54.1500,53.7700,54.0700,1360100
2011-03-08,53.7700,54.4400,53.7100,54.0300,1632500
2011-03-07,53.7300,54.2700,53.4950,53.6000,2432100
2011-03-04,53.6000,53.8300,53.0100,53.6400,2378700
2011-03-03,53.5700,53.8500,53.4100,53.7500,2060000
2011-03-02,53.2200,53.4910,53.0500,53.2900,1411000
2011-03-01,53.3300,53.7900,53.0600,53.0900,2834800
2011-02-28,52.7400,53.5900,52.5300,53.2300,2643700
2011-02-25,53.0600,53.6000,53.0050,53.4300,1248400
2011-02-24,53.0000,53.1800,52.6400,52.9800,2121500
2011-02-23,53.4400,53.4400,52.8200,52.8300,2233800
2011-02-22,52.7200,53.3500,52.5600,53.3200,1878300
2011-02-18,53.0800,53.3200,52.9700,53.3000,1880200
2011-02-17,53.1900,53.5500,52.8800,52.9700,2446400
2011-02-16,53.0500,53.5000,53.0000,53.3300,1102600
2011-02-15,52.8900,53.3500,52.8200,53.1600,962700
2011-02-14,53.0700,53.1200,52.6000,53.0900,865700
2011-02-11,53.0300,53.4300,52.8400,53.2700,1527300
2011-02-10,53.0900,53.4700,53.0900,53.4500,803800
2011-02-09,53.0000,53.4400,53.0000,53.4000,1077600
2011-02-08,52.9000,53.4100,52.7200,53.3700,1744500
2011-02-07,52.3300,52.8200,52.2300,52.8200,1222400
2011-02-04,52.0400,52.2800,51.7100,52.1200,1520200
2011-02-03,52.4600,52.8100,51.9000,51.9800,2652000
2011-02-02,52.5700,53.0000,52.5100,52.5600,933100
2011-02-01,52.2000,52.9400,52.0700,52.9100,1699900
2011-01-31,51.9500,52.2200,51.7800,52.0700,1797500
2011-01-28,52.2600,52.4700,51.8000,51.8700,1566300
2011-01-27,52.4400,52.5100,51.9900,52.3300,1740400
2011-01-26,52.4801,52.8200,52.2600,52.4500,1484300
2011-01-25,52.6000,52.8400,52.2500,52.5800,1143800
2011-01-24,52.3200,52.7800,52.3200,52.6200,1001700
2011-01-21,52.5700,52.6900,52.2500,52.4300,2605100
2011-01-20,51.9400,52.7700,51.7400,52.3000,2036200
2011-01-19,52.1400,52.2600,51.7700,51.9400,1181000
2011-01-18,52.4900,52.4900,51.7600,52.0800,1378200
2011-01-14,51.8800,52.3500,51.8500,52.3500,906000
2011-01-13,51.8300,52.1300,51.6200,51.9600,781000
2011-01-12,51.9000,52.1200,51.7700,51.9000,853600
2011-01-11,51.7200,51.8600,51.4400,51.7000,869500
2011-01-10,51.5500,51.5900,51.1800,51.5500,1140800
2011-01-07,51.7500,51.9700,51.4800,51.6500,1273600
2011-01-06,51.7400,52.0000,51.5900,51.7700,1306700
2011-01-05,52.0400,52.3300,51.6900,51.9000,1906000
2011-01-04,52.6300,52.9200,52.1400,52.4700,2020000
2011-01-03,52.6900,52.6900,52.2800,52.4600,971000
2010-12-31,52.2600,52.5800,52.2600,52.4800,741700
2010-12-30,52.3100,52.5000,52.2800,52.3700,630300
2010-12-29,52.2500,52.4100,52.2000,52.3200,924800
2010-12-28,52.2500,52.3700,51.9200,52.2800,634200
2010-12-27,51.9800,52.3700,51.8600,52.2000,638700
2010-12-23,52.0300,52.2700,51.8100,52.1600,818300
2010-12-22,51.9100,52.2100,51.7100,52.1100,985800
2010-12-21,52.2000,52.2700,51.6800,51.9000,2278800
2010-12-20,52.5700,52.7500,52.2200,52.4100,1657800
2010-12-17,51.9000,52.4700,51.7900,52.4700,3140200
2010-12-16,51.6100,51.9700,51.3600,51.9100,1470500
2010-12-15,51.5400,51.7800,51.3900,51.5700,1439600
2010-12-14,51.4500,51.7600,51.3900,51.7500,1369500
2010-12-13,51.4300,51.6200,51.1100,51.3500,1385100
2010-12-10,51.3700,51.6900,51.0750,51.2800,3150100
2010-12-09,51.3700,51.5400,51.1100,51.3400,2499700
2010-12-08,50.9400,51.2100,50.5900,50.8000,1980400
2010-12-07,51.2200,51.3900,50.8400,50.9400,1939800
2010-12-06,50.9800,51.2300,50.8000,50.9400,2768400
2010-12-03,50.8600,51.0500,50.5300,50.9900,1460400
2010-12-02,50.6600,51.1400,50.5000,51.0100,1856300
2010-12-01,50.5700,50.8700,50.0801,50.5500,2163700
2010-11-30,49.6900,50.1700,49.4900,50.0900,2376300
2010-11-29,49.9200,50.0900,49.5950,49.8800,1192200
2010-11-26,50.1000,50.4850,49.9700,50.2500,636000
2010-11-24,50.5000,50.5300,50.2100,50.4700,1180800
2010-11-23,50.4200,50.4200,49.7200,50.0700,1075900
2010-11-22,50.3000,50.5800,50.1200,50.5100,1382500
2010-11-19,50.4200,50.8100,50.0900,50.4700,1940200
2010-11-18,50.3100,50.5100,50.1300,50.3700,1162700
2010-11-17,50.1800,50.2800,49.7500,49.9500,1640000
2010-11-16,50.5700,50.6600,49.6000,49.9600,2393500
2010-11-15,51.0400,51.2500,50.7100,50.7100,1518700
2010-11-12,51.1100,51.3700,50.8400,50.9700,1701500
2010-11-11,51.4600,51.9500,51.1900,51.2800,1374200
2010-11-10,51.5200,52.4100,51.1700,51.9000,2706100
2010-11-09,52.9900,52.9900,50.8300,51.5900,6534800
2010-11-08,53.9400,54.0300,53.2700,53.6400,1349700
2010-11-05,52.9400,54.1300,52.8800,54.0600,1205300
2010-11-04,54.0900,54.2800,53.6600,53.7800,1490900
2010-11-03,53.9000,53.9900,53.2100,53.6500,1038200
2010-11-02,53.4400,53.9800,53.4100,53.8900,1347300
2010-11-01,53.7200,53.8900,52.8200,53.1400,1144500
2010-10-29,53.3500,53.6700,53.1400,53.4800,1167300
2010-10-28,53.4000,53.7200,53.2000,53.4900,953800
2010-10-27,52.7300,53.2200,52.5850,53.1400,1106900
2010-10-26,53.6100,53.7400,53.2600,53.3300,1394900
2010-10-25,53.8700,54.0200,53.6700,53.7900,1072200
2010-10-22,53.3800,53.5600,53.0900,53.5200,975800
2010-10-21,54.0300,54.0500,53.1400,53.3500,988300
2010-10-20,53.4400,54.1100,53.4400,53.7900,961900
2010-10-19,53.4300,53.9300,53.2600,53.4000,1238800
2010-10-18,53.4400,53.9100,53.3400,53.8800,883800
2010-10-15,53.5200,53.9000,53.2600,53.3300,1639100
2010-10-14,53.4900,53.8300,52.9400,53.2000,1465200
2010-10-13,53.7000,53.8500,53.4300,53.4700,1268100
2010-10-12,53.3400,53.7250,53.1500,53.6000,1265500
2010-10-11,53.7199,53.7200,53.3700,53.4800,1439800
2010-10-08,54.0600,54.0900,53.7100,53.7500,1416000
2010-10-07,54.0200,54.4500,53.6950,53.8900,903300
2010-10-06,53.9900,54.3800,53.6900,54.0900,1181900
2010-10-05,54.0700,54.2600,53.5700,54.1700,1395900
2010-10-04,53.9600,54.3800,53.2900,53.6900,1009500
2010-10-01,53.8600,54.2600,53.6400,54.1600,1102200
2010-09-30,53.9000,54.3200,53.6200,53.8000,1855400
2010-09-29,53.6600,54.0300,53.3900,53.7300,921000
2010-09-28,53.6400,54.0400,53.1800,53.9300,1295900
2010-09-27,53.4700,53.8500,53.3500,53.6300,1130000
2010-09-24,53.1800,54.0400,53.1700,53.8800,1417600
2010-09-23,53.3000,53.4800,52.6100,52.6900,1042000
2010-09-22,52.9600,53.8200,52.9600,53.6000,1261300
2010-09-21,53.3500,53.4000,52.7100,52.9100,1586400
2010-09-20,53.1300,53.5400,53.0000,53.4000,1618500
2010-09-17,53.3900,53.5000,52.9200,53.0800,1328700
2010-09-16,53.0000,53.4300,52.8000,53.1400,1275600
2010-09-15,53.3800,53.4500,52.8000,53.1500,866000
2010-09-14,53.0700,53.6500,52.9700,53.4500,1038700
2010-09-13,53.6100,53.7300,53.0000,53.3700,1095300
2010-09-10,53.0800,53.3700,52.7300,53.2900,1767600
2010-09-09,53.3400,53.3400,52.9600,53.1400,889700
2010-09-08,53.2300,53.4400,52.5600,52.7100,1138900
2010-09-07,53.3500,53.7300,53.1800,53.2400,889600
2010-09-03,53.6300,53.7200,53.0200,53.5600,1323500
2010-09-02,52.4700,53.4500,52.2500,53.4400,2500600
2010-09-01,51.2700,52.6200,50.8400,52.4900,2066900
2010-08-31,50.8500,51.4600,50.5600,50.9200,2580800
2010-08-30,51.9000,51.9500,51.0000,51.0100,818600
2010-08-27,51.5300,52.0000,51.0500,51.9700,1444700
2010-08-26,51.3500,51.6200,51.1600,51.3300,1536100
2010-08-25,50.8000,51.4900,50.5500,51.2500,1957000
2010-08-24,50.5900,51.5000,50.4900,51.1000,1774100
2010-08-23,50.7800,51.4050,50.7800,51.0000,1024600
2010-08-20,50.1700,50.6600,49.9100,50.5400,1394400
2010-08-19,50.9300,51.1000,50.1600,50.6000,1196000
2010-08-18,51.4200,51.4300,50.8900,51.3000,1441800
2010-08-17,51.5700,51.9800,51.3500,51.4000,1261500
2010-08-16,50.9200,51.4400,50.5100,51.2400,965000
2010-08-13,50.8900,51.5600,50.8900,51.1500,1002300
2010-08-12,51.0900,51.6400,50.9400,51.2800,1252800
2010-08-11,51.7500,51.9400,51.3700,51.7600,2097900
2010-08-10,51.4500,52.7000,51.3800,52.4300,1824600
2010-08-09,51.7600,52.3000,51.7200,51.9400,1871000
2010-08-06,51.5800,52.0000,51.1300,51.8000,1806000
2010-08-05,51.1000,51.8400,50.9700,51.8200,1570500
2010-08-04,51.4300,51.7800,51.0700,51.4500,1530500
2010-08-03,50.2200,51.5700,50.0900,51.3600,2597500
2010-08-02,50.1400,50.7900,50.1400,50.4500,2185600
2010-07-30,49.5200,50.0000,49.1100,49.7500,1683000
2010-07-29,51.0100,51.2000,49.5300,49.9600,2304300
2010-07-28,50.9300,51.1800,50.4400,50.5800,1384600
2010-07-27,50.8900,51.2400,50.3300,51.1600,1829700
2010-07-26,50.5300,50.7800,50.4000,50.7600,1700200
2010-07-23,50.3200,50.6300,50.0300,50.4600,1445700
2010-07-22,49.6200,50.5100,49.6200,50.3500,1989100
2010-07-21,49.9200,49.9200,48.9800,49.2200,1713600
2010-07-20,48.8700,49.9600,48.8150,49.9500,1315200
2010-07-19,48.6500,49.5600,48.3300,49.4500,1616800
2010-07-16,49.2500,49.3600,48.4400,48.5400,1520100
2010-07-15,49.4500,49.7200,48.7200,49.4000,2888800
2010-07-14,49.5100,49.8000,49.1100,49.3800,1392900
2010-07-13,49.7800,50.1800,49.4630,49.7500,1220100
2010-07-12,49.1000,49.5400,48.8500,49.3100,827600
2010-07-09,48.9200,49.2750,48.6700,49.2600,1466900
2010-07-08,48.7400,48.8500,48.2900,48.8500,1054800
2010-07-07,47.0100,48.5000,46.9300,48.4900,1562300
2010-07-06,46.7300,47.3000,46.5400,47.0600,1303900
2010-07-02,46.4600,46.8050,46.2500,46.5100,1440100
2010-07-01,46.9600,46.9900,46.2500,46.4300,2130000
2010-06-30,47.3400,47.7200,46.5900,46.7900,2094000
2010-06-29,48.2000,48.3000,47.1800,47.5000,2885700
2010-06-28,48.3900,48.9900,47.9800,48.6200,1790300
2010-06-25,48.1500,48.2500,47.4400,48.2400,2296600
2010-06-24,47.7000,48.8600,47.4900,47.9500,2957500
2010-06-23,47.8900,48.2300,47.6700,47.7700,1702000
2010-06-22,49.2000,49.4300,47.7500,47.8200,2359400
2010-06-21,50.3600,50.9800,49.0000,49.3300,2293100
2010-06-18,49.9100,50.1700,49.6300,50.1000,1715300
2010-06-17,49.4100,50.0600,49.0800,49.9700,2280000
2010-06-16,48.2400,49.5300,48.2400,49.2300,1915300
2010-06-15,48.5000,49.2000,48.4600,49.1500,1680700
2010-06-14,48.5800,49.0000,48.1400,48.2200,1860500
2010-06-11,47.3500,48.1700,47.0400,48.1100,2693800
2010-06-10,46.6800,47.6600,46.6800,47.6100,1636300
2010-06-09,46.6300,46.6400,46.0000,46.2300,4164500
2010-06-08,44.9300,46.5000,44.7400,46.4000,4650300
2010-06-07,44.6700,45.5300,44.5200,44.9700,2316000
2010-06-04,45.3200,45.5800,44.4000,44.5125,1810600
2010-06-03,45.6800,46.1800,45.6400,46.0700,1177600
2010-06-02,45.1200,45.8000,44.7450,45.7800,2108900
2010-06-01,45.7700,45.8500,44.8500,44.8500,2214800
2010-05-28,45.6600,46.4900,45.6400,46.0000,1852400
2010-05-27,45.5100,45.8200,45.1500,45.6900,1201400
2010-05-26,45.4100,45.7000,44.7900,44.9600,2086300
2010-05-25,44.7400,45.1000,43.9100,45.0700,2144100
2010-05-24,46.0300,46.5600,45.4400,45.4800,2508200
2010-05-21,45.4400,46.2400,45.1200,46.1000,3601800
2010-05-20,46.5500,46.7300,45.7400,45.8000,3833200
2010-05-19,47.2000,48.0450,47.0500,47.3400,4133700
2010-05-18,47.4000,48.0700,47.2300,47.3000,2834800
2010-05-17,47.2500,47.4500,46.3000,47.1600,2021700
2010-05-14,47.3700,47.5800,46.9200,47.2100,1997700
2010-05-13,47.1800,48.2200,46.9100,47.4100,1651300
2010-05-12,47.3300,47.6100,46.9950,47.1700,2625600
2010-05-11,47.1000,47.7500,46.9400,47.3000,1573700
2010-05-10,47.2200,47.9700,46.8800,47.4800,2059300
2010-05-07,47.0000,47.6200,46.1000,46.4400,3619700
2010-05-06,47.8600,48.1500,45.0200,47.0400,4119300
2010-05-05,48.8100,49.1300,47.9800,48.1300,4408000
2010-05-04,49.8300,50.2100,48.6200,48.9500,3027800
2010-05-03,49.2900,50.7800,49.0400,50.3700,2935300
2010-04-30,49.4100,49.6400,49.0400,49.1800,2144000
2010-04-29,49.5300,50.1100,48.8600,49.4300,2553600
2010-04-28,48.8400,49.8700,47.1600,49.5000,6491100
2010-04-27,50.0000,50.0800,49.0000,49.0200,1391400
2010-04-26,50.4700,50.5000,50.1500,50.2000,781200
2010-04-23,50.0200,50.4900,49.7500,50.4900,955800
2010-04-22,50.0700,50.2400,49.5800,50.1300,1222000
2010-04-21,49.9900,50.3300,49.9400,50.1500,1211200
2010-04-20,49.7500,49.9900,49.4400,49.9600,1786700
2010-04-19,49.0100,49.5500,48.8500,49.5000,1249200
2010-04-16,49.5900,49.8200,49.0600,49.1000,1421900
2010-04-15,49.7500,49.9300,49.5600,49.6600,1628100
2010-04-14,50.0200,50.1950,49.5900,49.7900,1543700
2010-04-13,50.3500,50.7100,49.9300,50.1500,1471000
2010-04-12,50.6200,50.7400,50.4400,50.4800,1312800
2010-04-09,50.2300,50.5400,49.8500,50.4900,1611600
2010-04-08,50.7300,50.7300,50.0900,50.3100,1248300
2010-04-07,51.3800,51.4200,50.7800,50.8500,2310300
2010-04-06,50.9900,51.4300,50.8600,51.3600,1640600
2010-04-05,50.7400,51.2600,50.7180,51.2500,1574700
2010-04-01,50.0200,50.7600,50.0200,50.7000,1392400
2010-03-31,50.0900,50.3100,49.7600,49.9000,1688900
2010-03-30,50.4300,50.8700,50.1900,50.2600,1899000
2010-03-29,49.2500,50.5000,49.1500,50.4400,2097200
2010-03-26,48.9000,49.4300,48.7200,49.1500,2501600
2010-03-25,49.7900,50.2500,48.6600,48.7400,2716700
2010-03-24,49.9400,49.9400,49.2710,49.5700,2602700
2010-03-23,50.2400,50.2400,49.8400,50.0600,2034600
2010-03-22,50.0900,50.5000,50.0000,50.3100,1334500
2010-03-19,50.8100,51.0900,50.1700,50.5000,2326300
2010-03-18,50.1600,50.8425,50.1600,50.7500,1252900
2010-03-17,50.2100,50.4300,50.0000,50.3100,1982200
2010-03-16,49.8600,50.3800,49.7500,50.3300,1621300
2010-03-15,50.2800,50.4800,50.1000,50.2500,1413400
2010-03-12,50.8400,51.0300,50.2150,50.2700,1558200
2010-03-11,50.4600,50.6700,50.1900,50.5900,1171400
2010-03-10,50.5700,50.7300,50.2500,50.6800,2198700
2010-03-09,50.9800,50.9800,50.4800,50.6500,3347400
2010-03-08,51.3600,51.7400,50.9100,51.0000,3446700
2010-03-05,49.0100,49.8300,48.8600,49.7300,2281300
2010-03-04,48.9400,49.0700,48.3800,48.8100,1962300
2010-03-03,48.7800,49.0600,48.6200,48.9400,2218600
2010-03-02,49.3600,49.5000,48.6200,48.7900,3512500
2010-03-01,49.2000,49.5800,49.1200,49.3000,2559500
2010-02-26,50.2700,50.2700,49.1500,49.1700,3376200
2010-02-25,47.9000,50.9400,47.5500,50.3200,4572800
2010-02-24,48.3900,49.0800,48.1200,48.5300,2501800
2010-02-23,48.6000,48.9900,48.2100,48.2400,2183300
2010-02-22,49.1700,49.2800,48.5900,48.6300,2569800
2010-02-19,48.1900,49.3500,47.9600,48.9500,2888700
2010-02-18,48.0600,48.2900,47.5500,48.1300,2694500
2010-02-17,49.1000,49.1000,47.9400,48.1900,4002700
2010-02-16,49.8900,50.7000,48.9400,49.0000,4835000
2010-02-12,49.4900,49.5900,48.9800,49.4800,2110800
2010-02-11,49.1200,49.8800,48.5600,49.7700,1354900
2010-02-10,49.6100,49.6100,48.7200,49.2600,1091100
2010-02-09,49.5000,50.1800,49.2300,49.5900,1166300
2010-02-08,49.5700,49.6995,49.0100,49.0100,1136800
2010-02-05,49.6700,49.7800,48.7300,49.6800,3613500
2010-02-04,50.5900,50.6400,49.5600,49.5700,1898100
2010-02-03,51.3400,51.3400,50.7100,50.8300,757100
2010-02-02,51.3400,51.5600,50.7600,51.4900,1524100
2010-02-01,50.9300,51.3000,50.3800,51.2200,1964100
2010-01-29,50.8800,51.1300,50.3400,50.7500,2364300
2010-01-28,51.1400,51.3100,50.2000,50.8000,1582900
2010-01-27,51.2500,51.3600,50.4200,51.0800,1665300
2010-01-26,51.4400,51.7100,50.6800,51.4500,1750500
2010-01-25,51.8500,52.2100,51.5600,51.5900,1602200
2010-01-22,52.2100,52.6000,51.5000,51.5500,3159200
2010-01-21,51.7800,52.6000,51.5200,52.2000,3036000
2010-01-20,52.2000,52.2700,51.6800,51.8800,2452300
2010-01-19,52.5000,52.9900,52.3100,52.5300,3581300
2010-01-15,53.5800,53.6000,51.9300,52.4200,3162300
2010-01-14,53.7700,54.0200,53.5100,53.6000,1411500
2010-01-13,53.6200,53.9100,52.8600,53.8700,2641400
2010-01-12,54.4300,54.9100,53.9300,54.4000,1238200
2010-01-11,54.0300,54.8000,53.9500,54.5900,1225900
2010-01-08,53.7100,53.9700,53.0600,53.8100,1364500
2010-01-07,53.7900,54.2200,52.9100,53.8400,2221300
2010-01-06,54.5900,54.8500,53.9100,53.9600,2956500
2010-01-05,55.8200,55.8400,54.3700,54.7100,3408600
2010-01-04,56.4000,56.6100,55.8000,55.9000,2081200
2009-12-31,56.6000,57.1800,55.9800,55.9800,938600
2009-12-30,56.6000,57.0300,56.4000,56.8800,930200
2009-12-29,56.3100,56.8800,56.2400,56.6000,1075400
2009-12-28,56.2000,56.4400,56.0100,56.4400,803100
2009-12-24,56.2500,56.7400,56.2500,56.5300,367400
2009-12-23,56.0300,56.3400,55.6601,56.2300,1221500
2009-12-22,55.3300,56.2000,55.3300,55.9000,1891700
2009-12-21,55.3000,55.7200,54.9500,55.3200,2542800
2009-12-18,55.6700,55.9850,54.7500,55.0700,2810000
2009-12-17,55.8300,55.8300,54.8900,55.3400,1869700
2009-12-16,55.5200,55.8900,55.2500,55.6200,1388800
2009-12-15,55.4100,55.6400,55.2700,55.4700,1092800
2009-12-14,55.6600,55.9600,55.3800,55.8100,1518800
2009-12-11,54.8100,55.6500,54.4900,55.3500,1565700
2009-12-10,54.3600,55.2200,53.6100,54.5000,2910100
2009-12-09,54.8500,54.8500,53.5000,53.8600,3112900
2009-12-08,54.7000,55.1300,54.2900,54.9800,1861200
2009-12-07,55.0000,55.1900,54.5400,54.9800,1380800
2009-12-04,54.7600,55.0000,54.0800,54.8300,2195000
2009-12-03,54.8000,54.9700,54.4700,54.5700,1616300
2009-12-02,53.8500,54.9300,53.7100,54.8600,1618700
2009-12-01,53.4600,53.9700,53.2900,53.8200,1246600
2009-11-30,52.6100,53.2100,52.3904,53.1400,1070200
2009-11-27,53.0400,53.1600,52.2900,52.6800,454300
2009-11-25,53.6000,54.0000,53.2100,53.8300,984500
2009-11-24,52.9700,53.4900,52.5387,53.4700,1307700
2009-11-23,52.4500,53.1700,52.3100,52.7800,1222500
2009-11-20,52.0400,52.0500,51.6100,51.9600,1309300
2009-11-19,52.7200,52.7200,51.7800,52.1600,997200
2009-11-18,52.9000,53.0700,52.3700,52.7700,952400
2009-11-17,52.5900,53.0500,52.5400,52.9600,979600
2009-11-16,52.4300,52.8400,52.3200,52.6800,1345900
2009-11-13,51.7300,52.3800,51.4500,52.2300,1508800
2009-11-12,52.6100,52.8100,51.4600,51.6800,1438000
2009-11-11,53.0600,53.2300,52.4200,52.7800,1071000
2009-11-10,51.9900,52.9600,51.8000,52.6600,1249300
2009-11-09,50.9300,52.0600,50.4500,51.9400,1707600
2009-11-06,50.8100,50.9700,48.9000,50.7500,2137100
2009-11-05,50.2500,51.1685,50.1600,51.0000,1324400
2009-11-04,49.8200,50.7600,49.7500,50.0300,1354600
2009-11-03,49.5200,49.6700,48.9800,49.6300,2355100
2009-11-02,51.7100,51.7100,49.2000,49.7900,4001700
2009-10-30,52.0700,52.3200,51.4000,51.4500,2103300
2009-10-29,51.4200,52.2100,51.2500,52.1700,1174000
2009-10-28,51.8200,51.9400,51.2300,51.3100,1645200
2009-10-27,52.1000,52.4800,51.6300,51.7500,1319300
2009-10-26,52.8800,53.3100,51.5700,51.7400,1651500
2009-10-23,53.3400,53.5400,52.4900,52.7400,1124600
2009-10-22,52.9900,53.5700,52.7500,53.4500,1000800
2009-10-21,53.1300,53.7000,52.9400,53.0500,1123300
2009-10-20,53.3600,53.3800,52.7600,53.1800,1016900
2009-10-19,52.9000,53.7500,52.7000,53.5500,980400
2009-10-16,52.7000,53.1000,52.4600,52.9100,951000
2009-10-15,52.1000,52.9700,52.1000,52.9700,1052000
2009-10-14,52.8700,53.0000,52.3900,52.6800,890800
2009-10-13,52.4400,52.7700,52.1100,52.5800,1343400
2009-10-12,53.1400,53.1400,52.3200,52.5000,1140400
2009-10-09,51.4700,52.2400,51.3200,52.1200,1401800
2009-10-08,51.0500,51.5400,50.8700,51.4700,1433800
2009-10-07,50.9200,51.0200,50.5100,50.9700,989100
2009-10-06,50.7900,51.3000,50.4600,50.8600,1595000
2009-10-05,49.9400,51.0000,49.6300,50.7200,1440600
2009-10-02,49.3800,50.2900,49.3800,49.8700,2006700
2009-10-01,49.7300,50.1026,49.5600,49.8600,1899900
2009-09-30,50.1400,50.2000,49.5700,49.8100,1381100
2009-09-29,50.2400,50.3300,49.6400,50.1600,1157800
2009-09-28,49.6600,50.6100,49.6500,50.2400,809300
2009-09-25,49.7900,50.0200,49.5300,49.5900,1029500
2009-09-24,50.0600,50.4800,49.7100,49.9000,1196100
2009-09-23,50.4800,51.0600,49.9400,50.0800,988500
2009-09-22,50.9700,50.9700,50.1800,50.2800,892800
2009-09-21,50.8300,51.1400,50.2500,50.9100,1546300
2009-09-18,51.7700,51.7700,50.6300,50.9200,1571900
2009-09-17,50.5600,51.2400,50.4200,51.0600,2252900
2009-09-16,49.8000,50.7100,49.5000,50.5600,1910700
2009-09-15,49.3900,49.9000,49.2100,49.8300,1709700
2009-09-14,48.8600,49.5500,48.4400,49.3600,1607700
2009-09-11,48.5000,49.1000,48.3400,48.9000,1948400
2009-09-10,48.3500,48.5600,48.1000,48.4200,1455400
2009-09-09,49.0000,49.2500,48.4500,48.5300,1619600
2009-09-08,49.6900,49.6900,48.9200,48.9400,2089900
2009-09-04,49.2100,49.4900,48.8400,49.4300,856300
2009-09-03,49.2500,49.4600,48.8102,49.0800,1255400
2009-09-02,49.7500,49.7500,49.1700,49.1900,2086200
2009-09-01,49.9300,50.2500,49.6200,49.7000,1904500
2009-08-31,50.6500,50.8000,50.0000,50.1700,1094700
2009-08-28,51.2500,51.4100,50.7100,50.9400,1168500
2009-08-27,51.3500,51.3500,50.7800,51.0200,1058000
2009-08-26,51.3400,51.6900,50.9500,51.4100,1240300
2009-08-25,51.3300,51.9300,51.3300,51.5300,1410700
2009-08-24,51.4000,51.7500,51.1700,51.2400,980100
2009-08-21,50.8900,51.6600,50.6300,51.5000,1373000
2009-08-20,50.4300,50.8300,50.1000,50.6600,1856700
2009-08-19,49.9800,50.6300,49.8100,50.5100,1451800
2009-08-18,50.3300,50.4900,49.8600,50.3100,1079300
2009-08-17,50.8500,50.9200,50.2100,50.3400,1247100
2009-08-14,51.3400,51.4100,50.4700,51.1100,579800
2009-08-13,51.6800,51.7500,50.8800,51.2300,1022600
2009-08-12,51.1700,52.0000,50.8000,51.5700,1465300
2009-08-11,50.6900,51.2500,50.4300,51.0500,1804700
2009-08-10,50.3100,50.9300,49.9600,50.9100,1264900
2009-08-07,50.7600,51.0200,50.2300,50.6000,1478600
2009-08-06,51.2400,51.3500,50.3800,50.5100,1552200
2009-08-05,52.0000,52.4500,50.8200,51.2400,1288700
2009-08-04,52.3600,52.5500,51.9500,52.2200,918500
2009-08-03,52.6000,53.0000,51.3600,52.4000,1303800
2009-07-31,51.9100,52.9400,50.7400,52.4300,1296300
2009-07-30,52.3500,52.9700,52.1850,52.5200,1460800
2009-07-29,51.6900,52.0800,50.9200,51.8500,823200
2009-07-28,52.2600,52.3700,51.5805,51.9000,1027700
2009-07-27,52.0200,52.6800,51.8300,52.4700,1069800
2009-07-24,50.9900,52.2797,50.9800,52.0300,1257100
2009-07-23,49.6800,51.7100,49.6800,51.3600,2368700
2009-07-22,49.9200,50.0500,49.4500,49.6800,1192800
2009-07-21,49.6800,49.9400,49.1300,49.8600,1119700
2009-07-20,49.0700,49.3200,48.6500,49.2700,1142600
2009-07-17,49.1000,49.1000,48.3100,48.9200,1132900
2009-07-16,48.9200,49.1000,48.4300,48.9900,891600
2009-07-15,48.7300,49.0000,48.3100,48.9700,1242500
2009-07-14,48.1900,48.4000,47.7100,48.3100,844100
2009-07-13,47.4500,48.2900,46.8400,48.2200,997000
2009-07-10,47.4300,47.7400,47.0800,47.5500,734000
2009-07-09,48.0900,48.2200,47.3800,47.8300,753300
2009-07-08,48.2900,48.4100,47.4300,47.8700,986500
2009-07-07,49.4200,49.4200,47.9600,47.9900,1062500
2009-07-06,48.3300,49.5900,48.2200,49.4300,1300000
2009-07-02,48.8900,48.9100,48.1500,48.6600,2361500
2009-07-01,49.7900,50.6000,49.6000,49.7800,1760600
2009-06-30,50.3300,50.5400,49.0500,49.6300,1388100
2009-06-29,49.7100,50.9000,49.5000,50.8000,1548100
2009-06-26,49.4300,49.9400,49.1600,49.7900,1750100
2009-06-25,47.9100,49.7200,47.9100,49.4800,1367700
2009-06-24,48.8000,49.1600,48.5600,48.7700,1176000
2009-06-23,49.6000,49.6000,48.4900,48.6400,1494100
2009-06-22,48.8300,49.9400,48.6500,49.6200,1998500
2009-06-19,49.7100,49.8600,48.5800,48.8400,2038200
2009-06-18,48.2400,49.4500,48.0000,49.2600,1355000
2009-06-17,48.4400,48.8300,47.8600,48.2700,1586000
2009-06-16,48.6400,49.0900,48.5000,48.7000,1573800
2009-06-15,48.5200,48.8500,47.7700,48.5700,1724900
2009-06-12,48.1100,49.1500,47.6600,49.0400,1073600
2009-06-11,46.9600,48.9800,46.9600,48.4300,1453300
2009-06-10,47.5800,48.2500,47.1600,47.6300,2181300
2009-06-09,47.5700,47.9000,47.0600,47.2200,1476000
2009-06-08,46.6400,47.6600,46.2300,47.3200,2312200
2009-06-05,46.6500,47.0000,45.9000,46.6400,943100
2009-06-04,46.4400,46.5400,46.1300,46.4900,939300
2009-06-03,46.6200,46.7000,45.5800,46.1200,1258700
2009-06-02,46.5900,46.8900,46.2400,46.7200,1906000
2009-06-01,46.1400,46.9200,46.1400,46.6500,1611800
2009-05-29,46.0700,46.1000,45.0200,45.6800,1869200
2009-05-28,45.4400,46.2000,45.2100,45.9500,1122500
2009-05-27,46.4800,46.5700,45.1700,45.2600,1362000
2009-05-26,44.6100,46.7400,44.5000,46.5600,1919000
2009-05-22,44.5100,45.0800,44.2700,44.5600,1029400
2009-05-21,44.5100,44.8500,44.2800,44.5000,1385100
2009-05-20,45.8400,46.0500,44.9700,44.9900,1226800
2009-05-19,44.5200,45.7300,44.4200,45.5900,1877100
2009-05-18,44.6200,45.0000,43.9800,44.4100,1977600
2009-05-15,44.5900,44.8000,43.9400,44.2500,1491300
2009-05-14,44.9300,45.1900,44.0500,44.8200,1662800
2009-05-13,45.6100,45.7700,44.6800,44.9400,1601300
2009-05-12,46.0000,46.2725,45.5900,45.9500,2299200
2009-05-11,45.9000,46.5400,45.6000,45.9800,1101700
2009-05-08,46.3900,47.1500,46.0700,46.4000,1550400
2009-05-07,46.1200,46.3200,45.0300,45.7500,2049400
2009-05-06,46.2000,47.0700,45.5000,45.8000,2498900
2009-05-05,49.8900,49.8900,46.8700,47.4200,1727600
2009-05-04,47.1800,48.3600,46.6300,48.3600,1727300
2009-05-01,46.0000,46.9000,45.9700,46.9000,807700
2009-04-30,46.1400,46.6300,45.8900,46.0200,1757500
2009-04-29,45.3700,46.0900,44.9900,45.8200,1106600
2009-04-28,44.7700,45.6000,44.4000,45.2200,863100
2009-04-27,44.4900,45.4900,44.3800,45.0100,1065900
2009-04-24,45.2400,45.5000,44.5800,45.0300,937700
2009-04-23,45.0600,45.5700,44.4700,44.9700,1323000
2009-04-22,45.3700,45.6880,44.6200,45.0000,1295300
2009-04-21,45.1600,45.6800,44.9300,45.6000,1289100
2009-04-20,46.0800,46.1100,45.3100,45.3100,1320400
2009-04-17,46.4300,46.7300,46.1400,46.4100,1485100
2009-04-16,46.1300,46.5400,45.5800,46.2200,1783600
2009-04-15,44.7300,45.6600,44.7300,45.6400,988600
2009-04-14,45.6000,45.8700,44.8700,44.9100,1394800
2009-04-13,45.7000,46.2100,45.0500,45.9800,1341100
2009-04-09,46.3900,46.8000,45.5800,46.1300,1536800
2009-04-08,45.1500,45.6200,44.5600,45.4700,1346900
2009-04-07,45.0000,45.6700,44.3400,45.0500,2154000
2009-04-06,46.6000,46.8200,45.2700,45.6200,3119400
2009-04-03,46.8500,47.3800,46.3300,46.8500,1300900
2009-04-02,47.6900,47.6900,45.9200,46.8500,2246400
2009-04-01,46.0600,47.0000,45.6600,46.7200,2609300
2009-03-31,45.1900,46.9600,44.8800,46.2400,3126800
2009-03-30,43.9900,45.0000,43.8100,44.9000,2981800
2009-03-27,44.3900,45.3700,44.2800,44.7900,2260200
2009-03-26,43.6600,45.2100,42.6500,45.0600,3843600
2009-03-25,44.2000,44.9400,41.1500,42.9300,6630400
2009-03-24,44.4000,44.9000,43.7400,43.8100,1561300
2009-03-23,43.6100,44.8000,43.0000,44.7900,1958100
2009-03-20,43.4600,43.9800,42.7600,42.8100,2103300
2009-03-19,43.4600,43.6500,42.7500,43.2500,1519500
2009-03-18,42.0100,43.6800,41.6100,43.2500,1952400
2009-03-17,41.3900,42.2000,40.7875,42.1700,2062000
2009-03-16,40.9400,42.1100,40.7400,41.3900,1555100
2009-03-13,40.4700,40.8500,40.0900,40.5700,1499800
2009-03-12,39.1000,40.4500,38.7200,40.2100,2061100
2009-03-11,38.8900,39.6600,38.7200,39.1000,2325300
2009-03-10,37.4600,38.7050,37.3400,38.6000,2065600
2009-03-09,37.9500,38.0800,36.4300,36.7200,2331700
2009-03-06,38.2800,39.0100,37.0900,38.2200,2556100
2009-03-05,38.6600,38.7200,37.6100,37.9900,2269900
2009-03-04,38.9100,39.7900,38.4700,39.3800,1764000
2009-03-03,39.9700,40.2600,38.1400,38.4100,2692300
2009-03-02,41.0000,41.6400,39.3900,39.5100,2312800
2009-02-27,41.5700,42.7000,41.0200,41.5700,2295100
2009-02-26,42.1100,43.8200,42.0000,42.2900,2338800
2009-02-25,41.4900,42.3800,40.6700,41.5900,2561100
2009-02-24,38.4800,42.7800,38.2500,41.4100,4158400
2009-02-23,39.4000,39.9000,38.8100,39.1800,2970100
2009-02-20,40.1900,41.0700,37.6600,39.3700,4558700
2009-02-19,40.8100,41.3100,40.1100,40.3400,2559700
2009-02-18,41.4000,41.4900,40.2100,40.6100,2105600
2009-02-17,42.5600,42.5600,41.2100,41.2100,2292400
2009-02-13,43.6700,44.1600,43.4600,43.6300,1400300
2009-02-12,43.6500,44.1800,42.3800,43.7300,2264900
2009-02-11,44.6900,44.8400,43.9000,44.3700,1454500
2009-02-10,45.8600,46.3000,44.0800,44.3900,2056100
2009-02-09,46.3000,46.5300,45.4900,46.3000,1776900
2009-02-06,45.5200,46.7200,45.0300,46.5300,1728500
2009-02-05,44.7800,45.7000,44.4000,45.5100,1375200
2009-02-04,45.2100,45.6400,44.4900,45.0400,1831900
2009-02-03,44.6100,45.4200,44.5000,45.1200,1644600
2009-02-02,43.2300,45.1300,43.1820,44.8000,1434900
2009-01-30,45.5000,45.5000,43.6645,43.8400,1891600
2009-01-29,45.1300,45.8100,44.5500,44.7600,1473500
2009-01-28,45.7400,45.8200,44.9400,45.5200,1409900
2009-01-27,44.6200,45.6500,44.1200,45.1100,1583200
2009-01-26,43.1200,44.7800,43.1100,44.3200,1648200
2009-01-23,42.9400,43.4000,42.2300,43.1800,1755300
2009-01-22,43.7950,44.4000,43.0500,43.6400,2521500
2009-01-21,42.0400,44.6000,41.7000,44.6000,3495100
2009-01-20,43.4000,43.7200,41.7300,41.8600,2626400
2009-01-16,43.5100,44.3400,43.0000,43.7100,1541400
2009-01-15,42.2100,43.2300,41.6700,43.0200,1803400
2009-01-14,41.8200,42.6000,41.5100,42.2600,1190000
2009-01-13,43.3700,43.5800,42.6500,43.0200,1532400
2009-01-12,43.5300,44.2300,43.2900,43.5800,1157300
2009-01-09,43.7600,44.2000,43.2100,43.5900,1376400
2009-01-08,42.8500,43.7200,42.6900,43.6700,1510400
2009-01-07,42.8900,43.4000,42.7600,43.0000,1606500
2009-01-06,44.2000,44.9900,43.3800,43.6700,1459200
2009-01-05,43.4200,44.1700,43.2000,43.9700,1583400
2009-01-02,42.7300,44.0000,42.1600,43.7500,1110300
2008-12-31,41.7800,42.8800,41.7800,42.6300,1525100
2008-12-30,40.7000,41.6700,40.4300,41.6700,1223800
2008-12-29,40.1600,40.6296,39.8900,40.5400,1099300
2008-12-26,39.9800,40.3400,39.7700,40.2100,896900
2008-12-24,39.4800,39.9000,39.4600,39.7100,608300
2008-12-23,40.6200,40.9100,39.5000,39.6800,1474400
2008-12-22,40.9000,41.2400,39.5200,40.4500,1583400
2008-12-19,41.4500,41.7500,40.5600,40.9700,2380700
2008-12-18,41.1300,41.9600,40.3100,40.6300,2964700
2008-12-17,41.6000,42.0100,40.9600,41.3300,2047400
2008-12-16,41.8300,42.3900,41.0200,41.8500,2073300
2008-12-15,42.5000,42.6300,40.4100,41.0300,2238000
2008-12-12,41.7600,42.4900,41.0200,42.4300,1830600
2008-12-11,44.2100,45.1700,42.8800,43.1800,1437700
2008-12-10,43.3500,44.6100,43.2600,44.4800,1184000
2008-12-09,43.0000,44.3300,42.8500,43.0400,1402600
2008-12-08,44.3500,44.8300,43.0500,43.4800,1724700
2008-12-05,41.6500,43.4400,40.1700,43.2600,1803800
2008-12-04,43.9500,44.4000,41.3000,42.2800,1384700
2008-12-03,42.6000,44.5900,41.3700,44.4000,1792000
2008-12-02,41.5700,43.5900,41.4900,43.2700,2454500
2008-12-01,45.2800,46.5200,41.0000,41.0000,2936100
2008-11-28,45.0400,46.9400,44.8800,46.6700,772800
2008-11-26,44.3600,45.5000,44.1400,45.0400,1920000
2008-11-25,45.9900,45.9900,43.9800,45.1300,2191800
2008-11-24,43.6900,45.3300,43.0300,44.4000,2861500
2008-11-21,39.8200,43.7400,38.3600,43.6000,3385300
2008-11-20,39.5800,42.1100,38.5200,39.0400,2593900
2008-11-19,41.0900,42.6400,39.9500,40.0300,1753000
2008-11-18,40.1500,42.0800,39.9600,41.5000,2092200
2008-11-17,41.6300,42.3800,40.3900,40.8000,1634100
2008-11-14,43.4300,44.5000,41.6800,42.0900,1518900
2008-11-13,41.4100,44.5000,39.6300,44.4700,2277900
2008-11-12,40.9600,41.2400,40.1400,40.9500,1734400
2008-11-11,41.2200,42.4000,39.6500,41.7700,2263200
2008-11-10,42.7000,43.7100,40.0100,40.9500,2288700
2008-11-07,41.2400,42.7100,40.2800,42.7000,1639700
2008-11-06,43.4400,44.0400,40.3400,41.0300,2211600
2008-11-05,43.6800,44.9700,43.2200,43.4700,1403300
2008-11-04,43.8900,44.9600,43.3905,44.3400,2032600
2008-11-03,42.5500,43.4900,41.8300,43.2000,1881000
2008-10-31,41.5600,42.7800,41.1500,42.6100,2727000
2008-10-30,41.1500,42.4300,40.1000,41.8000,3118100
2008-10-29,42.0100,42.7100,40.3500,40.5800,2654000
2008-10-28,37.6400,42.6400,36.8800,42.5400,2960200
2008-10-27,37.6400,38.7400,36.4300,36.9900,1899400
2008-10-24,36.7700,39.0100,36.1200,38.1100,2448100
2008-10-23,37.7700,40.3100,36.3900,39.1100,3808700
2008-10-22,40.1800,40.4900,36.3400,37.6900,2320600
2008-10-21,41.7200,42.4500,40.5600,40.9900,1434500
2008-10-20,39.2700,42.6800,38.5200,42.5000,2337600
2008-10-17,39.4800,40.9700,37.8800,38.9000,2608700
2008-10-16,37.9700,39.9600,36.4600,39.8700,3509600
2008-10-15,39.5900,39.7900,37.7000,37.8500,4109400
2008-10-14,43.3600,46.8600,39.1300,40.1200,4876800
2008-10-13,39.2700,41.9900,37.0000,41.9900,2574200
2008-10-10,36.9000,39.2800,34.2900,38.0000,5669700
2008-10-09,39.1900,42.3000,38.0900,38.0900,5837400
2008-10-08,35.8800,41.0600,35.8800,39.5300,6993400
2008-10-07,45.9000,45.9000,36.7600,38.1600,9016600
2008-10-06,49.0300,49.1400,43.6500,45.5400,4112600
2008-10-03,50.2200,51.2100,49.0800,49.3700,2621600
2008-10-02,50.7500,51.0000,49.5400,49.7500,2817600
2008-10-01,50.0800,51.1600,49.5700,50.8300,2970100
2008-09-30,51.5800,51.8100,49.4200,50.4700,3247000
2008-09-29,52.4500,52.9900,50.5800,50.8400,6162100
2008-09-26,52.7600,53.6700,51.9000,53.1600,1871000
2008-09-25,52.3800,53.7600,52.0100,53.4500,2131000
2008-09-24,52.2000,52.6900,51.5200,52.0900,1764500
2008-09-23,52.7000,53.2900,51.3600,52.1700,1825600
2008-09-22,53.6400,53.7300,52.5200,52.6900,1953200
2008-09-19,52.3200,57.9900,52.0400,53.4900,3319700
2008-09-18,51.6400,53.7800,50.6000,51.7400,4913100
2008-09-17,52.3200,52.7100,48.6500,50.5700,7759400
2008-09-16,55.4200,56.8400,43.3500,53.0400,11718700
2008-09-15,57.6000,57.9700,56.3200,56.4200,3716700
2008-09-12,57.5400,58.7500,57.1500,58.1700,1993100
2008-09-11,56.7400,57.9800,56.1800,57.7000,2165100
2008-09-10,57.2800,57.3600,56.7300,56.9400,1909700
2008-09-09,57.5200,57.8600,56.9200,57.2000,2612900
2008-09-08,56.7500,57.4300,56.2700,57.3600,2031900
2008-09-05,56.1900,56.2500,55.2800,56.0800,1788600
2008-09-04,56.8600,57.1050,55.9100,56.2500,1804700
2008-09-03,58.2000,58.2100,56.8400,57.0500,1523500
2008-09-02,58.2200,58.9900,57.5900,57.7300,1286200
2008-08-29,58.2900,58.6500,57.8000,57.9200,1330800
2008-08-28,58.3100,58.5800,57.7600,58.5800,1254700
2008-08-27,57.2700,58.4400,57.2600,58.0800,1018300
2008-08-26,57.1900,57.8600,57.0600,57.3300,1575000
2008-08-25,57.3000,57.6900,57.1000,57.3500,2127300
2008-08-22,57.1200,57.5800,57.0608,57.4100,1317200
2008-08-21,56.9200,57.1200,56.6000,57.0200,2305500
2008-08-20,56.6800,57.2300,56.3500,57.1300,2097500
2008-08-19,56.9800,57.1800,56.3900,56.7700,1938500
2008-08-18,57.3800,57.7300,57.0900,57.3500,1503500
2008-08-15,56.7100,57.2800,56.6200,57.1300,1160800
2008-08-14,56.6500,56.8500,55.9500,56.5900,1312200
2008-08-13,56.4300,57.3800,56.2600,57.0400,1687500
2008-08-12,57.7400,57.7500,56.5200,56.6600,2238900
2008-08-11,57.1600,57.9100,56.8600,57.7600,2592600
2008-08-08,56.0600,57.2600,55.6300,57.1700,3885700
2008-08-07,57.0000,57.0000,55.5800,55.8100,3602600
2008-08-06,55.7700,56.6400,55.6800,55.9800,3746200
2008-08-05,55.0900,55.8200,54.2650,55.7000,4116900
2008-08-04,55.2100,55.7200,54.6850,54.8300,1974300
2008-08-01,56.4200,56.4200,55.0600,55.1200,2011500
2008-07-31,55.5300,56.2400,55.5000,56.1600,1786500
2008-07-30,54.6800,55.5300,54.2800,55.4700,1494500
2008-07-29,54.4800,54.6600,53.9400,54.6500,1840500
2008-07-28,54.6300,54.6300,53.7000,54.2300,1328500
2008-07-25,55.2400,55.2900,54.3200,54.4800,1639800
2008-07-24,54.5800,55.1000,54.3300,55.0200,2344200
2008-07-23,54.8500,55.0800,54.0400,54.4500,2153400
2008-07-22,54.4700,55.2600,54.4700,54.8900,1544800
2008-07-21,54.7000,54.9800,54.3500,54.7300,1774800
2008-07-18,53.7900,54.9400,53.7900,54.6100,2903300
2008-07-17,54.8500,54.8500,53.3900,53.8100,2889500
2008-07-16,55.9400,56.0100,54.6300,54.9400,5119300
2008-07-15,55.5800,56.2800,55.2700,55.9800,2100500
2008-07-14,55.6700,56.4500,55.6500,55.8400,1654300
2008-07-11,55.6700,56.8000,55.4000,55.9000,1652100
2008-07-10,55.9500,56.2800,55.3900,56.1800,2503300
2008-07-09,55.2900,55.9800,54.6100,55.5700,2068300
2008-07-08,55.5200,55.8850,54.2100,54.9000,3156500
2008-07-07,56.3900,56.5300,55.2400,55.7700,2283500
2008-07-03,57.1600,57.3300,55.9200,56.2600,1609600
2008-07-02,58.0100,58.0300,56.8100,56.8100,1919000
2008-07-01,55.9600,57.8400,55.9000,57.7600,2103700
2008-06-30,55.3900,56.7200,54.9500,56.4500,1657800
2008-06-27,55.3600,55.7200,54.9600,55.2200,2807900
2008-06-26,55.8500,56.1200,55.1700,55.1900,2511000
2008-06-25,55.4000,56.3500,55.1700,55.9800,2022400
2008-06-24,55.5200,55.7300,55.0610,55.4200,1279600
2008-06-23,55.4700,56.1800,55.3800,55.6000,2042900
2008-06-20,55.3800,56.3100,55.2400,55.3700,2638600
2008-06-19,56.2800,56.4400,56.0000,56.2300,1586700
2008-06-18,56.1600,56.7800,55.9000,56.2000,2104100
2008-06-17,56.8500,57.0000,56.3600,56.5700,898400
2008-06-16,56.1400,56.9600,55.7600,56.8500,1554700
2008-06-13,56.4800,56.8400,55.8300,56.4000,1498700
2008-06-12,55.6500,56.2900,55.6500,55.9600,944900
2008-06-11,56.1900,56.4900,55.9200,55.9200,3141200
2008-06-10,56.2900,56.6200,55.6700,56.4100,1196600
2008-06-09,55.5600,56.8200,55.5600,56.4800,1198200
2008-06-06,57.6400,57.9400,56.2600,56.2600,1127500
2008-06-05,57.6200,58.1200,57.0300,58.0100,932500
2008-06-04,56.8100,57.7000,56.6300,57.3300,1134100
2008-06-03,57.0100,57.8400,56.6700,56.7500,1002000
2008-06-02,57.8200,57.8200,56.8800,57.2400,1008400
2008-05-30,58.1500,58.1500,57.6300,57.8100,2759700
2008-05-29,58.2300,58.2800,57.5900,58.0000,1649900
2008-05-28,58.7500,58.9000,57.7950,58.2200,1148600
2008-05-27,57.5100,58.6000,57.5100,58.5800,1786600
2008-05-23,58.8700,59.0100,57.4900,57.5400,1626200
2008-05-22,59.2700,59.8600,58.8400,59.1500,962900
2008-05-21,59.3400,59.8800,59.2000,59.3000,1193500
2008-05-20,59.1900,59.9600,59.0000,59.2700,864200
2008-05-19,59.3300,59.6300,58.9500,59.3500,609200
2008-05-16,58.8400,59.4900,58.6700,59.1900,1077400
2008-05-15,58.7700,59.1800,58.3100,58.7900,1090400
2008-05-14,58.4600,59.0500,58.2000,58.9700,1072200
2008-05-13,58.2000,58.4500,57.3000,58.3100,1072200
2008-05-12,57.4100,57.9200,56.9900,57.8900,2008500
2008-05-09,56.9500,57.5785,56.2500,57.1600,1257900
2008-05-08,57.4100,57.6500,56.4700,57.1600,1392100
2008-05-07,58.0600,58.0800,57.2000,57.2700,1637400
2008-05-06,57.7400,58.1000,56.4600,57.8900,1702100
2008-05-05,58.8500,58.8500,57.1100,57.7300,2172100
2008-05-02,56.0100,59.1600,56.0100,58.8000,4303400
2008-05-01,56.5100,57.5300,56.3800,56.8800,1411000
2008-04-30,56.6700,57.6900,56.4500,56.6700,1432900
2008-04-29,57.0200,57.0500,56.4700,56.6700,1166300
2008-04-28,57.2400,57.8900,56.7000,56.9800,1909100
2008-04-25,57.4000,57.4400,56.6100,57.0400,2256600
2008-04-24,57.7400,57.8500,56.6300,57.2400,1095700
2008-04-23,56.8500,57.5100,56.5600,57.5000,1284500
2008-04-22,56.5600,56.7500,55.9400,56.5200,1334200
2008-04-21,56.9000,57.1700,56.2700,56.7700,1222100
2008-04-18,57.0800,57.4300,56.5400,57.2400,1330700
2008-04-17,56.5800,56.9800,56.5300,56.7800,1734300
2008-04-16,55.5900,56.9200,55.5100,56.8600,1826900
2008-04-15,55.3100,55.9300,55.1300,55.4900,2222800
2008-04-14,55.1100,55.2000,54.5300,55.0700,1398400
2008-04-11,54.1100,55.3000,54.1100,55.0200,1350900
2008-04-10,54.5700,55.1500,53.8700,54.6400,2025100
2008-04-09,55.0800,55.2700,54.1800,54.4600,1906400
2008-04-08,54.8900,55.5300,54.5900,55.1600,1549000
2008-04-07,54.8000,55.5700,54.2700,55.1700,1442600
2008-04-04,54.5000,55.2500,54.2600,54.3000,1375600
2008-04-03,55.0700,55.4700,54.4900,54.6500,1685500
2008-04-02,55.0200,55.7000,54.5800,55.2900,2044100
2008-04-01,53.8800,54.3400,53.0200,54.3100,2439000
2008-03-31,52.9000,53.4400,52.7400,53.2800,1841100
2008-03-28,53.5800,54.4900,52.8400,52.9800,3081000
2008-03-27,53.4800,53.9600,51.8400,53.0000,4034900
2008-03-26,50.4300,51.5600,50.4300,51.0200,1453500
2008-03-25,50.5000,51.0800,50.3800,50.7500,1384600
2008-03-24,49.6300,50.5800,49.5200,50.2500,1777800
2008-03-20,49.9400,50.5300,48.5800,49.5200,3640700
2008-03-19,51.2600,51.7900,50.1100,50.1100,2919900
2008-03-18,51.1200,51.7300,50.5300,51.2700,3158300
2008-03-17,51.6400,52.0000,50.3600,51.0000,3960800
2008-03-14,53.1900,53.3100,51.7200,52.7800,3284100
2008-03-13,52.1800,52.9400,51.1700,52.7000,3199800
2008-03-12,52.9100,53.1800,52.4900,52.6500,2571400
2008-03-11,52.7200,53.0700,51.9800,52.8000,2109400
2008-03-10,52.1900,52.3000,51.5200,51.6700,2213700
2008-03-07,51.9400,52.2400,51.3700,52.1000,2436900
2008-03-06,52.6300,52.7000,51.9000,52.1900,2216700
2008-03-05,52.8100,53.1000,52.1000,52.7500,2719700
2008-03-04,52.3900,53.0800,51.7700,52.5700,3467300
2008-03-03,52.7200,53.4900,52.3600,52.7600,2346100
2008-02-29,54.3700,54.4000,52.5800,53.1300,2826200
2008-02-28,54.6600,54.9000,54.0200,54.8600,2007000
2008-02-27,55.7700,56.4300,54.6900,54.9500,1561200
2008-02-26,55.0000,55.9900,54.4000,55.7700,2408500
2008-02-25,54.2300,55.3900,54.1100,54.8700,3602800
2008-02-22,54.7200,55.0300,54.1300,54.4500,1980400
2008-02-21,55.2900,55.3300,54.2500,54.4200,1299300
2008-02-20,54.8700,55.2900,54.6300,55.2100,1737000
2008-02-19,56.0700,56.0700,55.1500,55.3200,1766800
2008-02-15,55.5100,55.6400,54.8000,55.5400,1632000
2008-02-14,56.2500,57.0800,55.4900,55.7300,1868000
2008-02-13,56.8400,57.1200,56.0000,56.3800,1662100
2008-02-12,55.5500,56.7300,55.1200,56.5500,1619900
2008-02-11,55.5000,55.7000,54.6790,55.1200,2166700
2008-02-08,55.4100,55.9200,55.0000,55.6100,1914100
2008-02-07,55.9300,56.0900,55.2200,55.8600,1749200
2008-02-06,56.4800,57.0700,56.0400,56.1700,1369300
2008-02-05,57.2100,57.6200,56.1500,56.1500,1602300
2008-02-04,56.8300,58.6300,56.8300,58.1100,1295300
2008-02-01,56.3200,57.1300,55.5100,56.9800,1382700
2008-01-31,54.1100,56.2800,53.9400,55.9000,2185400
2008-01-30,55.1000,56.3300,54.6000,54.8500,1756500
2008-01-29,55.0000,55.8700,54.5700,54.9900,1211800
2008-01-28,54.0600,55.0100,54.0000,54.7900,1144800
2008-01-25,55.1200,55.5700,53.9000,54.0900,1354500
2008-01-24,56.6600,56.8000,54.8600,54.9800,2420200
2008-01-23,54.0100,56.1600,52.6800,56.1100,3054100
2008-01-22,55.2900,56.0300,53.8900,55.0900,2492800
2008-01-18,58.9000,58.9000,56.8500,57.3000,1972600
2008-01-17,61.2800,61.2800,58.4500,58.5600,2658000
2008-01-16,61.2600,62.4800,60.4200,60.4400,2493300
2008-01-15,61.8600,62.5400,61.4600,61.6500,1549700
2008-01-14,62.9500,62.9900,62.2800,62.4500,858400
2008-01-11,61.5800,63.0000,61.4500,62.5700,1347600
2008-01-10,61.6100,62.4300,61.1900,61.7800,1233300
2008-01-09,60.7600,61.9600,60.5450,61.9500,1255800
2008-01-08,60.7800,61.9700,60.7000,60.9800,1258100
2008-01-07,60.4800,61.0400,60.1200,60.6000,2253700
2008-01-04,60.5000,60.8200,60.1100,60.2500,1717400
2008-01-03,61.5500,61.8900,60.8100,60.8500,979200
2008-01-02,61.9600,62.3500,61.2600,61.4100,913100
2007-12-31,61.9400,62.4800,61.7600,61.8800,531700
2007-12-28,61.8100,62.8200,61.8100,62.2600,828700
2007-12-27,61.9600,62.4300,61.7400,61.7800,500000
2007-12-26,62.6200,62.8900,62.1900,62.3200,481200
2007-12-24,62.5600,63.1400,62.2500,63.0700,181700
2007-12-21,62.2500,62.8600,61.0000,62.7200,1392800
2007-12-20,61.8800,62.0500,61.0969,61.4000,1104400
2007-12-19,61.4200,62.1100,61.2300,61.3400,1094700
2007-12-18,60.7900,61.7800,60.7900,61.7800,1071000
2007-12-17,61.0000,61.3400,60.8100,61.0200,1068100
2007-12-14,62.4100,62.4600,61.0600,61.1800,878400
2007-12-13,61.3500,62.7400,61.3500,62.6300,827500
2007-12-12,63.4200,63.5100,61.6100,62.1600,1714700
2007-12-11,63.8300,64.2100,62.1500,62.1500,1097900
2007-12-10,63.8200,63.9900,63.4300,63.8600,752500
2007-12-07,64.0700,64.0700,62.8300,63.5900,933100
2007-12-06,63.8700,63.9700,63.2400,63.8200,1297300
2007-12-05,63.2900,64.0000,62.8300,63.8900,1671200
2007-12-04,61.8900,63.3600,61.8900,62.8300,1123100
2007-12-03,62.2500,62.8500,61.8100,62.3000,1063100
2007-11-30,62.8800,62.8800,61.8700,62.6200,1463700
2007-11-29,62.1600,62.8400,61.6200,62.2600,1052600
2007-11-28,61.4300,62.4800,61.4200,62.4800,1284800
2007-11-27,61.4100,61.5050,60.8500,61.4000,1708800
2007-11-26,60.4600,61.4000,60.3000,60.9300,1857000
2007-11-23,60.6000,60.9000,59.9900,60.5800,421300
2007-11-21,60.5300,61.6100,60.5000,60.5600,1180200
2007-11-20,61.0000,61.3900,60.4900,61.1600,1703400
2007-11-19,59.6100,61.2300,59.6100,60.9000,1795400
2007-11-16,59.4100,60.1100,58.7100,60.1100,1679800
2007-11-15,58.6100,59.5400,58.6100,58.9500,986300
2007-11-14,59.9900,60.4500,58.9000,58.9600,1405700
2007-11-13,59.6400,59.7600,58.6000,59.5100,1626700
2007-11-12,59.7700,60.2600,59.0500,59.2600,2261100
2007-11-09,60.8500,61.3900,60.0000,60.0000,1830000
2007-11-08,60.4500,62.1300,60.2300,61.5400,1978900
2007-11-07,61.6700,61.7000,60.1500,60.1600,1399400
2007-11-06,62.3600,62.5000,61.7200,62.3300,1148900
2007-11-05,61.2100,62.4700,60.9000,62.0200,1476000
2007-11-02,61.0000,62.0000,60.5000,61.2100,1280800
2007-11-01,60.9800,61.6500,60.1000,60.2000,1704900
2007-10-31,60.7000,61.8000,60.3500,61.5100,949900
2007-10-30,60.4500,61.0500,60.2300,60.3400,765700
2007-10-29,60.3300,60.8000,60.2200,60.6000,946100
2007-10-26,59.8500,60.2500,59.5000,60.0500,1334500
2007-10-25,58.5400,59.6800,58.4200,59.5500,965500
2007-10-24,58.3700,58.7400,57.8200,58.5600,1448400
2007-10-23,58.9000,59.3800,58.1400,58.7200,1023200
2007-10-22,57.7200,58.6300,57.6200,58.5300,1166000
2007-10-19,59.3000,59.5500,58.1600,58.1600,1497100
2007-10-18,59.6000,59.8800,59.1400,59.5100,1054900
2007-10-17,60.4100,60.7000,59.0900,59.6100,1647600
2007-10-16,59.7100,60.6200,59.5200,59.8800,2201700
2007-10-15,59.5000,59.9200,59.0000,59.7800,2378300
2007-10-12,59.2800,59.8000,59.1300,59.2700,1395000
2007-10-11,58.6000,59.6900,58.5100,59.3400,1738900
2007-10-10,58.7000,58.9000,58.2400,58.3700,1124400
2007-10-09,58.2900,59.0400,58.2100,58.9400,1543300
2007-10-08,58.5900,58.7500,58.0700,58.1400,937500
2007-10-05,58.8500,59.1700,58.2800,58.6000,1715600
2007-10-04,58.6500,58.7700,58.2900,58.6400,1085200
2007-10-03,58.2500,58.3500,57.8600,58.3200,854300
2007-10-02,58.8700,59.1200,58.1200,58.2500,1340800
2007-10-01,58.4000,59.5000,58.1200,58.9800,1333100
2007-09-28,58.7100,59.4500,58.0800,58.1200,1748900
2007-09-27,59.0000,59.2600,58.5000,58.9000,1132100
2007-09-26,58.8600,59.8600,58.7400,59.0000,1493200
2007-09-25,58.8600,59.1800,58.5200,58.7000,1390100
2007-09-24,59.7100,60.0100,59.1500,59.2500,1452900
2007-09-21,59.8600,60.3300,59.1300,59.8400,2508100
2007-09-20,59.2100,59.6300,58.7800,59.1300,1430500
2007-09-19,58.7000,59.5300,58.3000,59.4500,1802600
2007-09-18,56.5600,58.5900,56.4100,58.2600,2625600
2007-09-17,56.0000,56.6300,55.8800,56.5100,1659500
2007-09-14,55.5000,56.3800,55.4400,56.2900,1810700
2007-09-13,56.5700,56.8100,55.7600,55.8500,1564900
2007-09-12,56.0500,56.3000,55.3300,56.0800,1821500
2007-09-11,55.2900,56.4900,55.1800,56.2300,2166300
2007-09-10,54.7800,55.2000,54.0000,55.0300,1657300
2007-09-07,54.0100,54.9300,53.9200,54.5100,1651300
2007-09-06,54.2500,54.9600,53.5900,54.8600,1822100
2007-09-05,54.8100,54.9600,54.1100,54.4900,1479100
2007-09-04,54.9900,55.8800,54.4600,55.3500,1121200
2007-08-31,55.1000,55.4100,54.4000,55.0300,1158100
2007-08-30,54.2800,55.3400,54.0900,54.5600,1244200
2007-08-29,53.8100,54.9700,53.8100,54.8700,1261900
2007-08-28,53.7500,54.7100,53.4200,53.6000,1793600
2007-08-27,55.7400,55.8500,53.7500,53.9400,2052400
2007-08-24,54.4500,55.9900,54.4100,55.9700,1611300
2007-08-23,54.3100,54.9200,54.0300,54.5300,1477600
2007-08-22,54.2400,54.6500,53.6200,54.1300,1759800
2007-08-21,53.5000,54.4800,53.2700,53.8600,1336200
2007-08-20,54.1600,54.2800,53.3200,54.0000,2055300
2007-08-17,56.2100,56.3300,52.2780,53.6800,2504400
2007-08-16,51.6600,52.8200,50.9500,52.6300,5491800
2007-08-15,53.0700,54.1600,52.1000,52.2100,2462400
2007-08-14,54.5800,54.7500,53.2500,53.2800,2151900
2007-08-13,54.8000,55.2300,54.5000,54.7000,3233600
2007-08-10,53.4800,54.1400,52.3800,53.4800,3162400
2007-08-09,55.4400,55.5700,53.0100,53.6000,3789900
2007-08-08,56.2300,57.6700,55.3200,56.1400,2653700
2007-08-07,55.2200,56.6100,54.7800,56.1200,2469900
2007-08-06,54.0400,55.7500,53.3100,55.6900,2480700
2007-08-03,57.5500,57.6000,53.9300,53.9300,2957300
2007-08-02,55.8700,56.4100,55.1600,56.3500,2784700
2007-08-01,53.7500,55.0000,53.3500,54.8500,2884900
2007-07-31,53.5000,54.0400,52.6900,52.7200,2994800
2007-07-30,53.0800,53.3700,52.2700,53.1500,2588500
2007-07-27,54.4300,54.6500,53.1000,53.1000,2826500
2007-07-26,56.1500,56.3300,53.9300,54.5400,2798700
2007-07-25,56.9100,57.5400,56.4300,56.9000,2878000
2007-07-24,58.1400,58.8800,56.5700,56.6700,1843200
2007-07-23,58.9600,59.6100,58.3200,58.5200,1944000
2007-07-20,59.6000,59.9500,58.7000,58.7100,2168900
2007-07-19,59.0000,59.7500,58.4400,59.6800,2770400
2007-07-18,57.9200,58.0300,57.3300,57.8900,3186500
2007-07-17,58.6500,58.8000,57.9100,58.0400,1472300
2007-07-16,58.5000,58.9900,58.1100,58.4000,1686400
2007-07-13,58.5000,58.9900,57.9700,58.8100,1987000
2007-07-12,58.3600,58.6600,58.1600,58.6200,3210600
2007-07-11,58.9500,59.2400,57.8000,58.2500,3044700
2007-07-10,59.8700,60.2600,58.9200,59.3100,3640000
2007-07-09,60.5000,62.2500,60.3000,60.7400,3567500
2007-07-06,59.5800,59.6200,58.6300,59.3000,1177400
2007-07-05,60.2600,61.0200,59.1500,59.6200,1284100
2007-07-03,60.4700,60.9400,59.8700,60.2600,593000
2007-07-02,59.8200,60.8200,59.1000,60.4400,1142800
2007-06-29,59.0500,59.8400,58.6000,59.2300,1124000
2007-06-28,58.9300,60.2500,58.7500,58.9300,1281900
2007-06-27,57.8000,59.1600,57.5900,59.0700,1870200
2007-06-26,59.5000,60.0200,58.3500,58.4300,1483500
2007-06-25,59.0500,60.3500,58.7700,59.0300,1384500
2007-06-22,60.1000,60.4100,58.7600,58.8500,1784600
2007-06-21,60.3100,60.7700,59.8100,60.4800,1945700
2007-06-20,62.3500,62.4000,60.3100,60.3100,2425000
2007-06-19,60.2500,62.2500,59.7000,62.0300,3294300
2007-06-18,59.8000,60.0200,58.8800,58.9500,784500
2007-06-15,59.9600,60.0200,59.6100,59.8000,1340800
2007-06-14,59.4500,59.9100,58.6700,59.2000,1049200
2007-06-13,58.8300,59.4400,58.4200,59.2300,1664700
2007-06-12,59.0000,59.3300,58.3300,58.3400,1491000
2007-06-11,59.1000,59.9000,59.1000,59.2900,1521000
2007-06-08,58.6100,59.2500,57.7500,59.1000,2875000
2007-06-07,59.1500,59.5500,57.0400,57.1500,2402200
2007-06-06,60.2400,60.2400,59.1700,59.4300,1486100
2007-06-05,61.0800,61.2500,59.9500,60.2400,1554300
2007-06-04,61.3400,61.7500,60.9600,61.5600,1078100
2007-06-01,61.6075,61.8600,60.9100,61.3600,1655200
2007-05-31,62.0600,62.2000,61.1600,61.3200,1755000
2007-05-30,61.4200,61.9700,61.2200,61.8800,1424700
2007-05-29,61.7400,62.0500,61.0000,61.6900,1720400
2007-05-25,62.5000,62.6800,61.3700,61.8800,1244900
2007-05-24,64.4200,64.7100,62.0400,62.2100,2499400
2007-05-23,64.8600,65.4400,64.4300,64.5200,3116100
2007-05-22,64.4000,65.0300,64.0700,64.5000,1867700
2007-05-21,64.0000,64.5500,63.9800,64.3200,1609800
2007-05-18,63.6000,64.0500,63.4200,64.0500,1213800
2007-05-17,63.1200,63.5400,62.8900,63.2400,1576600
2007-05-16,62.8300,63.1600,62.6200,63.1500,1051700
2007-05-15,62.2000,63.5300,61.9900,62.5000,1201300
2007-05-14,62.0200,62.3900,61.8600,62.0200,959400
2007-05-11,62.0000,62.1600,61.7600,62.1300,1103500
2007-05-10,62.1100,62.3600,61.5600,61.9000,1348500
2007-05-09,62.4000,62.5200,62.0900,62.3100,1075600
2007-05-08,62.5900,62.6600,62.0300,62.4500,1266500
2007-05-07,63.2600,63.5300,62.7000,62.7300,1266900
2007-05-04,63.5200,63.5200,62.8100,63.0300,1126400
2007-05-03,63.6800,64.0200,62.9250,63.5100,1308000
2007-05-02,62.7500,63.4800,62.5800,63.2400,1915800
2007-05-01,63.7625,64.0300,63.1900,63.7400,1272300
2007-04-30,64.2300,64.4000,63.4000,63.4800,1161200
2007-04-27,64.4700,64.5000,63.7900,64.1300,1426400
2007-04-26,65.2900,66.1900,64.8100,64.8100,1553700
2007-04-25,65.5000,66.3800,65.5000,66.2900,1491500
2007-04-24,64.7200,65.6800,64.5400,65.5100,2175700
2007-04-23,64.1100,64.8800,63.7900,64.8200,1000200
2007-04-20,64.1000,64.5300,63.6200,64.2600,1326200
2007-04-19,63.8500,64.0200,63.5200,63.6200,1406800
2007-04-18,65.0100,65.2600,63.5100,63.8000,1448200
2007-04-17,64.2500,64.5700,63.9400,64.4500,938500
2007-04-16,64.7000,64.7600,63.5700,64.1200,1041900
2007-04-13,64.3300,64.3600,63.5800,63.8500,904300
2007-04-12,63.7100,64.4000,63.4200,64.3200,2625700
2007-04-11,62.8500,63.7500,62.7800,63.6500,2126400
2007-04-10,62.4600,62.9800,62.2500,62.9100,1795300
2007-04-09,61.7800,62.4000,61.4300,62.2500,1610100
2007-04-05,61.5900,61.7500,61.3600,61.4000,1296200
2007-04-04,61.7500,62.1400,61.2800,61.5900,910800
2007-04-03,61.8200,62.1400,61.6100,61.8200,1322600
2007-04-02,60.1500,61.9500,60.1300,61.9400,1311700
2007-03-30,61.4300,61.5600,60.1000,61.0100,1844400
2007-03-29,62.2700,62.3900,60.6900,61.4300,2488600
2007-03-28,62.2600,62.5700,61.8900,61.9100,1261500
2007-03-27,61.9700,62.4500,61.7000,62.2600,1016500
2007-03-26,61.9400,62.2600,61.6200,62.2000,887700
2007-03-23,61.6100,62.2700,61.5100,61.9900,1230400
2007-03-22,61.8600,63.0300,61.5500,61.8600,987800
2007-03-21,60.9460,61.9600,60.8500,61.8000,1197600
2007-03-20,60.5800,61.2100,60.1600,61.1100,1174900
2007-03-19,60.5800,60.9700,60.4100,60.5300,845300
2007-03-16,60.3000,60.8300,60.0600,60.1600,1414600
2007-03-15,60.1500,60.6900,59.7000,60.5600,1321000
2007-03-14,59.8800,60.2300,59.1500,60.1400,1278300
2007-03-13,60.3900,60.9100,59.6100,59.6100,1442200
2007-03-12,59.8500,60.6900,59.7000,60.6400,1435000
2007-03-09,60.1200,60.2500,59.6000,59.8500,703000
2007-03-08,60.1100,60.2000,59.6400,59.8800,1375800
2007-03-07,59.3390,60.0300,59.2900,59.5800,1275000
2007-03-06,58.2200,59.5000,57.8500,59.3900,1872500
2007-03-05,58.9000,59.1300,58.1400,58.1400,1325900
2007-03-02,59.8200,60.1000,59.3100,59.3300,1073000
2007-03-01,59.7500,60.5600,59.1900,60.1500,1457000
2007-02-28,60.8200,60.8300,59.7600,60.0500,1675400
2007-02-27,61.4400,62.5300,60.3000,60.4000,3174000
2007-02-26,60.8100,61.9600,60.8000,61.5500,2387000
2007-02-23,61.4500,61.4500,60.5100,60.6000,1332400
2007-02-22,60.6100,60.9000,59.5200,60.4500,962500
2007-02-21,60.1500,60.4700,59.9600,60.3600,1344800
2007-02-20,60.4500,60.6300,60.1600,60.6200,897600
2007-02-16,60.2000,60.5800,60.0800,60.4500,656600
2007-02-15,60.8100,60.9300,60.4000,60.4500,883800
2007-02-14,60.7500,61.2400,60.7000,60.9000,862800
2007-02-13,60.4500,60.7400,60.3100,60.7000,739500
2007-02-12,60.2900,60.7400,60.1000,60.2500,502600
2007-02-09,60.6600,61.0000,60.0700,60.3700,610000
2007-02-08,60.1200,60.8700,60.0100,60.6400,904100
2007-02-07,59.3500,60.5100,59.3200,60.1300,1296300
2007-02-06,58.4800,59.4800,58.2900,59.2900,1121200
2007-02-05,57.7100,58.3700,57.6000,58.2100,587800
2007-02-02,57.7100,57.9300,57.6400,57.7900,465400
2007-02-01,57.3800,57.8700,57.2500,57.7100,871500
2007-01-31,56.8500,57.4500,56.5260,57.3800,669700
2007-01-30,56.8600,57.1100,56.7800,57.0300,756500
2007-01-29,57.1900,57.1900,56.6900,56.8500,975200
2007-01-26,57.3400,57.3400,56.6300,57.3000,1338300
2007-01-25,57.9000,58.0000,57.3500,57.3500,707000
2007-01-24,57.4000,58.0100,57.2600,58.0000,818400
2007-01-23,56.5000,57.4000,56.3000,57.3500,1371400
2007-01-22,55.8300,56.4200,55.5800,56.3800,1641000
2007-01-19,55.9300,56.0300,55.5600,55.9500,862800
2007-01-18,56.1200,56.2200,55.6500,55.7300,564900
2007-01-17,56.2400,56.2600,55.7600,55.9000,1261300
2007-01-16,55.6500,56.4900,55.5100,56.2300,855700
2007-01-12,55.8900,55.9000,55.3100,55.4800,732200
2007-01-11,55.8100,56.0600,55.6300,55.7900,666200
2007-01-10,55.3300,55.7900,55.3000,55.6300,954700
2007-01-09,55.2000,55.7500,54.9800,55.6300,1290100
2007-01-08,54.9800,55.3000,54.7300,54.9900,2000600
2007-01-05,56.2700,56.2700,55.0800,55.1900,1222300
2007-01-04,56.6100,57.0600,56.2400,56.2700,810600
2007-01-03,55.9500,57.1200,55.9400,56.7700,1430400
2006-12-29,56.3700,56.3800,55.9100,56.0400,600800
2006-12-28,56.1600,56.4700,56.0400,56.3300,567300
2006-12-27,57.0000,57.3452,55.9300,56.1500,1442600
2006-12-26,55.2800,55.4400,55.0400,55.2900,330700
2006-12-22,55.3100,55.3800,54.8800,55.2100,445800
2006-12-21,55.6500,55.7800,54.9500,55.1800,1511400
2006-12-20,55.7000,56.0100,55.4900,55.5300,956700
2006-12-19,56.0300,56.3100,55.6200,56.1400,883800
2006-12-18,56.7500,57.0400,56.1300,56.4100,936800
2006-12-15,56.4000,56.8400,56.3300,56.7500,2000500
2006-12-14,56.5100,56.8300,56.4000,56.7800,1724200
2006-12-13,56.5000,56.6900,56.1900,56.3600,1069900
2006-12-12,55.9400,56.3700,55.8700,56.3600,1301500
2006-12-11,55.6100,55.9100,55.4400,55.8300,810700
2006-12-08,55.8500,55.9800,55.3200,55.6400,599300
2006-12-07,56.1000,56.2500,55.7700,55.8500,738400
2006-12-06,56.1000,56.2500,55.9700,56.1000,1066100
2006-12-05,55.5800,56.1400,55.5390,56.0800,763300
2006-12-04,55.1000,55.7200,55.1000,55.6400,959800
2006-12-01,54.6100,55.0500,54.5700,55.0500,1097500
2006-11-30,55.2400,55.3000,53.9600,54.5000,3214200
2006-11-29,54.7500,55.2500,54.4100,55.1800,1016500
2006-11-28,53.7300,54.4900,53.5600,54.4000,1138200
2006-11-27,54.5100,54.5400,53.5700,53.7400,1300400
2006-11-24,54.4620,54.7400,54.4500,54.5100,201700
2006-11-22,54.6700,55.0300,54.5500,54.7500,651700
2006-11-21,54.8600,54.8800,54.4800,54.7200,798700
2006-11-20,54.5900,54.9300,54.2050,54.9100,790700
2006-11-17,54.7500,54.8400,54.4600,54.5900,758900
2006-11-16,54.7000,55.1600,54.7000,54.8300,1077000
2006-11-15,54.4100,54.5600,54.1100,54.3500,1062400
2006-11-14,54.3000,54.4900,54.0700,54.4000,787200
2006-11-13,53.8700,54.4100,53.8400,54.3000,846800
2006-11-10,53.7000,53.8900,53.3000,53.8900,1437600
2006-11-09,52.8900,53.2000,52.6000,53.1200,1075500
2006-11-08,52.1700,52.9500,52.0700,52.7300,1554100
2006-11-07,52.1000,52.4700,52.0400,52.1600,1012400
2006-11-06,52.5800,52.6300,51.9700,52.1100,1718600
2006-11-03,52.9800,53.0000,52.3600,52.5700,882000
2006-11-02,53.2600,53.5000,53.0775,53.1800,1723100
2006-11-01,53.1500,53.5000,53.0200,53.1200,1019300
2006-10-31,52.9000,53.1200,52.8300,53.0400,787700
2006-10-30,53.1000,53.5200,52.7100,52.9100,740900
2006-10-27,53.5700,53.7200,53.0500,53.1000,475600
2006-10-26,53.4400,53.6700,53.1400,53.5700,628400
2006-10-25,53.3200,53.8000,53.2500,53.4400,1075500
2006-10-24,53.1000,53.2500,52.7500,53.2400,1175500
2006-10-23,53.3000,53.6300,53.0000,53.4400,1163100
2006-10-20,53.5700,53.8500,53.3100,53.8100,790900
2006-10-19,53.2200,53.5400,53.1400,53.4300,1018400
2006-10-18,53.2400,53.5900,53.2400,53.5100,1108800
2006-10-17,52.7800,53.2400,52.7800,53.0500,1360800
2006-10-16,52.2500,52.8100,52.0300,52.7800,1446700
2006-10-13,52.2900,52.2900,51.9600,52.2500,1120000
2006-10-12,51.4800,52.3800,51.1600,52.2300,1305000
2006-10-11,51.6300,51.6800,51.3000,51.6200,999000
2006-10-10,51.2500,51.7000,51.0000,51.6300,1037800
2006-10-09,51.3800,51.5100,51.1100,51.3000,787300
2006-10-06,51.6000,51.7100,50.9100,51.2600,1082500
2006-10-05,51.3900,51.7500,51.3900,51.6000,842800
2006-10-04,51.2000,51.4900,50.9200,51.4500,1124300
2006-10-03,50.7100,51.6400,50.1900,51.3400,1701300
2006-10-02,50.2500,50.9500,50.2500,50.5600,1191400
2006-09-29,50.7500,50.9100,50.1100,50.2500,1248500
2006-09-28,50.5200,50.7800,50.3200,50.7500,1031400
2006-09-27,49.5900,50.5700,49.4300,50.4700,999600
2006-09-26,49.7000,49.7500,49.3900,49.7200,1044600
2006-09-25,49.0400,50.0700,48.9400,49.6700,1377100
2006-09-22,48.9500,49.1100,48.6900,48.7900,774600
2006-09-21,49.0900,49.2600,48.8300,48.9400,721600
2006-09-20,49.0100,49.3100,48.8900,49.0900,627600
2006-09-19,48.8600,49.1900,48.7200,48.9800,667500
2006-09-18,49.2100,49.2700,48.5000,48.7100,875900
2006-09-15,49.2000,49.5700,49.1400,49.4700,947100
2006-09-14,49.1000,49.4700,48.9100,48.9200,831300
2006-09-13,49.9300,49.9300,48.9900,49.1700,1541600
2006-09-12,49.7700,49.9900,49.3900,49.8300,919700
2006-09-11,49.8600,50.0400,49.5700,49.6700,1017600
2006-09-08,49.5000,50.0000,49.4500,49.8600,1550800
2006-09-07,49.1400,49.5000,48.9600,49.3500,1256200
2006-09-06,48.9200,49.2300,48.6400,49.1400,1266600
2006-09-05,49.7400,49.7800,48.9900,49.1400,1241900
2006-09-01,49.9200,50.1400,49.6800,49.7000,1234800
2006-08-31,49.2000,49.7300,49.1900,49.7200,660700
2006-08-30,49.5000,49.5000,48.9100,49.0900,978500
2006-08-29,49.3800,49.5500,48.9600,49.3700,1141900
2006-08-28,48.1700,49.2900,48.1700,49.2300,1124100
2006-08-25,48.0200,48.5400,48.0100,48.4100,698000
2006-08-24,47.7200,48.2000,47.5900,48.1200,881700
2006-08-23,48.1300,48.2700,47.5300,47.7700,608400
2006-08-22,47.7700,48.4000,47.7300,48.2600,982700
2006-08-21,47.5200,47.9100,47.5100,47.6100,388200
2006-08-18,47.3800,47.8300,47.2800,47.6900,681700
2006-08-17,46.9500,47.3700,46.5600,47.3200,853500
2006-08-16,47.6400,47.7400,47.1100,47.1100,1202000
2006-08-15,47.1900,47.4400,46.9600,47.3500,1128200
2006-08-14,47.1400,47.2800,46.8400,46.9300,530600
2006-08-11,47.2000,47.2000,46.8600,47.0400,378100
2006-08-10,47.5000,47.6900,47.1600,47.2000,901700
2006-08-09,47.7500,47.9500,47.4600,47.6500,1000500
2006-08-08,47.2900,47.7800,47.1300,47.3100,926600
2006-08-07,47.5100,47.7600,47.2100,47.3200,1281500
2006-08-04,48.3500,48.3500,47.2400,47.4400,1169700
2006-08-03,48.4300,48.5900,47.7100,47.8700,1236900
2006-08-02,48.7200,48.7200,47.7400,47.9300,1105100
2006-08-01,48.1100,48.5800,47.9100,48.5700,1079800
2006-07-31,48.2600,48.4000,47.9100,48.2600,777200
2006-07-28,48.0800,48.6400,47.8870,48.4700,1095600
2006-07-27,48.1300,48.5800,47.9500,48.0800,858900
2006-07-26,47.3200,48.2800,47.3200,48.0700,828800
2006-07-25,47.4900,47.6700,47.2900,47.5400,1213300
2006-07-24,47.2600,47.8000,47.1800,47.5000,965500
2006-07-21,47.0400,47.5800,46.7100,47.0200,1039200
2006-07-20,46.8500,47.1300,46.5700,46.7000,930500
2006-07-19,45.3100,46.7000,45.3100,46.6900,1335800
2006-07-18,44.9500,45.3100,44.8800,45.2100,838500
2006-07-17,44.7800,45.2300,44.4200,45.0100,679800
2006-07-14,45.0600,45.2800,44.5000,44.9100,682900
2006-07-13,45.4800,45.7900,44.9200,45.1600,965200
2006-07-12,45.8800,45.9800,45.4700,45.4700,701100
2006-07-11,45.3300,45.8600,45.0700,45.8100,826300
2006-07-10,46.3000,46.5000,45.1700,45.3300,1674100
2006-07-07,45.8100,46.2800,45.7400,46.0800,834900
2006-07-06,45.8600,46.0400,45.5900,45.9900,1067800
2006-07-05,46.0000,46.2000,45.6000,45.9300,1173800
2006-07-03,45.8500,46.2500,45.4600,46.2500,353200
2006-06-30,45.5000,45.6000,45.0700,45.4800,974200
2006-06-29,45.0000,45.4000,44.7000,45.1400,991800
2006-06-28,43.9800,44.8900,43.9100,44.8400,866100
2006-06-27,44.0900,44.4700,43.6600,43.8000,741100
2006-06-26,43.8900,44.3600,43.8900,44.1700,593000
2006-06-23,43.7000,44.2800,43.7000,43.8600,721400
2006-06-22,44.4600,44.6600,43.8100,44.1700,1183800
2006-06-21,43.6800,44.6500,43.6200,44.4600,1179000
2006-06-20,43.8000,43.8800,43.4700,43.6700,896400
2006-06-19,44.5300,44.5300,43.6800,43.6800,874400
2006-06-16,43.9200,44.5000,43.9200,44.3800,1023800
2006-06-15,43.4100,44.2200,43.4100,44.1400,1176900
2006-06-14,43.5100,43.8500,42.9000,43.3600,1045500
2006-06-13,44.4800,44.7700,43.6200,43.6600,838700
2006-06-12,44.8000,45.2100,44.4400,44.4700,1195700
2006-06-09,44.5500,44.9000,44.4900,44.6900,967400
2006-06-08,44.4700,45.0300,44.2900,44.8300,1340200
2006-06-07,45.0500,45.0500,44.4400,44.4500,675300
2006-06-06,45.0300,45.2000,44.4500,44.9000,1305000
2006-06-05,45.8000,45.8400,45.0700,45.0800,754900
2006-06-02,45.0700,46.1700,45.0500,46.1100,837300
2006-06-01,45.1400,45.2900,44.7300,45.2000,1095100
2006-05-31,44.8400,45.4900,44.5000,44.9700,1294800
2006-05-30,45.1800,45.2900,44.5600,44.6900,912200
2006-05-26,45.5000,45.5000,44.9200,45.1700,887500
2006-05-25,44.9500,45.3500,44.7300,45.2200,859300
2006-05-24,44.7800,45.1300,44.0900,44.8400,1428700
2006-05-23,45.0200,45.7000,44.7100,44.8000,1660700
2006-05-22,44.0400,45.6500,43.9000,45.3000,1558000
2006-05-19,44.0000,44.5000,43.6200,44.0400,1284100
2006-05-18,43.3700,44.0000,43.3700,43.6500,728900
2006-05-17,44.0000,44.4500,43.2700,43.3700,1041400
2006-05-16,45.0000,45.0400,44.3000,44.3800,892400
2006-05-15,44.3900,44.9300,44.2000,44.9300,758300
2006-05-12,45.1300,45.2300,44.3400,44.3600,939600
2006-05-11,45.6800,45.6900,45.0200,45.1500,654100
2006-05-10,45.2200,46.0000,45.1900,45.8100,636800
2006-05-09,46.4800,46.6500,45.3000,45.4200,1349700
2006-05-08,47.0000,47.1900,46.4000,46.4800,941300
2006-05-05,46.2500,46.9900,46.0700,46.9500,812000
2006-05-04,45.5000,46.3000,45.3800,46.0000,1363200
2006-05-03,45.0800,45.4200,44.6100,45.2400,1418900
2006-05-02,46.1300,46.5000,45.3100,45.3200,1901300
2006-05-01,45.8300,46.2000,45.7700,46.1300,969500
2006-04-28,45.8800,46.1500,45.5400,46.0200,885300
2006-04-27,45.5600,46.5000,45.2400,46.1300,1078600
2006-04-26,45.5000,45.8000,45.3700,45.5600,740200
2006-04-25,45.8000,45.8900,45.1600,45.5000,1401800
2006-04-24,45.8000,46.2600,45.3200,46.1300,885300
2006-04-21,46.1000,46.3000,45.7500,45.9000,872500
2006-04-20,45.5200,46.0900,45.4500,45.8000,991100
2006-04-19,46.3200,46.3600,45.5400,45.7100,864900
2006-04-18,45.0500,46.3200,44.7900,46.3200,2036500
2006-04-17,44.7000,44.7800,44.3100,44.7200,891200
2006-04-13,44.9100,45.0500,44.4400,44.6600,533900
2006-04-12,44.6800,45.1300,44.6500,45.1200,829500
2006-04-11,45.4800,45.6000,44.4500,44.6800,1308000
2006-04-10,46.0000,46.0000,45.3600,45.5500,890800
2006-04-07,46.7400,46.9300,45.7800,45.8800,1142900
2006-04-06,46.7500,46.9000,46.4400,46.7500,1195900
2006-04-05,46.5200,47.2900,46.1100,47.0700,1070200
2006-04-04,46.5500,46.8200,46.4000,46.5600,1143500
2006-04-03,46.7100,46.9400,46.4700,46.5000,1223600
2006-03-31,46.5200,46.8200,46.1800,46.4600,2172800
2006-03-30,46.7100,46.9500,46.3500,46.5300,1166900
2006-03-29,46.6500,46.8900,46.4700,46.7100,1140200
2006-03-28,46.4900,46.8600,46.0300,46.7700,1169400
2006-03-27,47.1000,47.1000,46.4100,46.6700,879500
2006-03-24,46.7500,47.2200,46.4600,47.2200,919000
2006-03-23,46.3000,47.0000,46.0900,46.9200,1043000
2006-03-22,46.2500,46.4800,45.9600,46.4100,829800
2006-03-21,46.6900,46.7100,46.2900,46.3800,1572400
2006-03-20,47.1000,47.3400,46.6200,46.8000,711200
2006-03-17,47.5000,47.5000,46.9400,47.2300,1272800
2006-03-16,46.9800,47.2600,46.8600,47.2400,858000
2006-03-15,46.8000,47.0000,46.5200,46.8300,627200
2006-03-14,46.6400,47.0600,46.3000,46.9500,588600
2006-03-13,46.5700,46.7900,46.4100,46.6400,445800
2006-03-10,45.8000,46.6300,45.6900,46.5100,1074000
2006-03-09,46.1200,46.3300,45.6800,45.8100,1713600
2006-03-08,46.2500,46.3700,45.3900,46.1400,981300
2006-03-07,45.9600,46.3100,45.3400,46.3000,1391000
2006-03-06,46.4700,46.6100,45.8800,46.0000,1249400
2006-03-03,47.1400,47.4700,46.3100,46.6500,2364600
2006-03-02,47.7200,48.0800,47.5700,47.9900,996200
2006-03-01,47.8400,48.0000,47.6700,47.9700,679500
2006-02-28,48.1700,48.2100,47.4900,47.8400,1215100
2006-02-27,48.1000,48.6300,48.0700,48.2800,1356200
2006-02-24,48.5800,48.8400,48.3300,48.5800,1236500
2006-02-23,48.3500,48.7800,48.0300,48.5000,840500
2006-02-22,49.0000,49.5400,48.6400,48.7200,1507600
2006-02-21,47.7000,48.5700,47.6200,48.4500,1148700
2006-02-17,47.1500,47.9300,47.1500,47.8600,792800
2006-02-16,46.6000,47.2600,46.6000,47.2100,909500
2006-02-15,46.6500,47.1100,46.5200,46.7300,583100
2006-02-14,46.6500,46.8500,46.1800,46.7000,833100
2006-02-13,46.6800,46.9900,46.5700,46.7000,589300
2006-02-10,46.7000,47.1500,46.6000,46.8800,769900
2006-02-09,46.6700,47.4100,46.5000,46.7100,536600
2006-02-08,47.0000,47.0400,46.5000,46.8100,565300
2006-02-07,46.9500,47.0400,46.6400,47.0100,598700
2006-02-06,47.1300,47.1800,46.7400,47.0800,454100
2006-02-03,47.1900,47.3600,46.6300,47.0200,725300
2006-02-02,48.0500,48.1400,47.0200,47.4400,855400
2006-02-01,47.8700,48.2300,47.8700,48.2000,628800
2006-01-31,47.8000,48.2500,47.6300,48.0500,900600
2006-01-30,48.1500,48.3600,48.0400,48.1600,663900
2006-01-27,47.7500,48.7500,47.7500,48.2500,743600
2006-01-26,47.9700,48.1000,47.4300,47.9000,815600
2006-01-25,48.1300,48.3200,47.4775,47.8300,1094300
2006-01-24,47.5500,48.2000,47.3900,48.0800,917800
2006-01-23,47.6500,47.9200,47.4000,47.5500,650300
2006-01-20,47.7500,48.2000,47.5700,47.7300,1218500
2006-01-19,47.5700,47.8600,47.3800,47.6800,624600
2006-01-18,47.8200,47.9000,47.4701,47.6400,864500
2006-01-17,47.2200,47.6400,46.9000,47.6000,509000
2006-01-13,46.8700,47.2500,46.6000,47.2200,550800
2006-01-12,46.9100,47.2500,46.6900,46.7000,857000
2006-01-11,46.8000,46.9500,46.4500,46.9100,857200
2006-01-10,46.5600,46.7600,46.4500,46.6300,1161500
2006-01-09,47.0000,47.1000,46.4000,46.5500,845500
2006-01-06,47.0000,47.1500,46.4700,46.9900,1873200
2006-01-05,47.0000,47.6600,46.7600,46.8200,3859900
2006-01-04,46.2500,46.3400,45.1700,45.5400,1482900
2006-01-03,45.0400,46.1800,44.6600,46.1400,1096100
2005-12-30,44.6000,44.9600,44.3700,44.8400,723800
2005-12-29,44.8600,45.0800,44.6900,44.7500,433800
2005-12-28,44.8500,45.0600,44.5900,44.8700,782700
2005-12-27,45.1600,45.2900,44.8500,44.9100,751600
2005-12-23,45.4200,45.4500,45.1100,45.1400,478700
2005-12-22,45.6200,45.8800,45.2000,45.2600,692500
2005-12-21,45.8300,45.9900,45.3700,45.5800,1233200
2005-12-20,45.5300,45.8900,45.3500,45.8300,885000
2005-12-19,46.3200,46.5300,45.4900,45.8300,908700
2005-12-16,46.5500,46.7100,46.4000,46.5700,1292700
2005-12-15,46.4500,46.5400,46.0500,46.4800,854100
2005-12-14,45.7500,46.6700,45.7500,46.5000,1058300
2005-12-13,45.0400,45.7600,45.0300,45.6000,755900
2005-12-12,45.7500,46.0400,44.9500,45.0200,724300
2005-12-09,45.1900,45.7500,45.0600,45.5100,898300
2005-12-08,44.5800,45.0900,44.2600,44.9900,1469000
2005-12-07,44.6400,44.7300,43.9400,44.2500,1482200
2005-12-06,44.9000,45.1100,44.6000,44.6400,933600
2005-12-05,44.4500,44.9300,44.2700,44.8200,1167400
2005-12-02,44.2200,44.5600,44.0400,44.5400,1062200
2005-12-01,44.2000,44.4500,43.8800,44.2100,1354600
2005-11-30,44.2800,44.9200,43.9400,43.9500,1959600
2005-11-29,44.1300,44.6700,44.1000,44.2800,1782200
2005-11-28,43.3900,43.7100,43.1700,43.5200,1487800
2005-11-25,43.6100,43.6500,43.2900,43.5000,607200
2005-11-23,43.6500,43.7600,43.1600,43.4100,1666600
2005-11-22,42.9500,43.7700,42.5400,43.7200,1237000
2005-11-21,42.2900,43.1100,42.2700,43.1000,1207500
2005-11-18,42.6500,42.9800,41.9400,42.3400,1458600
2005-11-17,41.8500,43.1400,41.8500,42.6000,1869700
2005-11-16,42.0700,42.5700,41.8600,42.4300,1525700
2005-11-15,43.1500,43.4000,42.4300,42.4500,1066300
2005-11-14,43.0500,43.2600,42.7801,43.0500,890100
2005-11-11,43.7900,43.7900,42.9700,43.2300,580900
2005-11-10,43.8800,44.1100,43.0700,43.8100,910500
2005-11-09,43.1000,44.1600,43.0800,43.8800,773400
2005-11-08,42.7900,43.3500,42.5600,43.1000,931500
2005-11-07,43.0000,43.4300,42.5700,42.9600,920400
2005-11-04,43.5500,43.5500,42.4600,42.8000,756200
2005-11-03,42.9500,43.1700,42.1600,43.0300,1436600
2005-11-02,43.9500,44.9300,42.7900,43.0000,1811700
2005-11-01,44.1000,44.1600,43.0000,43.1500,1415700
2005-10-31,43.2500,44.5300,43.2201,44.3000,1275300
2005-10-28,42.5000,43.1900,42.4500,43.0400,837600
2005-10-27,42.3500,42.8700,41.7300,42.2500,894900
2005-10-26,42.8200,43.3600,42.1600,42.5000,1100800
2005-10-25,42.6700,43.3800,42.5200,43.0300,850000
2005-10-24,41.6000,42.9200,41.2300,42.8800,1010200
2005-10-21,41.5200,42.0900,41.2500,41.4600,946700
2005-10-20,42.6900,43.0600,41.1000,41.4400,902800
2005-10-19,42.7200,42.7200,41.1000,42.6900,1377900
2005-10-18,43.3800,43.4400,42.3000,42.7200,1033200
2005-10-17,42.9500,43.9300,42.6500,43.2900,821200
2005-10-14,43.0300,43.3700,42.5900,42.9400,600400
2005-10-13,43.0200,43.4300,42.4200,42.8000,1902100
2005-10-12,43.4000,44.0000,42.9100,43.1500,1146900
2005-10-11,43.6700,44.3300,43.6100,43.6200,935400
2005-10-10,43.9700,43.9700,43.1000,43.4500,1005300
2005-10-07,43.6400,44.0500,43.4900,43.9700,913300
2005-10-06,44.8700,45.1900,42.8800,43.4300,1721200
2005-10-05,46.4500,46.6300,44.8000,44.8700,1293600
2005-10-04,47.3000,47.8600,46.3700,46.4600,1150700
2005-10-03,46.9000,47.6000,46.9000,47.4900,796200
2005-09-30,46.6300,47.4300,46.6300,47.0600,797800
2005-09-29,45.7600,46.9300,45.5800,46.8000,648500
2005-09-28,45.5700,46.6900,45.5700,45.9900,1167500
2005-09-27,45.3700,45.4900,45.0100,45.4100,881300
2005-09-26,45.5000,45.9000,45.3800,45.6600,835200
2005-09-23,45.4000,45.5700,45.1500,45.5000,521700
2005-09-22,45.5400,45.7000,44.6000,45.3500,1022400
2005-09-21,46.1400,46.2000,45.1300,45.4900,1128900
2005-09-20,46.7500,46.8200,45.9200,45.9200,962600
2005-09-19,46.7700,47.2400,46.5200,46.7300,763700
2005-09-16,46.1300,46.9100,45.7500,46.7600,1658000
2005-09-15,45.8000,46.3800,45.6100,45.9500,644100
2005-09-14,45.0200,45.9400,44.8400,45.9000,1151800
2005-09-13,45.0500,45.2900,44.8200,44.8300,916200
2005-09-12,45.7700,45.8900,45.2700,45.3000,911500
2005-09-09,45.1500,46.0700,45.0000,45.7000,923600
2005-09-08,45.3800,45.5900,44.9660,44.9800,1329300
2005-09-07,45.2900,45.7900,45.0200,45.7800,1047800
2005-09-06,45.1500,45.6600,45.1000,45.1800,1042700
2005-09-02,45.4900,45.6700,45.0900,45.1400,1123400
2005-09-01,44.8000,45.5300,44.5500,45.5000,1101500
2005-08-31,44.2500,44.8900,43.9600,44.8200,1795000
2005-08-30,44.0000,44.3800,43.7600,44.2500,1272200
2005-08-29,43.8000,44.2100,43.4000,44.1800,959500
2005-08-26,44.2500,44.2500,43.8700,43.9900,766700
2005-08-25,44.1900,44.3500,43.9000,44.2200,1025600
2005-08-24,44.1500,44.5200,43.9900,44.0000,1083500
2005-08-23,44.1000,44.5000,44.0600,44.2900,1209100
2005-08-22,43.6900,44.2500,43.6700,44.2400,1003800
2005-08-19,43.4400,43.6700,43.0300,43.5000,1037000
2005-08-18,42.7500,44.0500,42.5000,43.4400,2552200
2005-08-17,42.0000,42.6500,42.0000,42.5200,2691500
2005-08-16,42.4900,42.5500,41.9800,41.9900,876400
2005-08-15,42.0500,42.5900,42.0500,42.4900,799100
2005-08-12,42.3500,42.4800,41.9500,42.1400,608400
2005-08-11,42.1000,42.5900,42.0500,42.5000,814700
2005-08-10,42.1800,42.5100,41.8900,42.1000,1130000
2005-08-09,41.7000,42.0800,41.5100,41.9900,1334500
2005-08-08,42.0100,42.2000,41.0200,41.1000,1159800
2005-08-05,42.7500,42.7600,41.8200,42.0000,1484300
2005-08-04,43.0200,43.0800,42.5200,42.8500,1285800
2005-08-03,42.6700,43.7300,42.6000,43.1800,1110400
2005-08-02,42.2700,42.9600,42.1700,42.9000,1074500
2005-08-01,42.6000,42.6500,41.7500,42.0200,1205300
2005-07-29,42.2500,42.6800,42.2500,42.5000,652600
2005-07-28,42.0600,42.5000,41.9800,42.3500,538000
2005-07-27,42.1500,42.3800,41.7500,42.0300,813000
2005-07-26,41.9300,42.2700,41.9300,42.1500,668400
2005-07-25,42.1800,42.7200,42.0200,42.0500,659100
2005-07-22,41.9900,42.3100,41.9000,42.2700,659500
2005-07-21,42.5200,42.5200,41.7500,41.9900,991300
2005-07-20,42.1000,42.7000,42.1000,42.6200,654500
2005-07-19,42.2900,42.4800,42.2400,42.3400,643200
2005-07-18,42.3400,42.5000,42.2300,42.2400,524600
2005-07-15,42.2700,42.6200,42.2300,42.3400,849400
2005-07-14,42.6000,42.9300,42.2000,42.2600,1242800
2005-07-13,42.6100,42.6700,42.3100,42.5500,515100
2005-07-12,42.2500,42.7700,42.1500,42.6000,885600
2005-07-11,42.1000,42.5700,41.9000,42.3300,740500
2005-07-08,41.7500,42.0300,41.6500,42.0000,813200
2005-07-07,41.0000,41.9600,40.9800,41.8800,891600
2005-07-06,41.8200,42.0000,41.2900,41.6400,1236500
2005-07-05,41.8200,42.1000,41.7100,41.8200,1274700
2005-07-01,41.3500,41.8300,41.3100,41.8200,839000
2005-06-30,41.1000,41.7100,41.0800,41.3100,1266000
2005-06-29,40.9300,41.0600,40.7500,40.9800,1099200
2005-06-28,40.7700,40.8900,40.6500,40.8800,793600
2005-06-27,40.6200,40.8800,40.3500,40.7600,701500
2005-06-24,40.8600,41.3000,40.4700,40.6200,1315900
2005-06-23,40.5300,40.9300,40.2500,40.8500,2137100
2005-06-22,40.3500,40.6100,40.3000,40.5200,1313500
2005-06-21,39.9200,40.4900,39.8200,40.1500,3193400
2005-06-20,40.0400,40.2500,39.9400,40.1100,1555500
2005-06-17,39.9900,40.2600,39.7200,40.1300,1644500
2005-06-16,39.9200,40.0000,39.6400,39.9700,874500
2005-06-15,40.1500,40.2500,39.7900,39.9200,879600
2005-06-14,40.1400,40.3500,39.9800,40.1000,687900
2005-06-13,39.9500,40.3100,39.8000,40.3000,625800
2005-06-10,39.9000,40.1600,39.8200,40.0500,518400
2005-06-09,40.0000,40.0000,39.7200,39.9200,681800
2005-06-08,39.9500,40.0500,39.8000,39.9500,1019300
2005-06-07,39.7500,40.3600,39.6600,39.7000,1066800
2005-06-06,39.8000,39.8300,39.5000,39.7500,793500
2005-06-03,39.6500,39.9300,39.5900,39.7800,925600
2005-06-02,39.7900,39.7900,39.5500,39.6600,1032800
2005-06-01,39.6000,39.9300,39.4600,39.8000,1106600
2005-05-31,39.3000,39.8000,39.2900,39.6700,1497800
2005-05-27,39.1000,39.2900,39.0500,39.2200,940000
2005-05-26,38.7000,39.1700,38.6700,39.0500,1092900
2005-05-25,38.5500,38.8400,38.4700,38.5500,956500
2005-05-24,38.5900,38.8400,38.4650,38.6800,1008500
2005-05-23,38.6000,38.6600,38.3800,38.5900,1045400
2005-05-20,38.8500,38.8500,38.4700,38.5400,1192100
2005-05-19,38.7500,38.9600,38.6400,38.8500,1795000
2005-05-18,38.7600,38.8900,38.6000,38.7500,1227700
2005-05-17,38.1500,38.9200,38.1000,38.7500,2168900
2005-05-16,37.7700,38.1600,37.3500,38.0800,1169400
2005-05-13,38.5800,38.6500,37.0700,37.8200,1869500
2005-05-12,39.8200,39.8200,38.1400,38.3700,2057300
2005-05-11,38.8700,39.1900,38.6600,39.0500,931500
2005-05-10,38.9800,39.1300,38.7600,38.9200,1083500
2005-05-09,39.1000,39.2300,38.5800,39.2300,1073000
2005-05-06,39.2000,39.4400,39.0500,39.1300,864700
2005-05-05,39.8300,39.8500,38.9000,38.9800,1470100
2005-05-04,40.2500,40.3200,38.9400,39.5000,2141300
2005-05-03,40.4900,40.7500,40.2100,40.4800,791300
2005-05-02,40.4800,40.7000,40.0500,40.4100,658800
2005-04-29,39.2500,40.4400,39.0800,40.3800,1053100
2005-04-28,39.9400,39.9400,39.0900,39.1800,697900
2005-04-27,40.0000,40.3100,39.6500,39.9500,720400
2005-04-26,39.8100,40.2100,39.6000,39.9000,903000
2005-04-25,40.0000,40.2500,39.8300,40.0000,833800
2005-04-22,39.5500,40.0000,39.5300,39.8400,707400
2005-04-21,38.8500,39.7000,38.7100,39.6700,916700
2005-04-20,39.7000,39.7400,38.6400,38.6400,1038600
2005-04-19,38.8100,39.8100,38.7900,39.8000,655900
2005-04-18,38.6400,38.9300,38.2500,38.8100,968000
2005-04-15,39.4500,39.7100,38.6300,38.6300,958200
2005-04-14,40.2100,40.3500,39.6200,39.6200,803400
2005-04-13,40.6800,40.6800,40.2300,40.3100,727700
2005-04-12,40.2300,40.9000,39.9500,40.7800,1141800
2005-04-11,40.2300,40.3500,39.9400,40.2300,748100
2005-04-08,40.5800,40.6500,40.1100,40.2300,435600
2005-04-07,40.4600,40.7500,40.3000,40.5800,597100
2005-04-06,40.4000,40.8600,40.3100,40.4600,754900
2005-04-05,39.9700,40.5000,39.9100,40.3500,533900
2005-04-04,40.0400,40.1000,39.5000,40.0000,681900
2005-04-01,40.0000,40.2800,39.7400,40.0400,983300
2005-03-31,39.3500,39.9500,39.3000,39.8400,785600
2005-03-30,39.0500,39.4900,38.8300,39.3000,1646600
2005-03-29,39.5500,39.7400,38.9300,38.9300,1150500
2005-03-28,39.5000,39.8900,39.4700,39.6200,668400
2005-03-24,39.2100,39.7400,39.1500,39.4500,864400
2005-03-23,39.2600,39.3700,38.5400,39.2300,1664900
2005-03-22,40.5200,40.7500,39.3500,39.4600,3114400
2005-03-21,40.5600,40.8700,40.3600,40.8300,1201400
2005-03-18,40.8000,40.9000,40.2200,40.5600,1615700
2005-03-17,40.5300,41.0000,40.5000,40.7900,908000
2005-03-16,40.6700,40.8400,40.3500,40.4200,1092000
2005-03-15,41.0500,41.2700,40.5300,40.6600,842100
2005-03-14,39.8000,40.9800,39.7400,40.9700,1452000
2005-03-11,40.3500,40.6900,39.9900,39.9900,983100
2005-03-10,40.9000,40.9000,40.2200,40.7000,1773800
2005-03-09,41.4500,41.6000,40.8100,40.8500,1296300
2005-03-08,42.1800,42.5400,41.7200,41.8900,2051300
2005-03-07,41.0200,42.1800,41.0200,42.1800,2126500
2005-03-04,40.2200,41.0500,40.2100,40.8500,853900
2005-03-03,40.5500,40.6500,39.9000,40.1900,1151200
2005-03-02,40.3000,40.6800,40.0900,40.3900,694900
2005-03-01,40.0000,40.7500,40.0000,40.4800,1912400
2005-02-28,39.6000,40.3500,39.6000,40.0000,1305100
2005-02-25,39.4500,39.8900,39.2500,39.6400,1844800
2005-02-24,39.6600,39.7500,39.5200,39.5800,1829500
2005-02-23,39.7500,39.9700,39.5000,39.6500,2847900
2005-02-22,39.5000,39.6700,39.1600,39.2800,2446600
2005-02-18,40.0000,40.0000,39.3800,39.5000,1598500
2005-02-17,40.2800,40.4200,39.8900,40.0000,1157200
2005-02-16,40.0500,40.3500,40.0000,40.3300,722400
2005-02-15,40.5000,40.5400,39.9700,40.0600,1057700
2005-02-14,40.4200,40.7400,40.1700,40.5000,947900
2005-02-11,40.0200,40.6100,39.9000,40.2900,1036000
2005-02-10,39.8000,40.0600,39.6000,39.9100,1524500
2005-02-09,39.5000,39.8400,39.2200,39.5100,1367100
2005-02-08,39.7500,39.8500,39.0900,39.3800,1686000
2005-02-07,38.9100,39.1000,38.7400,39.0000,1464200
2005-02-04,37.9000,38.9100,37.9000,38.9100,1168400
2005-02-03,37.6000,38.0800,37.3400,38.0300,765900
2005-02-02,37.3700,37.7800,37.2200,37.7500,842900
2005-02-01,37.1500,37.4400,36.9600,37.3700,841300
2005-01-31,36.9300,37.2500,36.8400,37.2200,752100
2005-01-28,36.9800,36.9800,36.4000,36.9000,791600
2005-01-27,36.7500,36.9600,36.5500,36.9500,1643600
2005-01-26,36.2500,36.7900,36.1000,36.7100,969800
2005-01-25,36.4300,36.6200,36.1800,36.2800,808200
2005-01-24,36.0400,36.5000,36.0100,36.2200,465200
2005-01-21,36.3300,36.5400,36.0200,36.0500,560000
2005-01-20,36.4500,36.6100,36.2400,36.4400,716600
2005-01-19,36.8100,36.8500,36.4400,36.5200,673800
2005-01-18,36.2500,37.0500,36.2400,36.7100,886200
2005-01-14,36.0800,36.4200,35.8500,36.3800,453900
2005-01-13,35.9100,36.1000,35.6900,35.9600,598300
2005-01-12,36.2100,36.2100,35.5300,35.8400,854700
2005-01-11,36.2000,36.3100,35.9000,36.1100,489900
2005-01-10,36.0500,36.3000,36.0500,36.1500,646900
2005-01-07,36.0700,36.2300,35.9400,36.0500,2697700
2005-01-06,36.0000,36.0700,35.7000,36.0700,840400
2005-01-05,36.1000,36.2200,35.6200,35.7500,846800
2005-01-04,36.2000,36.5300,36.1000,36.2100,952100
2005-01-03,36.6000,36.7500,36.1100,36.3000,642300
2004-12-31,36.7200,36.9200,36.6500,36.6800,890700
2004-12-30,36.6500,36.8900,36.6500,36.8100,393500
2004-12-29,36.9200,37.0200,36.6000,36.7600,446400
2004-12-28,36.6000,36.9900,36.5600,36.9000,610000
2004-12-27,37.0200,37.0500,36.6700,36.7500,445000
2004-12-23,37.1300,37.2200,36.9300,37.1500,321900
2004-12-22,37.1000,37.3500,37.0200,37.2000,762100
2004-12-21,37.1000,37.3700,36.9000,36.9700,1132200
2004-12-20,36.8100,37.3400,36.6700,37.1000,1325100
2004-12-17,36.0700,37.0300,36.0700,37.0000,1422300
2004-12-16,36.2400,36.4600,35.7000,36.3200,908400
2004-12-15,35.8600,36.1800,35.8600,36.1600,535800
2004-12-14,35.9500,36.0500,35.5900,36.0500,488300
2004-12-13,35.6000,35.9600,35.3100,35.9600,454600
2004-12-10,36.2200,36.2200,34.8700,35.4000,688100
2004-12-09,35.5000,35.9000,35.4500,35.5800,712500
2004-12-08,35.5800,35.8400,35.5600,35.5900,698200
2004-12-07,35.9000,36.3100,35.7200,35.7800,749400
2004-12-06,36.0800,36.3200,36.0000,36.1500,1028600
2004-12-03,36.0000,36.3800,35.5600,36.3000,1431000
2004-12-02,36.5500,36.7300,36.0800,36.3000,867900
2004-12-01,36.9800,37.2600,36.6600,36.7100,1152700
2004-11-30,37.2600,37.2600,36.8400,36.9800,966300
2004-11-29,37.7400,37.7400,37.0000,37.2600,846500
2004-11-26,37.5500,37.9300,37.5500,37.7400,400300
2004-11-24,37.4900,37.8800,37.0000,37.8000,1540600
2004-11-23,37.2500,37.5900,36.9700,37.5900,939400
2004-11-22,36.6300,37.1600,36.5500,37.1200,844700
2004-11-19,37.3300,37.4500,36.5300,36.5300,1281400
2004-11-18,36.5500,37.5000,36.5000,37.3300,1723500
2004-11-17,36.7800,36.9400,36.3500,36.6500,1041000
2004-11-16,36.8800,37.0600,36.7000,36.8800,867500
2004-11-15,36.9600,36.9600,36.3000,36.8600,906700
2004-11-12,36.3000,36.8000,36.2100,36.8000,1512900
2004-11-11,35.7800,36.1800,35.7200,36.1800,1424600
2004-11-10,35.5000,35.9500,35.4400,35.7800,1957500
2004-11-09,35.5200,35.7200,35.2900,35.4500,986900
2004-11-08,35.4000,35.5900,35.3000,35.5000,797500
2004-11-05,35.1500,35.7500,34.8200,35.3500,1090900
2004-11-04,34.7100,35.3400,34.6800,35.1600,1809100
2004-11-03,34.0300,34.7600,33.9800,34.7100,1560400
2004-11-02,33.9200,34.2000,33.7200,33.7800,1083900
2004-11-01,33.8000,34.2100,33.6000,34.1600,1791200
2004-10-29,33.1000,33.6200,33.1000,33.5400,783100
2004-10-28,33.5000,33.5900,33.0000,33.2000,1449200
2004-10-27,33.5200,33.9800,33.4700,33.6800,1205800
2004-10-26,33.8000,33.8300,33.4400,33.5300,3727500
2004-10-25,34.1000,34.4500,34.1000,34.3400,1710000
2004-10-22,33.6900,34.2100,33.6900,34.1000,2389500
2004-10-21,33.5000,33.8400,33.3700,33.6900,2531600
2004-10-20,32.2500,33.4500,32.1500,33.3500,3402300
2004-10-19,33.1500,33.1500,31.0000,32.6400,8782900
2004-10-18,36.2500,36.4000,32.6100,33.1500,8352800
2004-10-15,36.2000,36.7400,36.1100,36.3400,870900
2004-10-14,36.0500,36.0600,35.7600,35.8200,716500
2004-10-13,36.5000,36.7300,35.6500,36.0000,1466800
2004-10-12,37.0000,37.2700,36.9900,37.1900,993100
2004-10-11,37.0000,37.0000,36.7800,36.9500,308100
2004-10-08,36.0700,36.9900,36.0700,36.9600,587600
2004-10-07,36.9500,36.9800,36.4500,36.5300,364500
2004-10-06,36.7900,36.9500,36.5100,36.9500,520100
2004-10-05,36.8500,36.8600,36.5500,36.6200,905900
2004-10-04,36.5000,36.9300,36.5000,36.7000,840900
2004-10-01,36.2900,36.6700,36.1100,36.5000,747000
2004-09-30,36.2000,36.2400,35.9300,36.1900,1209300
2004-09-29,36.1900,36.3600,36.0000,36.2500,920400
2004-09-28,36.0500,36.2900,35.9900,36.2400,585900
2004-09-27,35.6500,36.1000,35.5300,36.0400,640800
2004-09-24,35.9100,35.9500,35.6600,35.9000,871300
2004-09-23,36.3700,36.4000,35.8900,35.9100,554700
2004-09-22,36.3900,36.4000,36.1500,36.3700,584300
2004-09-21,36.3000,36.4900,36.2500,36.4000,740600
2004-09-20,36.5000,36.5700,36.2500,36.2900,725000
2004-09-17,36.5800,36.6800,36.4900,36.6000,779400
2004-09-16,36.3000,36.5800,36.3000,36.5000,455300
2004-09-15,36.7000,36.7600,36.1800,36.2800,654000
2004-09-14,36.6500,36.7400,36.4100,36.7000,889700
2004-09-13,36.5000,36.5600,36.3300,36.5100,544700
2004-09-10,36.6000,36.6300,36.3200,36.4400,512300
2004-09-09,36.8000,36.9000,36.4000,36.4600,782000
2004-09-08,36.9900,36.9900,36.5300,36.6100,465900
2004-09-07,36.9500,37.1900,36.8800,37.1900,433000
2004-09-03,36.9500,36.9800,36.4800,36.8800,534400
2004-09-02,36.5600,36.9700,36.5600,36.9000,572100
2004-09-01,36.2000,36.7500,36.2000,36.7500,895000
2004-08-31,36.1100,36.1900,35.9500,36.1500,859100
2004-08-30,36.2000,36.2300,36.0100,36.1100,387900
2004-08-27,36.3500,36.3900,36.1600,36.2000,373600
2004-08-26,36.4900,36.4900,36.1300,36.3000,545700
2004-08-25,36.0000,36.5000,35.9100,36.5000,898500
2004-08-24,36.4800,36.5100,35.8500,35.9800,1767600
2004-08-23,36.7000,36.7400,36.3100,36.3600,558700
2004-08-20,36.3500,36.7000,36.2300,36.7000,813900
2004-08-19,36.1000,36.6000,35.9200,36.4000,827500
2004-08-18,35.8500,36.3700,35.8400,36.3400,647900
2004-08-17,36.0000,36.0000,35.6700,35.8500,650700
2004-08-16,35.6000,36.0000,35.4800,35.7300,754900
2004-08-13,35.7000,35.7300,35.3700,35.5300,577900
2004-08-12,35.6300,35.6300,35.2700,35.5400,589100
2004-08-11,35.7500,35.7500,35.2500,35.5300,1066000
2004-08-10,36.0000,36.0000,35.3700,35.6400,1194000
2004-08-09,36.0900,36.1200,35.8100,35.8100,880400
2004-08-06,36.0000,36.4300,35.6400,36.0900,1541500
2004-08-05,36.2500,36.2500,35.5300,36.0000,1416600
2004-08-04,36.0500,36.4600,35.8600,36.4600,1167900
2004-08-03,36.0000,36.0900,35.8300,36.0500,1359700
2004-08-02,35.7500,35.9900,35.5100,35.9400,821300
2004-07-30,35.5000,35.7500,35.3900,35.7500,543400
2004-07-29,35.3000,35.6400,35.2300,35.5800,514300
2004-07-28,34.9500,35.2400,34.6700,35.1400,587900
2004-07-27,35.1000,35.1900,34.7500,34.7900,1030600
2004-07-26,34.9000,35.1000,34.8000,34.9800,689100
2004-07-23,35.4000,35.5000,34.7500,34.8300,744100
2004-07-22,35.4000,35.6200,35.1700,35.4500,802300
2004-07-21,36.4000,36.4000,35.4100,35.4100,1058600
2004-07-20,35.9500,36.2600,35.8700,36.1100,1257600
2004-07-19,35.3700,35.9900,35.2000,35.9500,1373000
2004-07-16,34.9700,35.4500,34.5600,35.4500,2204100
2004-07-15,34.3500,34.8800,34.3100,34.8200,1072600
2004-07-14,34.2800,34.6700,34.1500,34.2400,1239700
2004-07-13,34.4400,34.4900,34.2600,34.2700,626400
2004-07-12,34.4500,34.4800,34.2500,34.2900,495700
2004-07-09,34.7000,34.7300,34.3100,34.5000,584300
2004-07-08,34.6500,34.8400,34.5000,34.5600,627600
2004-07-07,34.5500,34.8900,34.5500,34.8000,848700
2004-07-06,34.5000,34.7300,34.3700,34.7000,573800
2004-07-02,34.1500,34.7500,34.1500,34.5700,425500
2004-07-01,34.3500,34.5100,33.9700,34.2700,747800
2004-06-30,34.0000,34.4400,33.8800,34.4300,724800
2004-06-29,34.1700,34.3000,33.8200,34.0200,832900
2004-06-28,34.5000,34.7800,34.4000,34.4800,906600
2004-06-25,34.5000,34.5700,34.2600,34.4700,717900
2004-06-24,34.4900,34.6900,34.4600,34.5600,665000
2004-06-23,34.6000,34.6500,34.2500,34.4500,687800
2004-06-22,34.5000,34.6900,34.3000,34.5900,1095800
2004-06-21,34.4500,34.5700,34.3400,34.5100,883100
2004-06-18,34.4000,34.6200,34.3700,34.6000,1162100
2004-06-17,34.4000,34.5100,34.2400,34.5000,877400
2004-06-16,34.5500,34.7000,34.1900,34.4000,832200
2004-06-15,34.7000,34.9000,34.3100,34.3900,948200
2004-06-14,34.3500,34.8300,34.2500,34.6500,1112100
2004-06-10,33.9000,34.5300,33.8900,34.5200,1062100
2004-06-09,33.9600,34.1200,33.8800,33.8900,883900
2004-06-08,34.2000,34.2000,33.7600,33.8900,701300
2004-06-07,33.4000,34.2700,33.3600,34.2700,1127300
2004-06-04,33.5000,33.8500,33.2200,33.2400,1801500
2004-06-03,33.7500,34.1000,33.4200,33.4200,2341700
2004-06-02,33.3500,33.4800,33.1400,33.4500,675300
2004-06-01,33.3700,33.4400,33.1300,33.2500,942000
2004-05-28,32.9900,33.4100,32.9500,33.3700,1185900
2004-05-27,32.4800,32.9600,32.4600,32.9400,640700
2004-05-26,32.4700,32.6200,32.1600,32.4600,506800
2004-05-25,31.4700,32.3900,31.2700,32.3900,627700
2004-05-24,31.4000,31.5900,31.2600,31.4700,719400
2004-05-21,31.2500,31.5400,31.0500,31.2200,948500
2004-05-20,31.0800,31.4000,31.0700,31.2000,434200
2004-05-19,31.5000,31.7200,30.9400,31.0800,629400
2004-05-18,31.4200,31.5300,31.2100,31.2100,795800
2004-05-17,31.5000,31.5600,31.0100,31.4100,840800
2004-05-14,31.2700,31.7700,31.1900,31.6400,576800
2004-05-13,31.3000,31.4000,31.1100,31.2700,536000
2004-05-12,31.1500,31.3400,30.8000,31.3300,902700
2004-05-11,31.3600,31.4900,31.0400,31.1500,1018200
2004-05-10,32.0000,32.0000,31.3100,31.3500,1182800
2004-05-07,32.8000,32.8800,32.0200,32.2100,1264500
2004-05-06,32.8800,32.9700,32.7600,32.9300,1241700
2004-05-05,32.4800,32.9700,32.3900,32.8900,1254300
2004-05-04,32.1500,32.4900,32.0900,32.4500,1077500
2004-05-03,31.7000,32.2300,31.5200,32.2300,1121900
2004-04-30,31.4000,31.7900,31.3200,31.7500,1249200
2004-04-29,31.5500,32.1000,31.1200,31.4000,2144300
2004-04-28,31.5000,31.5400,31.1500,31.2200,1331500
2004-04-27,31.7400,31.7400,31.5000,31.6500,655900
2004-04-26,31.7300,31.8500,31.5400,31.7500,523800
2004-04-23,31.3500,31.9400,31.3500,31.7400,742900
2004-04-22,31.0500,31.6700,31.0000,31.5200,549000
2004-04-21,31.2000,31.2400,30.8700,31.2000,661000
2004-04-20,31.1500,31.4700,31.0000,31.2500,755200
2004-04-19,31.2700,31.3300,31.1100,31.1600,647900
2004-04-16,31.3500,31.3500,31.0400,31.2700,1098000
2004-04-15,31.3000,31.5000,31.0100,31.2400,871900
2004-04-14,31.4500,31.5600,31.0500,31.3000,1245600
2004-04-13,31.6700,31.7400,30.9200,31.1000,743200
2004-04-12,32.1400,32.3100,31.6800,31.7200,601900
2004-04-08,32.1900,32.4000,32.1000,32.1100,594900
2004-04-07,32.1000,32.3500,31.9500,32.1900,833400
2004-04-06,32.1000,32.1800,31.7600,32.1000,701800
2004-04-05,32.0000,32.1500,31.9000,32.1100,642500
2004-04-02,32.0100,32.2900,31.8400,32.1100,591800
2004-04-01,31.7500,32.2000,31.7500,32.0100,562400
2004-03-31,31.8800,31.9900,31.6500,31.8000,646900
2004-03-30,31.2000,31.9300,31.1100,31.8800,736900
2004-03-29,31.1000,31.2200,30.8000,31.1900,730300
2004-03-26,31.1000,31.3000,31.0000,31.0300,839300
2004-03-25,31.3000,31.4300,31.2300,31.2400,721800
2004-03-24,31.1900,31.3200,31.0700,31.2400,595400
2004-03-23,31.3000,31.3500,30.9100,31.3100,799700
2004-03-22,31.6500,31.6800,31.1700,31.4000,719100
2004-03-19,31.8000,32.1000,31.6300,31.6500,783900
2004-03-18,32.6200,32.6200,31.9000,31.9600,803700
2004-03-17,32.2500,32.9500,32.2300,32.8800,874700
2004-03-16,32.0000,32.2400,31.8700,32.1200,737200
2004-03-15,31.7000,31.9300,31.5800,31.8100,486100
2004-03-12,31.5700,32.0800,31.5400,31.9100,441500
2004-03-11,32.1200,32.4000,31.6900,31.7100,553000
2004-03-10,32.8200,32.8500,32.2000,32.3300,556000
2004-03-09,32.9000,32.9000,32.5700,32.7200,701700
2004-03-08,32.9600,32.9700,32.8300,32.9000,448400
2004-03-05,32.8500,32.9900,32.7400,32.9600,826100
2004-03-04,32.6000,32.9500,32.5500,32.8500,529600
2004-03-03,32.3900,32.6700,32.3400,32.6700,902900
2004-03-02,32.3800,32.4800,32.2000,32.4000,893200
2004-03-01,32.2000,32.4900,32.1000,32.3800,1070300
2004-02-27,31.1800,31.8600,31.1800,31.7000,1175200
2004-02-26,31.3500,31.7500,31.3500,31.6800,871600
2004-02-25,31.3000,31.7500,31.2500,31.5700,930200
2004-02-24,31.2500,31.4900,31.0600,31.3800,1264900
2004-02-23,30.9700,31.0500,30.8400,30.9100,509700
2004-02-20,31.1000,31.1000,30.8000,30.9400,732200
2004-02-19,31.3000,31.4200,31.0000,31.0100,625400
2004-02-18,31.0300,31.2200,31.0300,31.1000,664900
2004-02-17,31.0200,31.3000,30.9900,31.1500,490000
2004-02-13,31.2800,31.3400,31.0100,31.0100,280300
2004-02-12,31.2000,31.4300,31.1800,31.3000,485100
2004-02-11,31.1000,31.5300,30.8900,31.5200,674800
2004-02-10,30.8100,31.2900,30.7500,31.2700,719800
2004-02-09,31.0100,31.0500,30.8000,30.8100,527100
2004-02-06,30.9400,31.1400,30.8000,31.1400,443600
2004-02-05,30.8500,31.0300,30.8400,30.9300,992900
2004-02-04,31.0000,31.0000,30.6700,30.9000,798100
2004-02-03,30.9300,31.1000,30.7500,31.0400,1050300
2004-02-02,31.0500,31.2400,30.8700,30.9300,803900
2004-01-30,31.2500,31.3600,30.9600,31.1400,666500
2004-01-29,31.2400,31.7000,31.1900,31.3500,1008200
2004-01-28,31.6000,31.7000,31.1000,31.2400,1130100
2004-01-27,31.7000,31.8100,31.3700,31.4300,1102200
2004-01-26,31.9600,31.9600,31.1600,31.4800,546900
2004-01-23,31.6800,32.0800,31.6400,31.9500,994900
2004-01-22,31.3000,31.7900,31.1400,31.6800,1004100
2004-01-21,30.8500,31.4400,30.6900,31.3800,1067700
2004-01-20,30.5000,30.8900,30.4100,30.8700,1070500
2004-01-16,30.1700,30.5800,30.1100,30.5200,814100
2004-01-15,30.4300,30.4300,30.0100,30.1700,524800
2004-01-14,29.7400,30.3300,29.7400,30.3300,679100
2004-01-13,29.8300,29.9300,29.5100,29.7400,644400
2004-01-12,30.1700,30.3100,29.7900,29.8300,374700
2004-01-09,30.0000,30.3700,29.9300,30.1500,522400
2004-01-08,30.2300,30.2500,29.9000,30.0600,700800
2004-01-07,30.2000,30.3500,29.9800,30.2300,1045500
2004-01-06,30.0500,30.2600,30.0200,30.2000,883000
2004-01-05,30.2200,30.4800,29.8400,30.0500,662000
2004-01-02,30.0500,30.2800,30.0300,30.2000,687100
2003-12-31,30.0600,30.2200,29.9200,30.0600,434400
2003-12-30,30.0600,30.2000,29.9700,30.0600,334000
2003-12-29,29.9900,30.1000,29.8300,30.0600,558200
2003-12-26,29.9000,29.9900,29.7100,29.8500,146200
2003-12-24,29.7000,29.8600,29.6300,29.7600,194600
2003-12-23,29.7500,30.0000,29.6500,29.8000,738000
2003-12-22,29.0300,29.7500,29.0200,29.7500,1187400
2003-12-19,28.9000,29.0400,28.6800,29.0300,1439300
2003-12-18,28.4000,29.1700,28.3300,29.1100,1218400
2003-12-17,28.3200,28.4300,27.9600,28.3000,1344700
2003-12-16,28.5000,28.6500,28.1400,28.3300,841800
2003-12-15,28.7000,28.9600,28.5900,28.6500,802600
2003-12-12,28.5700,28.6600,28.3400,28.6000,502800
2003-12-11,28.6000,28.7100,28.4600,28.5300,767200
2003-12-10,28.7300,28.8500,28.5600,28.5600,785000
2003-12-09,28.9900,28.9900,28.5400,28.7300,726900
2003-12-08,28.9100,29.1800,28.8300,29.0000,823100
2003-12-05,28.3400,29.2100,28.3400,29.1000,2223800
2003-12-04,28.1300,28.3000,27.9500,28.2600,550200
2003-12-03,28.2400,28.2400,27.9400,28.0000,955200
2003-12-02,28.0300,28.0900,27.9000,27.9900,910900
2003-12-01,28.4500,28.4500,27.9700,28.2000,741100
2003-11-28,27.9600,28.3200,27.8800,28.3200,493200
2003-11-26,27.8900,28.0500,27.7200,28.0200,521800
2003-11-25,27.5300,27.9000,27.4400,27.8600,879900
2003-11-24,27.0500,27.5700,27.0200,27.5700,737300
2003-11-21,26.9800,27.0200,26.6500,27.0200,930700
2003-11-20,26.9900,27.2500,26.6900,26.9800,928000
2003-11-19,26.5600,27.0100,26.3600,26.9900,4978600
2003-11-18,27.0000,27.0000,26.3900,26.4000,856000
2003-11-17,27.3600,27.4600,26.7900,27.0200,557300
2003-11-14,27.6400,27.8600,27.3500,27.4600,432900
2003-11-13,27.9000,27.9000,27.5200,27.6800,394800
2003-11-12,27.6000,27.9100,27.5300,27.9000,525900
2003-11-11,27.6500,27.7100,27.3700,27.6000,838700
2003-11-10,28.0300,28.1500,27.5700,27.6900,666500
2003-11-07,28.3000,28.3800,27.8500,28.1500,633700
2003-11-06,27.8000,28.3800,27.7400,28.3300,1170100
2003-11-05,27.7600,27.9400,27.3900,27.5500,953400
2003-11-04,27.9700,27.9800,27.7400,27.7800,600400
2003-11-03,27.9500,28.1000,27.9400,28.0800,833700
2003-10-31,28.0000,28.0000,27.7300,27.8000,613900
2003-10-30,28.0500,28.0700,27.8100,27.8500,577300
2003-10-29,27.9600,28.1900,27.8800,28.0500,664000
2003-10-28,27.9000,28.0600,27.6300,28.0600,783700
2003-10-27,28.2000,28.2000,27.6300,27.9500,823500
2003-10-24,28.0000,28.1500,27.9500,27.9900,890300
2003-10-23,28.0500,28.2100,27.9000,28.1100,486300
2003-10-22,28.0000,28.3600,27.9800,28.1000,824700
2003-10-21,28.1000,28.2500,27.7900,27.9700,1769200
2003-10-20,28.3200,28.4600,28.2000,28.4600,435000
2003-10-17,28.4800,28.6000,28.2200,28.3700,536000
2003-10-16,28.4400,28.5900,28.3200,28.4400,915100
2003-10-15,28.2300,28.5000,28.0500,28.4400,1528200
2003-10-14,28.4300,28.4300,28.0100,28.2300,1267000
2003-10-13,28.9000,28.9000,28.3300,28.4000,961900
2003-10-10,28.8500,28.9900,28.6500,28.6700,1151900
2003-10-09,28.2500,28.9500,28.2500,28.8000,9133100
2003-10-08,30.4000,30.4000,28.4400,28.4500,3843800
2003-10-07,30.4500,30.5600,30.1000,30.4000,594400
2003-10-06,30.6700,30.7500,30.3400,30.6500,661800
2003-10-03,30.5000,30.9000,30.4600,30.6700,926200
2003-10-02,30.0600,30.3400,29.9300,30.3100,618200
2003-10-01,29.5100,30.0700,29.4000,30.0600,928100
2003-09-30,29.5000,29.5400,29.1900,29.3600,666800
2003-09-29,29.2000,29.6020,29.0300,29.6000,772300
2003-09-26,29.2000,29.5000,29.1000,29.2200,549400
2003-09-25,29.4900,29.6800,29.1200,29.2300,774100
2003-09-24,29.4500,29.6600,29.3700,29.4900,686200
2003-09-23,29.3900,29.5500,29.2700,29.3900,616300
2003-09-22,29.7200,29.7300,29.2900,29.4100,468700
2003-09-19,29.7200,29.7500,29.4900,29.7200,787700
2003-09-18,29.5000,29.8100,29.4600,29.7000,4539000
2003-09-17,30.1600,30.1700,29.3700,29.4000,1418100
2003-09-16,30.0000,30.2100,29.9300,30.1700,638800
2003-09-15,29.9600,30.0400,29.8000,29.9600,388200
2003-09-12,29.9500,30.0600,29.7300,30.0600,444500
2003-09-11,29.9300,30.3300,29.8900,30.1300,641400
2003-09-10,29.5600,30.0600,29.5500,29.8000,1032900
2003-09-09,29.7600,29.7900,29.5400,29.5500,502700
2003-09-08,29.5800,29.8500,29.4800,29.7500,507900
2003-09-05,29.9300,30.0500,29.5800,29.6800,717200
2003-09-04,30.1400,30.2200,29.8900,29.9800,619700
2003-09-03,30.0900,30.1600,29.9000,30.1400,659900
2003-09-02,29.9000,30.1500,29.8300,30.0800,936700
2003-08-29,29.2900,29.7600,29.2300,29.7500,429500
2003-08-28,29.2500,29.3500,29.1200,29.3300,439300
2003-08-27,29.2900,29.3400,29.0500,29.1300,591100
2003-08-26,28.9600,29.3700,28.8200,29.3600,774400
2003-08-25,28.6000,29.0500,28.6000,29.0300,422900
2003-08-22,28.9300,29.2000,28.4700,28.6500,767500
2003-08-21,28.6500,29.4000,28.6500,29.1900,580200
2003-08-20,28.4700,28.9000,28.4100,28.7800,593500
2003-08-19,28.5000,28.5900,28.3300,28.4600,787300
2003-08-18,28.2500,28.6400,28.1200,28.3200,483400
2003-08-15,28.5000,28.6200,28.1500,28.5600,215300
2003-08-14,28.1000,28.6000,28.1000,28.6000,749600
2003-08-13,28.4800,28.5000,28.1000,28.1800,418600
2003-08-12,27.9500,28.4700,27.9200,28.4600,369700
2003-08-11,28.0000,28.1500,27.9000,27.9500,326800
2003-08-08,28.0000,28.1300,27.8200,27.9200,538200
2003-08-07,27.5000,28.0900,27.5000,27.9000,946000
2003-08-06,27.5800,27.7900,27.4000,27.5900,927400
2003-08-05,27.9000,28.1200,27.5100,27.5800,1039400
2003-08-04,27.6700,27.9900,27.3600,27.9900,630900
2003-08-01,27.5500,27.9200,27.5500,27.6700,693400
2003-07-31,27.9800,28.0400,27.8000,27.8300,449000
2003-07-30,28.0000,28.0800,27.6400,27.7600,590100
2003-07-29,27.9500,28.1000,27.7100,27.8200,529600
2003-07-28,28.4300,28.4300,27.7800,27.9000,630800
2003-07-25,27.7500,28.2900,27.7000,28.1900,473500
2003-07-24,27.8500,28.1300,27.6100,27.7500,694400
2003-07-23,27.6800,27.8000,27.4200,27.7900,613900
2003-07-22,27.4600,27.7200,27.3900,27.6100,774700
2003-07-21,28.1800,28.2000,27.3100,27.5500,869500
2003-07-18,28.0000,28.2400,27.8200,28.2300,587200
2003-07-17,27.6300,27.8500,27.4500,27.6700,449900
2003-07-16,28.2000,28.3000,27.5200,27.6200,588200
2003-07-15,28.4000,28.4000,27.8600,27.9800,763700
2003-07-14,27.9600,28.4000,27.8500,28.1900,657600
2003-07-11,27.6000,28.0900,27.6000,27.9600,466000
2003-07-10,27.9600,28.0300,27.5500,27.5900,877000
2003-07-09,28.5000,28.5300,28.0000,28.0000,657400
2003-07-08,28.7300,28.8100,28.3000,28.5200,1097100
2003-07-07,28.7500,29.0900,28.7000,28.7200,905500
2003-07-03,28.8300,28.8300,28.5000,28.5000,426200
2003-07-02,28.5000,28.7700,28.4500,28.7300,820500
2003-07-01,28.5400,28.5600,28.1000,28.4900,1123700
2003-06-30,28.6100,28.8000,28.3900,28.5300,694000
2003-06-27,28.9000,29.1000,28.5500,28.5500,1155900
2003-06-26,28.8000,29.0400,28.6900,28.9700,721800
2003-06-25,28.8300,29.2400,28.7100,28.7300,647000
2003-06-24,28.9100,29.0100,28.4500,28.8300,921600
2003-06-23,29.0000,29.1300,28.8900,28.9100,858800
2003-06-20,29.2000,29.4000,28.9000,28.9400,1305600
2003-06-19,29.0000,29.0500,28.4600,28.8100,1035300
2003-06-18,28.9500,29.1600,28.8400,29.0600,2781800
2003-06-17,29.0800,29.0800,28.5600,28.9700,947000
2003-06-16,28.6600,29.1300,28.6000,29.1300,865500
2003-06-13,28.7600,28.9300,28.5400,28.6500,744800
2003-06-12,28.4000,28.7600,28.1400,28.7600,893700
2003-06-11,27.9000,28.1500,27.7800,28.1500,1113400
2003-06-10,27.7900,27.8700,27.3500,27.8500,586300
2003-06-09,27.7000,27.9800,27.5700,27.7100,379200
2003-06-06,28.3500,28.5500,27.9100,27.9200,668700
2003-06-05,28.3400,28.3400,27.8900,28.0900,599800
2003-06-04,27.8000,28.3700,27.6700,28.3500,820600
2003-06-03,27.6500,27.8400,27.4900,27.7700,768300
2003-06-02,27.3700,27.9100,27.2700,27.8100,886100
2003-05-30,26.9100,27.3900,26.9100,27.2700,667600
2003-05-29,27.1200,27.4700,26.7800,26.9000,1213400
2003-05-28,27.4500,27.4800,27.0500,27.1200,670600
2003-05-27,27.3000,27.5000,27.0600,27.4900,1089900
2003-05-23,26.6000,27.8500,26.5000,27.4500,1277100
2003-05-22,26.0000,26.7000,26.0000,26.5100,1246200
2003-05-21,25.6700,26.1800,25.5900,25.9100,1046400
2003-05-20,25.6100,25.9000,25.5700,25.7000,1289000
2003-05-19,26.1500,26.1600,25.5000,25.6000,1177300
2003-05-16,25.2500,26.1600,25.2500,26.1600,1058300
2003-05-15,25.2000,25.4800,25.1700,25.2800,1168000
2003-05-14,25.2000,25.4000,25.0500,25.2100,703300
2003-05-13,24.8300,25.2600,24.8300,25.2000,2033600
2003-05-12,24.8000,24.9300,24.6200,24.8300,1750900
2003-05-09,24.4800,24.7600,24.4500,24.7000,706600
2003-05-08,24.1000,24.6000,24.0500,24.4000,1318500
2003-05-07,24.9900,24.9900,24.3000,24.4400,1887500
2003-05-06,24.8500,24.9900,24.6000,24.9900,959200
2003-05-05,24.5500,24.8600,24.5000,24.8500,1667800
2003-05-02,24.7500,25.1200,24.4000,24.4100,2501300
2003-05-01,26.2500,26.5000,25.0000,25.1400,2950000
2003-04-30,26.9200,27.0300,26.7000,26.8400,1738000
2003-04-29,27.1000,27.2390,26.9100,26.9500,973000
2003-04-28,26.8000,27.1500,26.8000,27.1100,707500
2003-04-25,27.0400,27.2100,26.6300,26.8600,1030400
2003-04-24,26.6800,27.2500,26.6300,27.1100,742600
2003-04-23,26.6000,26.6800,26.2500,26.6800,696400
2003-04-22,26.4000,26.6400,26.1400,26.6400,1404000
2003-04-21,26.4000,26.5800,26.2900,26.4000,699300
2003-04-17,26.4300,26.5200,26.2500,26.3000,809000
2003-04-16,26.9000,27.0000,26.4500,26.5400,1338200
2003-04-15,26.1700,26.5100,25.9500,26.4900,1656700
2003-04-14,25.9500,26.3500,25.6600,26.2700,2366600
2003-04-11,25.4500,25.7100,25.2200,25.7100,1339300
2003-04-10,24.7500,25.5100,24.6700,25.3800,1336800
2003-04-09,25.1500,25.3500,24.6800,24.7400,681100
2003-04-08,25.2100,25.5000,25.1000,25.1400,1076700
2003-04-07,25.1000,25.7900,25.1000,25.2100,1029100
2003-04-04,24.9200,25.1500,24.7400,25.0100,684400
2003-04-03,25.0000,25.0200,24.7700,24.8400,816800
2003-04-02,25.0800,25.2300,24.8800,24.9500,762400
2003-04-01,25.0300,25.0900,24.7500,25.0800,1193500
2003-03-31,24.6500,25.0600,24.6300,24.9600,712300
2003-03-28,25.0100,25.1100,24.9000,24.9500,983300
2003-03-27,24.5000,25.0600,24.5000,25.0100,1235200
2003-03-26,24.8800,24.9000,24.2400,24.4900,1686900
2003-03-25,24.4000,25.1600,24.4000,25.1300,1448100
2003-03-24,25.0200,25.0600,24.2300,24.2300,1070400
2003-03-21,24.9700,25.1000,24.6500,25.0200,1271600
2003-03-20,23.8100,24.6300,23.8100,24.4000,1355200
2003-03-19,23.6800,23.8100,23.5100,23.8100,791000
2003-03-18,23.4500,23.6800,23.2900,23.6800,1178900
2003-03-17,23.3200,23.6700,23.2900,23.6500,3455300
2003-03-14,23.1800,23.3700,23.1000,23.3200,801000
2003-03-13,22.7000,23.0300,22.5700,23.0300,1120100
2003-03-12,22.5500,22.6000,22.2500,22.5700,1334700
2003-03-11,22.6300,22.8600,22.5500,22.6000,1045900
2003-03-10,22.8000,22.9000,22.5500,22.6300,740700
2003-03-07,22.6000,22.9500,22.5800,22.8900,1092300
2003-03-06,22.5000,22.7900,22.4900,22.5900,1301800
2003-03-05,22.5500,22.6900,22.2500,22.5000,1636700
2003-03-04,23.0100,23.0900,22.8700,22.8700,1352800
2003-03-03,23.5500,23.5500,23.0000,23.0000,1002500
2003-02-28,23.1500,23.5000,22.9700,23.2000,1609000
2003-02-27,24.0900,24.0900,23.0200,23.0300,3833400
2003-02-26,24.6900,24.7000,24.0100,24.0800,860700
2003-02-25,24.6500,25.2200,24.5000,24.6400,925400
2003-02-24,24.7200,25.0600,24.6800,24.8700,1439100
2003-02-21,24.4500,24.8700,24.3800,24.7200,981000
2003-02-20,24.2500,24.5400,23.9500,24.4000,2343300
2003-02-19,23.6300,23.6300,23.2000,23.3900,792200
2003-02-18,23.4900,23.8500,23.4000,23.5500,607200
2003-02-14,23.0800,23.5900,23.0800,23.4900,615300
2003-02-13,22.6000,23.3000,22.3100,23.0800,859100
2003-02-12,22.8500,22.9300,22.5400,22.6400,586800
2003-02-11,23.5000,23.5500,22.8000,22.9900,746600
2003-02-10,23.6000,23.6000,23.2300,23.4500,718800
2003-02-07,24.0200,24.0200,23.3100,23.3700,1014100
2003-02-06,23.6000,24.1000,23.6000,23.9200,695300
2003-02-05,24.3000,24.4500,23.7900,23.8300,660500
2003-02-04,24.2500,24.3700,24.1300,24.2100,991100
2003-02-03,24.5500,24.7800,24.4300,24.6000,1005000
2003-01-31,23.5900,24.2600,23.5900,24.1000,945400
2003-01-30,23.5400,23.7800,23.5000,23.5900,779900
2003-01-29,23.5800,23.8500,23.5300,23.6400,549900
2003-01-28,23.5800,23.8500,23.5300,23.6400,661500
2003-01-27,23.6000,23.6700,23.2000,23.3300,635300
2003-01-24,24.5000,24.5000,23.7300,23.7300,788500
2003-01-23,24.4000,24.8300,24.4000,24.5500,649300
2003-01-22,24.4500,24.5100,24.0100,24.4000,811600
2003-01-21,24.5500,24.6100,24.3000,24.4000,607000
2003-01-17,24.6000,24.6800,24.3000,24.4100,748300
2003-01-16,25.0000,25.0100,24.4300,24.7200,999100
2003-01-15,24.8600,24.8600,24.2000,24.6100,478500
2003-01-14,24.4800,24.7600,24.1700,24.7600,721900
2003-01-13,24.9500,24.9500,24.3500,24.3800,928100
2003-01-10,25.1900,25.1900,24.7900,25.0700,629200
2003-01-09,25.4900,25.4900,24.7700,25.1500,1155000
2003-01-08,25.1000,25.5000,25.0400,25.4900,616500
2003-01-07,25.5000,25.5600,24.6000,25.0600,963600
2003-01-06,24.8300,26.0000,24.8000,25.8900,2130400
2003-01-03,24.3800,24.9700,24.3800,24.8300,1171600
2003-01-02,23.6700,24.3700,23.6700,24.3700,1155500
2002-12-31,23.6500,23.6500,23.3000,23.6500,526100
2002-12-30,23.1000,23.5400,22.9600,23.5000,532200
2002-12-27,23.4700,23.6300,22.8900,23.0000,519300
2002-12-26,22.9900,23.4000,22.9900,23.2200,437100
2002-12-24,22.8000,23.0000,22.7200,22.9800,382800
2002-12-23,23.1500,23.2400,22.8600,22.9400,1277400
2002-12-20,23.2500,23.4000,22.2900,23.2000,1607400
2002-12-19,23.8000,23.9000,23.0000,23.4000,1752500
2002-12-18,24.2000,24.4800,23.9300,24.0500,1447300
2002-12-17,24.4500,24.6200,24.2100,24.2900,364100
2002-12-16,23.7000,24.3700,23.6700,24.3700,531300
2002-12-13,23.9500,24.2500,23.5900,23.6500,1060300
2002-12-12,23.2500,23.9600,23.2000,23.9500,670000
2002-12-11,23.0000,23.4000,22.6500,23.3200,744500
2002-12-10,23.1500,23.3000,22.8700,22.9400,1033700
2002-12-09,22.7500,23.3500,22.7300,23.0600,567500
2002-12-06,22.5500,22.8400,22.3500,22.8000,488400
2002-12-05,22.8400,23.2000,22.5500,22.6000,424600
2002-12-04,23.3000,23.6000,22.7600,22.8000,1171900
2002-12-03,23.4500,23.7600,23.2200,23.4000,909800
2002-12-02,23.8500,23.8500,23.2400,23.4500,1443400
2002-11-29,23.1500,23.3000,22.9000,23.1700,347700
2002-11-27,22.9600,23.1800,22.8000,23.0000,591200
2002-11-26,23.0000,23.0800,22.7900,22.9600,738300
2002-11-25,23.1100,23.3000,22.7000,22.8900,752000
2002-11-22,22.8500,23.2000,22.5200,23.1100,1241400
2002-11-21,22.1000,22.9500,22.1000,22.6100,982600
2002-11-20,21.9000,22.4900,21.8600,22.2000,540700
2002-11-19,22.0500,22.2000,21.7400,21.9600,547200
2002-11-18,22.1500,22.4000,22.0100,22.0500,457000
2002-11-15,21.8800,22.5000,21.8800,22.1500,774400
2002-11-14,21.0500,21.8800,21.0500,21.8800,706400
2002-11-13,21.0400,21.2700,20.8200,21.0500,841500
2002-11-12,21.8500,22.1400,21.0200,21.0600,1517000
2002-11-11,21.5500,21.9200,21.3600,21.7900,477700
2002-11-08,21.9100,22.2900,21.5200,21.7300,857200
2002-11-07,22.8900,22.9400,21.9700,22.0100,912200
2002-11-06,22.3500,22.9000,22.2300,22.8900,1302700
2002-11-05,23.1000,23.1000,22.1900,22.3400,1241700
2002-11-04,22.6200,23.4100,22.5500,23.1000,1169600
2002-11-01,22.0600,22.4900,21.7700,22.3900,858300
2002-10-31,22.0700,22.2500,21.8500,22.1400,1235300
2002-10-30,21.5400,22.0800,21.5000,22.0700,644300
2002-10-29,21.3500,21.5500,21.1600,21.4900,929300
2002-10-28,20.7500,21.4600,20.7200,21.3600,938900
2002-10-25,20.6000,20.7400,20.1000,20.5400,919700
2002-10-24,20.8000,20.9500,20.5600,20.6000,1268800
2002-10-23,20.2200,20.8400,20.2200,20.5700,1347200
2002-10-22,19.5600,20.8000,19.5000,20.2100,2212600
2002-10-21,18.1500,19.5600,18.0000,19.5600,2016300
2002-10-18,18.1700,18.1700,17.7100,17.9400,1409300
2002-10-17,17.7500,18.4000,17.6500,18.1400,1034900
2002-10-16,18.4000,18.4400,17.5900,17.7700,2280600
2002-10-15,18.7500,18.9000,18.2200,18.4000,1138100
2002-10-14,18.0000,18.5400,17.8500,18.4500,1267800
2002-10-11,18.6500,18.9500,18.2300,18.4500,952600
2002-10-10,17.0300,18.7600,16.7000,18.4000,2266200
2002-10-09,18.5500,18.5500,17.0300,17.0300,3446200
2002-10-08,19.2000,19.2000,17.7000,18.5500,2792300
2002-10-07,19.2600,19.8700,19.0600,19.2000,1126500
2002-10-04,19.7000,19.7100,18.9100,19.2600,1824600
2002-10-03,20.2800,20.5500,19.6900,19.8500,1325100
2002-10-02,20.3200,20.6000,20.2000,20.3300,1352200
2002-10-01,19.6500,20.4000,19.3800,20.3400,1158300
2002-09-30,19.1700,19.9000,18.7900,19.6500,809900
2002-09-27,19.5800,19.9000,19.2400,19.3500,852000
2002-09-26,19.0000,19.6900,18.8800,19.6000,1065200
2002-09-25,18.7500,19.2000,18.6200,19.0000,1520800
2002-09-24,18.9000,19.0600,18.2000,18.4000,1372500
2002-09-23,19.6000,19.6900,18.8800,19.1400,1559000
2002-09-20,20.1300,20.1300,19.5000,19.8100,1247900
2002-09-19,20.6000,20.6500,20.1100,20.1200,1039200
2002-09-18,20.3500,20.9800,20.0000,20.7000,1159500
2002-09-17,21.3800,21.5500,20.5700,20.6500,1069100
2002-09-16,21.4600,21.5000,21.1500,21.3700,539700
2002-09-13,21.2500,21.8000,21.1000,21.7100,549500
2002-09-12,21.9500,22.0100,21.2500,21.3300,608300
2002-09-11,22.0000,22.1900,21.7000,21.9600,1115000
2002-09-10,22.5000,22.5000,21.3500,21.4800,989100
2002-09-09,22.5500,22.6300,22.0800,22.4500,793700
2002-09-06,22.9500,23.0000,22.4400,22.5600,733900
2002-09-05,23.3000,23.3100,22.1000,22.4100,1600000
2002-09-04,23.3400,23.5200,22.7300,23.3900,1374100
2002-09-03,24.0100,24.0100,23.0000,23.4000,982600
2002-08-30,23.1200,24.1100,22.9000,24.0100,1071800
2002-08-29,23.3800,23.3800,22.8000,23.0800,1853000
2002-08-28,23.3600,23.3600,22.9000,23.1300,529100
2002-08-27,23.4000,23.6000,23.0500,23.3600,588400
2002-08-26,23.0300,23.3400,22.8400,23.3200,385900
2002-08-23,23.1500,23.2500,22.5000,22.7800,402100
2002-08-22,22.5000,23.4600,22.5000,23.3900,687500
2002-08-21,22.0500,22.6500,21.8300,22.6000,514900
2002-08-20,22.3900,22.5300,21.7500,22.0400,410000
2002-08-19,21.7500,22.5000,21.6000,22.4000,618400
2002-08-16,22.0500,22.9800,21.5000,21.5600,951700
2002-08-15,22.2100,22.9400,21.8100,22.5400,816500
2002-08-14,21.0200,22.2700,21.0200,22.2100,660400
2002-08-13,21.9700,21.9900,21.1900,21.1900,633000
2002-08-12,21.6000,22.1500,21.2500,22.1400,1185500
2002-08-09,21.5800,21.9100,21.3000,21.7700,612800
2002-08-08,21.3500,21.7000,20.8700,21.5800,928100
2002-08-07,21.0600,21.2500,20.6800,21.1200,1007100
2002-08-06,21.1300,21.5000,20.7900,20.8200,1109200
2002-08-05,20.5800,21.2500,20.5800,21.1300,1505100
2002-08-02,21.3800,21.6400,20.5200,20.5700,1630700
2002-08-01,21.2000,21.5000,20.7500,21.1400,2514300
2002-07-31,20.7000,21.2500,20.4700,21.2000,1235200
2002-07-30,19.8400,20.7800,19.8300,20.7600,1147300
2002-07-29,19.5200,19.8100,19.5200,19.7400,1482300
2002-07-26,18.6000,19.2100,18.3500,19.0600,1606000
2002-07-25,17.5000,18.6500,17.4900,18.6000,1835400
2002-07-24,16.0000,17.8100,15.5000,17.5000,1961200
2002-07-23,16.9600,17.9000,15.8400,16.0000,2485400
2002-07-22,17.0500,17.3300,16.5000,16.9500,1967100
2002-07-19,18.7500,18.7600,17.4500,17.6000,1319400
2002-07-18,19.2500,19.2600,18.8200,18.9100,1704900
2002-07-17,19.1500,19.4500,19.0200,19.2600,1823400
2002-07-16,19.5100,19.6900,18.9600,19.0700,1103300
2002-07-15,18.8600,19.7200,18.1100,19.7200,1582400
2002-07-12,18.9900,18.9900,18.2400,18.8200,1277200
2002-07-11,18.6200,19.0000,17.8000,18.9000,1474100
2002-07-10,19.0400,19.0500,17.8100,18.6200,2889000
2002-07-09,20.1800,20.2500,19.0000,19.0400,1622700
2002-07-08,20.4000,20.5500,20.0500,20.1800,992900
2002-07-05,20.2000,20.5500,19.9800,20.3800,459500
2002-07-03,21.3400,21.4000,19.8700,20.3000,2529700
2002-07-02,22.1300,22.1300,21.1000,21.3600,1037700
2002-07-01,22.2500,22.5300,22.0200,22.1300,731700
2002-06-28,21.7500,22.4900,21.7200,22.1300,1896300
2002-06-27,22.2500,22.9900,21.5200,21.7000,1680400
2002-06-26,22.9600,22.9600,22.1500,22.3900,1161000
2002-06-25,23.4300,23.9500,22.8000,22.9600,1212200
2002-06-24,23.8000,24.0000,23.1300,23.4200,1020700
2002-06-21,23.1500,23.8500,23.1500,23.7400,831900
2002-06-20,23.7000,23.9200,23.4400,23.7000,869000
2002-06-19,23.6500,24.3500,23.6100,23.6600,806800
2002-06-18,24.1500,24.4200,24.0800,24.3600,3519800
2002-06-17,23.8000,24.2700,23.7000,24.2200,572400
2002-06-14,23.7100,24.0900,23.1000,23.7200,550300
2002-06-13,23.7000,24.2400,23.7000,23.9900,682100
2002-06-12,23.5000,23.9600,23.4200,23.7400,639900
2002-06-11,23.9000,24.0000,23.5000,23.5500,495500
2002-06-10,23.7000,24.1200,23.5700,23.9300,401100
2002-06-07,23.5000,24.2000,23.4000,23.9200,511300
2002-06-06,24.1500,24.2200,23.5200,23.5700,809100
2002-06-05,24.8700,24.8700,24.1100,24.2800,722200
2002-06-04,24.5500,24.9500,24.5000,24.8700,1221200
2002-06-03,25.0000,25.0100,24.5000,24.6100,918800
2002-05-31,24.8800,25.1800,24.8500,25.0100,1081400
2002-05-30,24.9500,25.0000,24.6300,24.8800,1513300
2002-05-29,25.1700,25.2500,24.9000,24.9500,757000
2002-05-28,25.6000,25.6000,25.1600,25.4700,498400
2002-05-24,25.5000,25.5000,24.8900,25.3700,498500
2002-05-23,25.1600,25.3900,25.1000,25.3000,415300
2002-05-22,24.6500,25.3000,24.6100,25.2100,515700
2002-05-21,24.5000,24.7900,24.3100,24.7400,785400
2002-05-20,24.3800,24.6600,24.3100,24.4800,612800
2002-05-17,24.3500,24.3500,23.8500,24.2800,895500
2002-05-16,24.7000,24.7000,24.2000,24.3800,689000
2002-05-15,24.8200,24.9500,24.6200,24.7000,920000
2002-05-14,24.5000,24.9000,24.2500,24.8100,1289800
2002-05-13,23.7500,24.3500,23.6800,24.2800,1129400
2002-05-10,25.0500,25.1800,24.0900,24.3100,1323000
2002-05-09,25.1000,25.2400,24.5000,24.9300,901200
2002-05-08,24.9300,25.1800,24.3000,25.1200,1404500
2002-05-07,25.8000,25.8800,24.9000,24.9000,1621400
2002-05-06,25.8900,26.2500,25.7600,25.8000,787100
2002-05-03,26.0400,26.0500,25.7500,25.8900,588000
2002-05-02,25.9500,25.9800,25.6200,25.9800,1157100
2002-05-01,25.7500,25.9300,25.6000,25.8200,1390100
2002-04-30,25.7000,25.7000,25.3900,25.5700,1411900
2002-04-29,25.9200,26.0300,25.6500,25.7100,1139900
2002-04-26,25.5000,26.1000,25.5000,25.9600,3020200
2002-04-25,25.0400,25.6100,25.0400,25.4100,5740200
2002-04-24,25.1500,25.2000,24.8000,25.0200,4730400
2002-04-23,24.7500,25.1000,24.6000,25.0600,2701600
2002-04-22,25.9200,25.9900,25.4500,25.5600,382700
2002-04-19,25.9800,25.9800,25.6800,25.8900,223800
2002-04-18,25.8900,26.0000,25.6400,25.9500,354900
2002-04-17,25.5500,25.9400,25.4000,25.8900,460700
2002-04-16,25.1000,25.7000,24.9900,25.6200,447800
2002-04-15,25.1000,25.2300,24.7000,25.0600,560100
2002-04-12,24.9500,25.0000,24.5100,24.9900,374800
2002-04-11,25.6000,25.7000,24.9000,24.9000,432800
2002-04-10,24.9000,25.7400,24.8500,25.7400,491600
2002-04-09,25.4500,25.4500,24.9500,25.0200,456600
2002-04-08,24.5500,25.3600,24.5300,25.2700,855800
2002-04-05,24.9000,25.1000,24.7300,24.8300,624500
2002-04-04,25.5000,25.5000,24.8900,25.0500,867600
2002-04-03,25.8500,25.9400,25.3800,25.5800,934300
2002-04-02,25.5000,26.0400,25.4000,26.0100,859200
2002-04-01,25.3100,25.3100,24.8400,25.1500,597900
2002-03-28,24.7500,25.2500,24.7000,25.1500,688900
2002-03-27,24.9000,24.9000,24.4000,24.7900,756300
2002-03-26,24.6000,25.0000,24.5500,24.6400,355600
2002-03-25,24.7900,25.1000,24.6500,24.8000,377700
2002-03-22,24.9800,25.2100,24.4900,24.8900,675900
2002-03-21,24.8100,24.8100,24.0100,24.7800,497200
2002-03-20,24.1000,24.3000,23.8100,24.0600,239200
2002-03-19,24.2400,24.2500,23.9400,24.1200,514300
2002-03-18,23.9000,24.0800,23.3800,24.0200,385300
2002-03-15,24.2500,24.5800,24.0000,24.1500,3574200
2002-03-14,23.9900,23.9900,23.6000,23.9400,989600
2002-03-13,24.2000,24.2600,23.8700,24.1000,203600
2002-03-12,24.3500,24.3500,23.9100,24.2400,280300
2002-03-11,24.1500,24.5300,23.9500,24.4700,464000
2002-03-08,24.2300,24.3500,23.9400,24.1800,600900
2002-03-07,24.2500,24.4000,23.9000,24.0800,409500
2002-03-06,23.8500,24.2500,23.5100,24.2500,586900
2002-03-05,23.1000,23.7400,23.0000,23.7400,494100
2002-03-04,22.6500,23.2500,22.6500,23.2100,697500
2002-03-01,22.3000,22.6900,22.1500,22.6800,912300
2002-02-28,22.5400,22.5700,22.2700,22.3200,688600
2002-02-27,22.9000,22.9000,22.4700,22.5400,612000
2002-02-26,22.6000,22.9900,22.6000,22.7900,547100
2002-02-25,23.1200,23.3600,22.7100,22.7800,607000
2002-02-22,23.1500,23.5000,22.9000,23.3700,301400
2002-02-21,23.4500,23.5500,23.0400,23.1500,343100
2002-02-20,23.5000,23.5000,22.9000,23.5000,265700
2002-02-19,23.3400,23.5000,23.2300,23.2600,533100
2002-02-15,23.7600,23.7600,23.3400,23.4800,395100
2002-02-14,23.7600,23.8300,23.4000,23.6100,265100
2002-02-13,23.6000,23.6900,23.2500,23.5100,731700
2002-02-12,23.3000,23.6500,23.2000,23.4400,687800
2002-02-11,23.0900,23.4500,22.7000,23.4000,489900
2002-02-08,22.8000,23.0900,22.6000,23.0300,469600
2002-02-07,22.8000,22.9800,22.5200,22.7400,756200
2002-02-06,22.9000,23.3500,22.7000,22.7600,767400
2002-02-05,23.7500,23.8000,23.2000,23.3300,479800
2002-02-04,23.8500,23.9700,23.2400,23.5000,461500
2002-02-01,24.0900,24.0900,23.7000,24.0100,402800
2002-01-31,23.9700,23.9900,23.6000,23.9500,756500
2002-01-30,24.0000,24.1100,23.4200,23.8600,1199700
2002-01-29,24.6500,24.7500,23.6900,24.0000,852600
2002-01-28,24.5100,24.8600,24.4100,24.6500,559200
2002-01-25,25.0000,25.0000,24.6000,24.7600,562600
2002-01-24,25.3000,25.4900,24.8900,25.0000,737100
2002-01-23,25.2700,25.2700,24.9600,25.2700,344500
2002-01-22,25.2800,25.3900,24.8500,25.0100,315200
2002-01-18,25.2000,25.4600,25.1000,25.2700,418100
2002-01-17,25.5000,25.5900,25.2500,25.4200,529600
2002-01-16,25.6600,25.7600,25.2000,25.4500,481800
2002-01-15,25.5400,25.7500,25.3600,25.6500,789000
2002-01-14,25.0000,25.5400,25.0000,25.2700,516200
2002-01-11,25.0400,25.3500,24.9400,24.9800,566300
2002-01-10,25.0500,25.3000,25.0000,25.0400,436700
2002-01-09,25.0200,25.5500,25.0000,25.0600,649500
2002-01-08,24.9900,25.2000,24.9000,25.1400,545000
2002-01-07,24.9000,25.1000,24.3600,24.9900,327800
2002-01-04,24.9800,24.9800,24.4900,24.9400,279300
2002-01-03,24.8000,24.8000,24.4100,24.7600,261000
2002-01-02,24.5000,24.7900,23.8200,24.7700,403700
2001-12-31,24.4500,25.1200,24.4400,24.5500,414300
2001-12-28,24.6000,24.7500,24.3300,24.6100,277800
2001-12-27,24.5100,24.8000,24.3800,24.7100,217800
2001-12-26,24.2500,24.7400,24.2300,24.4100,344300
2001-12-24,24.0000,24.2500,24.0000,24.1600,372100
2001-12-21,25.1500,25.2000,24.0700,24.0800,1257100
2001-12-20,24.7000,24.9500,24.5500,24.9000,593700
2001-12-19,23.8100,24.7500,23.7400,24.7500,782800
2001-12-18,23.8000,24.2200,23.5600,24.1100,508900
2001-12-17,23.4700,23.9600,23.4700,23.8200,321500
2001-12-14,23.2700,23.8000,23.1500,23.7200,592100
2001-12-13,23.4400,23.6600,22.9900,23.5200,438300
2001-12-12,23.2800,23.5100,22.7300,23.4000,641900
2001-12-11,23.8200,23.8200,22.9800,23.0800,639300
2001-12-10,24.2000,24.2100,23.8200,23.8200,692200
2001-12-07,24.5000,24.5000,23.5800,24.4000,858300
2001-12-06,23.9500,23.9500,23.4500,23.4900,535900
2001-12-05,23.8500,23.9200,23.6100,23.7700,535800
2001-12-04,23.4500,23.7500,23.0500,23.6000,854800
2001-12-03,23.5300,23.5300,22.5500,23.2400,503200
2001-11-30,22.5800,23.1800,22.4800,23.1600,466400
2001-11-29,22.7000,22.9000,22.2100,22.8000,275500
2001-11-28,23.0000,23.0000,22.3000,22.7000,364900
2001-11-27,22.8800,23.2900,22.6000,23.0500,275300
2001-11-26,23.5500,23.5800,22.9700,23.1300,211700
2001-11-23,23.5500,23.5500,23.0000,23.4800,97100
2001-11-21,23.4000,23.4000,22.7100,23.1100,223400
2001-11-20,23.3000,23.6000,23.2000,23.5600,192400
2001-11-19,23.3000,23.5000,23.0000,23.4800,288900
2001-11-16,23.2500,23.5800,23.0000,23.2900,234400
2001-11-15,23.1500,23.1500,22.4100,23.1200,600800
2001-11-14,23.7700,24.0600,23.0200,23.1500,430800
2001-11-13,23.8100,23.8900,23.4000,23.7700,260200
2001-11-12,23.9500,24.2300,23.3000,24.0500,188100
2001-11-09,23.7500,24.1900,23.6000,24.0000,171900
2001-11-08,23.5700,24.2000,23.5700,23.9500,262900
2001-11-07,23.9900,23.9900,23.3200,23.5200,231400
2001-11-06,23.5000,23.9900,23.3500,23.8600,241000
2001-11-05,23.3500,23.9900,23.3500,23.7000,426700
2001-11-02,23.2600,23.4800,22.8100,23.0700,312700
2001-11-01,23.2500,23.5900,22.9300,23.5000,417800
2001-10-31,22.3600,23.7500,22.2500,23.4000,880000
2001-10-30,22.7100,22.7100,22.1800,22.5500,457600
2001-10-29,22.1000,22.8000,22.0900,22.4200,513900
2001-10-26,22.9500,22.9500,22.2500,22.2700,494200
2001-10-25,22.0000,23.1500,22.0000,23.1100,698700
2001-10-24,24.3800,24.3800,22.9500,23.1300,724900
2001-10-23,24.7000,24.7500,24.0600,24.1300,493500
2001-10-22,24.3000,24.9400,24.1000,24.7400,353100
2001-10-19,23.8500,24.6200,23.8500,24.3000,354400
2001-10-18,24.5000,24.7700,23.4500,23.8400,549300
2001-10-17,25.0000,25.0000,24.5000,24.6600,369000
2001-10-16,24.2000,25.0800,24.2000,24.9500,333600
2001-10-15,24.4000,24.7900,23.8200,24.2000,767200
2001-10-12,24.8000,25.0900,24.3500,24.5200,524600
2001-10-11,25.7500,25.7600,25.0000,25.1300,357900
2001-10-10,25.2000,25.7200,25.1200,25.7200,347700
2001-10-09,25.9000,25.9000,24.9000,25.1200,926800
2001-10-08,26.6200,26.6200,25.9600,26.2400,283600
2001-10-05,26.6800,26.6800,25.7000,26.2800,509800
2001-10-04,26.5900,26.5900,25.2600,26.1300,448400
2001-10-03,26.2800,26.2800,25.4700,26.1800,374600
2001-10-02,25.0000,25.8000,24.8200,25.7500,582000
2001-10-01,24.7000,25.0200,24.3500,24.9100,273700
2001-09-28,24.1800,24.8300,24.1300,24.7500,397900
2001-09-27,23.6100,24.1600,23.3500,23.9300,399900
2001-09-26,24.6000,24.6000,23.2500,23.8100,423900
2001-09-25,23.9700,24.2500,23.6500,24.1000,600900
2001-09-24,24.6000,24.6000,23.7000,23.9700,543200
2001-09-21,24.5000,24.5000,23.5800,24.3000,827600
2001-09-20,25.4500,25.4500,24.2500,24.8100,764800
2001-09-19,25.7500,25.7500,24.5000,25.2200,562900
2001-09-18,26.2000,26.2000,25.2500,25.7900,5228700
2001-09-17,26.6000,26.6200,26.0100,26.3100,418300
2001-09-10,27.0000,27.5000,26.7100,26.9100,530800
2001-09-07,27.7000,27.7000,27.2500,27.3000,532900
2001-09-06,27.1600,27.6600,27.0500,27.5000,1084300
2001-09-05,27.4300,27.6100,27.1400,27.4100,536600
2001-09-04,27.3400,27.6600,27.0600,27.1800,336100
2001-08-31,27.2000,27.5000,26.8500,27.0900,274000
2001-08-30,27.6500,27.6500,27.0200,27.3700,358100
2001-08-29,27.5000,27.6400,27.3000,27.4400,393100
2001-08-28,27.3600,27.6200,27.3300,27.4000,409200
2001-08-27,27.2500,27.8000,27.0500,27.4900,390700
2001-08-24,26.7500,27.5000,26.7200,27.2700,475400
2001-08-23,26.5200,26.7500,26.5000,26.7500,354300
2001-08-22,26.2600,26.6400,26.2500,26.5800,285000
2001-08-21,26.3000,26.6400,26.2800,26.3400,263400
2001-08-20,26.2500,26.5600,26.2500,26.4800,552900
2001-08-17,26.4000,26.7000,26.0600,26.3700,494300
2001-08-16,26.3900,26.7200,25.8500,26.4500,603200
2001-08-15,26.7000,26.7600,25.9300,26.3800,373000
2001-08-14,26.6500,26.8500,26.4400,26.7300,346300
2001-08-13,26.6000,26.8500,26.3500,26.7100,300900
2001-08-10,26.4000,26.7500,26.2100,26.6200,259600
2001-08-09,26.1400,26.7000,26.0300,26.6000,392700
2001-08-08,26.7700,26.7700,26.2700,26.3900,536000
2001-08-07,26.6000,26.8000,26.2600,26.7700,940400
2001-08-06,25.9000,26.2500,25.5300,26.1500,708400
2001-08-03,26.1000,26.5600,25.9600,26.3500,565300
2001-08-02,25.4900,26.1900,25.4900,26.1000,490000
2001-08-01,25.1300,26.0000,25.0600,25.7300,447000
2001-07-31,25.4900,25.5000,25.0000,25.3800,319300
2001-07-30,25.2500,25.6200,24.7500,25.4500,580900
2001-07-27,25.3000,25.7100,24.9500,25.6900,545400
2001-07-26,25.2300,25.6200,24.8000,25.4900,508900
2001-07-25,24.3500,25.5500,24.0100,25.3200,592300
2001-07-24,25.2500,25.3500,24.0000,24.2600,1086900
2001-07-23,26.2000,26.2500,25.0400,25.2000,725800
2001-07-20,27.3000,27.5500,26.1100,26.2900,705600
2001-07-19,26.6000,27.1500,26.5700,27.1200,462500
2001-07-18,26.5900,27.5000,26.2600,26.4700,892800
2001-07-17,27.7500,27.8700,27.1600,27.3600,385100
2001-07-16,27.7000,27.8700,27.3900,27.6100,700800
2001-07-13,27.4000,27.6900,27.2200,27.5000,385600
2001-07-12,27.3000,27.6400,27.0000,27.4900,342700
2001-07-11,27.7700,27.8900,27.1500,27.4900,442800
2001-07-10,27.7100,27.7800,27.4800,27.6700,543900
2001-07-09,27.9000,27.9000,27.1200,27.5200,332800
2001-07-06,27.8500,28.0000,27.4000,27.7300,839100
2001-07-05,27.9400,27.9400,27.6500,27.9200,747900
2001-07-03,27.7100,27.7400,27.3000,27.6900,123100
2001-07-02,27.3500,27.7800,27.1600,27.6000,505800
2001-06-29,27.2500,27.5700,26.7000,27.3400,771700
2001-06-28,27.3700,28.0000,27.1400,27.4800,465200
2001-06-27,27.0200,27.5400,26.4500,27.0800,790000
2001-06-26,26.9400,27.7400,26.5700,27.2700,714700
2001-06-25,27.2000,27.3600,26.3100,26.9400,565400
2001-06-22,26.7200,26.8700,26.3400,26.7500,753200
2001-06-21,27.5200,27.5800,26.5500,26.7400,1236700
2001-06-20,27.5200,27.7300,27.0000,27.5000,1046600
2001-06-19,27.5000,27.5500,26.5500,27.2700,2699000
2001-06-18,25.8500,26.3200,25.0800,26.3100,3887900
2001-06-15,25.7000,26.3400,25.5300,25.8000,768700
2001-06-14,26.4700,26.4800,24.9000,25.4300,704200
2001-06-13,27.4500,27.5000,26.3200,26.3600,432600
2001-06-12,26.7200,27.2400,26.5400,27.2000,680700
2001-06-11,26.3500,26.8500,26.3500,26.7200,361800
2001-06-08,26.3500,26.6400,26.1200,26.5000,290400
2001-06-07,27.2500,27.2600,26.2500,26.5800,569800
2001-06-06,26.7000,26.9400,26.3300,26.7100,637000
2001-06-05,27.3400,27.4500,26.7800,26.9100,344900
2001-06-04,27.3500,27.5600,27.1200,27.3400,299200
2001-06-01,27.3000,27.3000,26.7800,27.1400,431900
2001-05-31,26.7500,27.4500,26.6900,27.3000,564400
2001-05-30,26.7000,27.2500,26.5700,27.0000,777100
2001-05-29,26.7500,26.8000,26.0000,26.5200,684700
2001-05-25,27.9000,27.9000,26.6200,26.8700,683900
2001-05-24,28.0000,28.0000,27.4000,27.7100,380700
2001-05-23,28.3200,28.4700,27.9500,27.9900,1532700
2001-05-22,28.4900,28.4900,28.1100,28.3200,582400
2001-05-21,27.4500,28.4400,27.4100,28.2700,629700
2001-05-18,27.4000,27.7900,27.3000,27.3700,933600
2001-05-17,27.8000,27.8500,27.3500,27.5000,1000000
2001-05-16,27.7100,27.8800,27.4500,27.7000,1253600
2001-05-15,28.2500,28.2500,27.6000,27.7400,887600
2001-05-14,28.3400,28.3600,28.0000,28.1000,589700
2001-05-11,28.2500,28.6100,28.1900,28.3900,372000
2001-05-10,28.5000,28.5500,27.9900,28.1900,491400
2001-05-09,28.0200,28.6000,27.8900,28.2400,887700
2001-05-08,27.7500,28.0500,27.5500,28.0300,514600
2001-05-07,28.2500,28.3000,27.2400,27.7100,704100
2001-05-04,26.7000,27.4900,26.6500,27.3000,684700
2001-05-03,27.5000,28.0500,27.0200,27.1300,1076300
2001-05-02,27.8000,27.8100,27.2000,27.6200,1158200
2001-05-01,27.6500,27.9500,27.3500,27.6400,726200
2001-04-30,28.2000,28.2000,27.3000,27.6700,1281200
2001-04-27,28.0000,28.4500,27.2400,28.2200,1503000
2001-04-26,26.6500,27.7700,26.5400,27.1500,1157300
2001-04-25,26.9000,27.0000,26.3000,26.4100,738100
2001-04-24,25.9500,26.9000,25.7700,26.8700,1638000
2001-04-23,24.5000,25.7300,24.4700,25.7100,887900
2001-04-20,25.2500,25.3600,24.3900,24.4500,1089700
2001-04-19,25.2000,25.8500,24.8000,25.1000,1064600
2001-04-18,26.5000,26.6000,25.5300,25.9300,1338700
2001-04-17,25.0500,26.2900,25.0500,26.0900,1775000
2001-04-16,23.9500,25.2600,23.9500,25.0500,1350200
2001-04-12,23.9000,24.1000,23.6000,23.7500,573400
2001-04-11,23.6500,24.2400,23.4900,23.8500,513400
2001-04-10,23.4000,24.4900,23.4000,24.1600,943700
2001-04-09,22.6000,23.2500,22.5600,23.1700,1017000
2001-04-06,24.0500,24.3500,21.9800,22.3000,2274700
2001-04-05,23.2400,24.2500,22.8700,24.1500,1000500
2001-04-04,23.4900,23.5700,22.9500,23.2400,458600
2001-04-03,23.3000,23.4600,22.9100,23.2400,626500
2001-04-02,23.1000,23.7900,23.0000,23.3000,683000
2001-03-30,23.0000,23.4900,22.9500,23.2800,445900
2001-03-29,23.0000,23.2500,22.8000,23.1900,366500
2001-03-28,23.1000,23.2000,22.8500,23.0500,605700
2001-03-27,22.8000,23.2500,22.7800,22.9000,801600
2001-03-26,22.0000,23.1800,21.7900,23.0000,1297600
2001-03-23,21.5000,21.5300,20.8000,21.0700,531800
2001-03-22,22.1000,22.3500,20.9300,21.7200,1143300
2001-03-21,22.0500,22.7500,22.0500,22.2500,363400
2001-03-20,22.4500,22.7400,22.0000,22.4100,550800
2001-03-19,22.6500,23.0200,22.2900,22.9900,388300
2001-03-16,22.7500,23.0300,22.0000,22.2600,1073400
2001-03-15,22.8400,23.1700,22.5000,23.1100,3092800
2001-03-14,22.7000,23.0600,22.3600,22.8400,916300
2001-03-13,23.0000,23.2000,22.4000,23.0300,316600
2001-03-12,23.1600,23.4500,22.8100,23.0900,476200
2001-03-09,23.7000,23.7400,23.0000,23.1500,411800
2001-03-08,23.2500,23.9400,23.2500,23.7400,632900
2001-03-07,23.0000,23.6000,22.9500,23.6000,915000
2001-03-06,23.0000,23.0000,22.4500,22.6500,383700
2001-03-05,22.4300,22.7400,22.3000,22.6400,398800
2001-03-02,22.0500,22.7300,21.8900,22.6600,569000
2001-03-01,21.8000,22.3500,21.8000,22.1900,456700
2001-02-28,22.3100,22.3500,21.9500,22.3500,376600
2001-02-27,22.1000,22.4700,22.0000,22.3100,529800
2001-02-26,22.1300,22.6400,21.9200,22.2200,487100
2001-02-23,21.6800,22.1800,21.5500,22.1000,562100
2001-02-22,21.7000,22.1000,21.2500,21.9200,432300
2001-02-21,21.9000,22.2400,21.8000,21.9400,536900
2001-02-20,21.8000,22.0200,21.4000,21.8000,787300
2001-02-16,21.4000,22.2000,21.4000,21.9700,1167900
2001-02-15,21.4600,21.7300,21.3000,21.7300,673200
2001-02-14,21.4000,21.9300,21.3500,21.7100,620000
2001-02-13,22.0600,22.1300,21.7600,22.0900,657400
2001-02-12,22.2600,22.7200,21.8000,22.3000,724500
2001-02-09,21.5000,22.5600,21.5000,22.5000,1033800
2001-02-08,21.5500,21.9900,21.5000,21.7600,514100
2001-02-07,21.1500,21.9600,21.0500,21.9600,827500
2001-02-06,20.8500,21.2400,20.8500,21.1900,546600
2001-02-05,20.8000,21.3400,20.4600,21.2900,552900
2001-02-02,20.6500,20.8500,20.2500,20.8500,1348300
2001-02-01,20.3700,20.5500,19.5000,20.1300,885400
2001-01-31,20.6600,21.0000,19.9000,20.3700,797600
2001-01-30,20.5500,21.1500,20.1400,20.6200,1152400
2001-01-29,20.2500,21.0000,20.0100,20.7100,878400
2001-01-26,20.4400,21.1300,19.6300,20.2500,485000
2001-01-25,21.0000,21.4400,20.0000,20.4400,2163200
2001-01-24,19.1300,20.1300,18.9400,20.0000,2164600
2001-01-23,19.1900,19.6300,18.8800,18.9400,697100
2001-01-22,18.9400,19.3800,18.8800,19.0600,564400
2001-01-19,19.5000,19.5000,18.6900,18.9400,718600
2001-01-18,18.9400,19.1300,18.7500,19.0000,592900
2001-01-17,18.3800,18.8100,18.0600,18.7500,1185700
2001-01-16,18.8800,18.8800,17.3100,18.3800,952200
2001-01-12,18.1900,18.4400,17.5600,18.3800,895800
2001-01-11,19.4400,19.4400,17.5600,18.1900,993700
2001-01-10,19.8100,19.8800,19.0600,19.7500,678500
2001-01-09,19.2500,19.9400,18.8100,19.8800,699500
2001-01-08,19.3100,19.8100,19.3100,19.6900,938800
2001-01-05,19.5000,20.3800,19.2500,19.5600,1305800
2001-01-04,22.0000,22.0000,17.9400,19.4400,3366300
2001-01-03,22.6300,22.7500,21.9400,22.0000,1154900
2001-01-02,23.0000,23.0600,22.2500,22.5000,577500
2000-12-29,23.0000,23.2500,22.6300,23.2500,651700
2000-12-28,23.2500,23.2500,22.8100,23.0600,539500
2000-12-27,23.0000,23.4400,22.8100,23.2500,445300
2000-12-26,22.7500,23.0000,22.5000,23.0000,506600
2000-12-22,22.7500,22.8100,22.5000,22.6900,1141400
2000-12-21,22.5000,23.3100,21.8800,23.2500,1760600
2000-12-20,22.5000,22.8100,22.3800,22.6300,775700
2000-12-19,22.8100,23.1300,22.0600,22.3800,980500
2000-12-18,22.0600,23.1300,21.5000,23.0600,1113200
2000-12-15,21.6300,22.1900,21.6300,22.1300,855600
2000-12-14,21.8800,22.4400,21.5000,21.8800,883900
2000-12-13,22.1300,22.1900,21.5600,22.0600,820800
2000-12-12,21.0000,22.2500,21.0000,22.2500,1098600
2000-12-11,21.5000,21.6900,20.0000,20.9400,1421800
2000-12-08,23.3800,23.5000,21.7500,22.9400,1287500
2000-12-07,23.7500,24.2500,23.6300,24.1900,408300
2000-12-06,24.4400,24.5000,23.4400,23.8800,631200
2000-12-05,24.5000,24.5000,24.0000,24.4400,567600
2000-12-04,24.0600,24.6900,24.0600,24.4400,340600
2000-12-01,24.2500,24.5600,23.6300,24.3100,356700
2000-11-30,24.6300,24.7500,23.5000,24.4400,560500
2000-11-29,24.4400,24.7500,24.1300,24.5000,416900
2000-11-28,24.3100,24.8800,24.0600,24.4400,556300
2000-11-27,24.0000,24.5000,23.8800,24.3100,1164200
2000-11-24,23.8100,23.9400,23.5000,23.8100,184200
2000-11-22,23.1300,24.1300,23.1300,24.0000,646300
2000-11-21,23.5600,24.1300,23.2500,24.1300,898000
2000-11-20,22.9400,23.5600,22.8800,23.4400,474800
2000-11-17,22.3800,23.0000,22.2500,22.8800,491900
2000-11-16,21.8100,22.5000,21.8100,22.3100,255200
2000-11-15,21.7500,22.1300,21.3800,22.0000,564400
2000-11-14,21.9400,22.0600,21.6300,21.7500,320700
2000-11-13,22.0000,22.4400,21.8100,21.9400,470500
2000-11-10,21.8800,22.2500,21.7500,22.1300,369200
2000-11-09,21.6300,22.0000,21.5000,22.0000,823200
2000-11-08,21.4400,21.6300,21.3100,21.5000,364900
2000-11-07,21.3800,21.5600,20.8800,21.4400,365400
2000-11-06,21.0000,21.7500,21.0000,21.5600,438300
2000-11-03,21.3800,21.6300,20.8100,21.0000,667600
2000-11-02,21.1900,21.5000,21.1300,21.3100,588200
2000-11-01,20.8100,21.3800,20.6300,21.1900,804600
2000-10-31,20.4400,20.7500,20.3100,20.6900,521800
2000-10-30,20.3800,20.5000,20.1300,20.5000,442900
2000-10-27,19.8800,20.3100,19.8100,20.1900,384200
2000-10-26,19.5600,20.2500,19.5000,20.1300,414500
2000-10-25,19.7500,20.1900,19.3800,19.5000,272200
2000-10-24,20.1300,20.1300,19.6300,19.8800,409600
2000-10-23,20.5000,20.5000,20.0000,20.1300,514500
2000-10-20,20.1300,20.6300,20.0600,20.5000,231200
2000-10-19,19.9400,20.5600,19.7500,20.3800,216600
2000-10-18,20.8800,20.8800,19.8800,20.1900,335400
2000-10-17,20.8100,20.8800,20.3100,20.8800,640100
2000-10-16,20.1900,20.5600,20.0600,20.5600,377000
2000-10-13,19.9400,20.2500,19.9400,20.0600,200400
2000-10-12,20.0000,20.5000,19.7500,20.0000,366300
2000-10-11,20.1300,20.5000,19.6900,20.0000,407000
2000-10-10,20.2500,20.5000,19.7500,19.8800,467800
2000-10-09,20.0000,20.5600,20.0000,20.1300,361000
2000-10-06,19.6300,20.2500,19.6300,20.2500,257000
2000-10-05,20.0600,20.4400,19.7500,19.8100,256400
2000-10-04,20.5000,20.8800,20.0600,20.1900,565300
2000-10-03,20.6900,20.9400,20.3100,20.4400,394100
2000-10-02,20.8100,21.0000,20.4400,20.7500,617900
2000-09-29,20.3100,21.0000,20.3100,20.8300,1239300
2000-09-28,19.7500,20.1300,19.6900,19.9400,865800
2000-09-27,19.7500,20.0000,19.6900,19.8900,694700
2000-09-26,18.8800,19.8800,18.8800,19.7500,407300
2000-09-25,18.9400,19.0600,18.8800,19.0000,260400
2000-09-22,19.1900,19.3800,18.7500,18.8800,313500
2000-09-21,19.3100,19.6300,18.8800,18.9400,270200
2000-09-20,19.3800,19.5000,19.1900,19.3800,459500
2000-09-19,20.0000,20.0600,19.4400,19.5000,651500
2000-09-18,19.8800,20.0600,19.6900,20.0400,520300
2000-09-15,19.9400,20.3800,19.9400,20.1400,2966500
2000-09-14,20.0000,20.1900,19.6900,20.0000,437800
2000-09-13,20.2500,20.5000,20.0000,20.0000,539400
2000-09-12,20.2500,20.3800,19.8800,20.0600,307700
2000-09-11,19.7500,20.4400,19.7500,20.2700,686600
2000-09-08,19.5000,19.7500,19.5000,19.7100,538400
2000-09-07,19.5600,19.8100,19.3800,19.5000,593500
2000-09-06,19.3800,19.7500,19.3800,19.5600,478700
2000-09-05,19.3800,19.6900,19.3100,19.5000,371000
2000-09-01,19.4400,19.6900,18.9400,19.5800,862700
2000-08-31,18.6900,19.6300,18.6300,19.5200,1399900
2000-08-30,18.5000,18.8800,18.5000,18.7500,326600
2000-08-29,18.3100,18.9400,18.3100,18.5000,481000
2000-08-28,18.6300,19.1300,18.5000,18.9400,257100
2000-08-25,18.7500,18.9400,18.6300,18.6900,196600
2000-08-24,19.0600,19.1300,18.7500,18.7500,235100
2000-08-23,18.8800,19.3100,18.8100,19.1900,394600
2000-08-22,19.3100,19.5600,19.3100,19.3800,268700
2000-08-21,19.5000,19.7500,19.4400,19.5000,354100
2000-08-18,19.6300,19.6900,19.5000,19.5000,410300
2000-08-17,19.5000,19.7500,19.3100,19.6300,469200
2000-08-16,19.0000,19.4400,19.0000,19.3800,439600
2000-08-15,18.5600,19.3800,18.5600,19.2500,536400
2000-08-14,18.6300,19.0000,18.3800,18.7500,649900
2000-08-11,18.1900,18.7500,18.1900,18.6400,577700
2000-08-10,19.0000,19.0600,18.5600,18.7700,394100
2000-08-09,19.1300,19.3800,19.0000,19.1100,322200
2000-08-08,19.2500,19.4400,19.0000,19.3800,413700
2000-08-07,19.1900,19.3800,19.0600,19.3300,194900
2000-08-04,19.1300,19.3100,18.8800,19.3100,374100
2000-08-03,18.9400,19.5000,18.8800,19.2700,565000
2000-08-02,19.0600,19.0600,18.6900,18.6900,317400
2000-08-01,18.6300,19.0600,18.5600,19.0600,489200
2000-07-31,18.6900,19.0000,18.4400,18.7500,1265400
2000-07-28,18.1900,18.5600,18.1900,18.5600,273200
2000-07-27,18.0000,18.4400,18.0000,18.2500,253700
2000-07-26,18.1900,18.1900,17.8100,17.8300,486400
2000-07-25,18.1900,18.4400,18.1300,18.4400,298600
2000-07-24,17.8800,18.3100,17.8100,18.2500,381800
2000-07-21,18.2500,18.3100,17.9400,18.1300,305300
2000-07-20,18.0600,18.6300,18.0600,18.3100,685400
2000-07-19,18.5600,18.6300,18.0600,18.1900,571500
2000-07-18,18.7500,18.8800,18.3800,18.5000,843100
2000-07-17,18.8100,18.8100,18.3100,18.7500,904300
2000-07-14,18.5000,18.8100,18.3800,18.8100,425200
2000-07-13,18.2500,18.5600,18.2500,18.5000,665200
2000-07-12,18.6300,18.6900,18.3100,18.5600,512500
2000-07-11,18.4400,18.5000,18.0600,18.5000,300300
2000-07-10,17.9400,18.5600,17.8800,18.3800,478700
2000-07-07,17.7500,18.1300,17.7500,17.9400,374200
2000-07-06,17.3800,18.0000,17.3100,17.9400,910300
2000-07-05,17.6300,18.0000,17.1900,17.3800,739200
2000-07-03,17.0000,17.8100,17.0000,17.6300,321100
2000-06-30,17.1300,17.4400,16.9400,17.0000,1444000
2000-06-29,17.6900,17.7500,17.2500,17.3800,321300
2000-06-28,17.4400,18.6900,17.0000,17.6900,507900
2000-06-27,18.4400,18.4400,17.1900,17.5000,927800
2000-06-26,18.3800,18.5600,18.1300,18.1900,415100
2000-06-23,18.1900,18.5600,18.1900,18.3100,242700
2000-06-22,18.5600,18.5600,18.1900,18.1900,314000
2000-06-21,18.5600,18.8800,18.3800,18.5000,322100
2000-06-20,18.6300,18.6900,18.0600,18.5000,479400
2000-06-19,18.6300,18.9400,18.5600,18.8100,1080100
2000-06-16,18.8800,19.1300,18.8800,18.9400,2818600
2000-06-15,18.6300,19.0000,18.5600,18.8800,403300
2000-06-14,19.0000,19.0600,18.5600,18.5600,356000
2000-06-13,18.8800,19.1900,18.8800,19.0000,242700
2000-06-12,18.6900,19.0000,18.5600,18.8800,359400
2000-06-09,18.3800,18.8800,18.3800,18.6900,336700
2000-06-08,18.4400,18.4400,18.0600,18.3100,311500
2000-06-07,18.5600,19.0000,18.4400,18.5600,269900
2000-06-06,18.1900,18.9400,18.1900,18.5600,330000
2000-06-05,18.8800,18.9400,18.1900,18.3800,393300
2000-06-02,19.1900,19.2500,18.7500,18.8800,249100
2000-06-01,19.0000,19.2500,18.9400,19.1300,350800
2000-05-31,18.8100,19.0000,18.6900,18.8100,440200
2000-05-30,18.8100,19.0000,18.6300,18.8100,275500
2000-05-26,18.6900,18.9400,18.5600,18.8100,144000
2000-05-25,18.8100,18.9400,18.3800,18.5600,331400
2000-05-24,18.5600,19.1900,18.5600,19.0600,421800
2000-05-23,18.7500,19.0000,18.2500,18.8100,388700
2000-05-22,18.3800,18.8800,18.3100,18.7500,219000
2000-05-19,18.3800,18.6300,18.1900,18.3100,205100
2000-05-18,18.3100,19.0600,18.3100,18.3800,337600
2000-05-17,18.2500,18.5000,18.0600,18.4400,510700
2000-05-16,18.8100,18.8100,18.3100,18.3100,257500
2000-05-15,18.0000,19.0600,18.0000,18.9400,395800
2000-05-12,18.7500,18.8800,18.0600,18.1900,195400
2000-05-11,18.0600,18.6300,18.0600,18.6300,315000
2000-05-10,18.4400,18.8800,18.3100,18.3100,323800
2000-05-09,18.2500,18.9400,18.2500,18.6900,514200
2000-05-08,18.3800,19.0600,18.3100,18.5000,408400
2000-05-05,18.0000,19.0000,18.0000,18.9400,441900
2000-05-04,17.8800,19.0000,17.7500,18.8800,626400
2000-05-03,17.2500,18.1900,17.1300,18.1300,727500
2000-05-02,17.8800,18.1900,17.0000,17.0000,499500
2000-05-01,18.0000,18.4400,18.0000,18.1300,334500
2000-04-28,18.0000,19.0000,17.8800,18.5600,827300
2000-04-27,18.5000,18.7500,17.9400,18.1300,279300
2000-04-26,18.6900,19.0000,18.5000,18.8800,375800
2000-04-25,18.3800,18.7500,18.1300,18.7500,651900
2000-04-24,18.2500,19.1900,18.2500,18.4400,655000
2000-04-20,18.6300,18.6300,18.1300,18.4400,398200
2000-04-19,18.5000,18.6900,17.9400,18.5600,358000
2000-04-18,18.7500,18.9400,18.3800,18.5600,596700
2000-04-17,18.3100,18.8800,17.7500,18.8800,715800
2000-04-14,18.4400,19.1900,18.1900,18.4400,655400
2000-04-13,18.2500,19.0000,18.0600,18.6900,812400
2000-04-12,17.6900,18.4400,17.6900,18.3100,1157400
2000-04-11,17.5000,17.7500,17.2500,17.6900,1235300
2000-04-10,17.3800,17.5600,17.0000,17.3100,424100
2000-04-07,17.2500,17.3100,16.8100,17.1300,302400
2000-04-06,17.2500,17.2500,16.8800,17.0000,302300
2000-04-05,16.6300,17.2500,16.5600,17.0000,541500
2000-04-04,16.8100,17.1900,16.5000,16.6300,666100
2000-04-03,16.9400,16.9400,16.1900,16.6300,442400
2000-03-31,17.1900,17.1900,16.6900,16.7500,469400
2000-03-30,17.6300,17.6300,17.0000,17.3100,381900
2000-03-29,16.8800,17.5600,16.8100,17.5000,573100
2000-03-28,17.1300,17.4400,17.0000,17.1300,420600
2000-03-27,17.3800,17.6900,17.2500,17.4400,566600
2000-03-24,17.1900,17.4400,17.0000,17.3800,529100
2000-03-23,16.7500,17.3800,16.7500,17.1800,336500
2000-03-22,17.1900,17.2500,16.8100,17.0000,505900
2000-03-21,17.4400,17.4400,17.0000,17.3800,504200
2000-03-20,17.8100,17.9400,17.1900,17.3800,637200
2000-03-17,18.2500,18.3100,17.5600,17.6300,1188000
2000-03-16,17.5600,18.5000,17.5600,18.4400,1589400
2000-03-15,17.0000,17.8100,17.0000,17.8100,3784100
2000-03-14,17.0600,17.2500,16.8800,17.0000,917200
2000-03-13,17.2500,17.5000,17.1900,17.2500,559900
2000-03-10,17.3800,17.6900,17.2500,17.4400,991200
2000-03-09,17.0600,17.2500,17.0000,17.0600,755300
2000-03-08,17.0000,17.3100,16.9400,17.0000,824800
2000-03-07,17.2500,17.4400,17.1300,17.2500,748700
2000-03-06,17.6300,17.6900,17.0600,17.3800,483200
2000-03-03,17.6300,17.7500,17.5000,17.6300,853900
2000-03-02,17.8800,17.8800,17.3100,17.5600,482400
2000-03-01,18.0000,18.0000,17.5600,18.0000,779500
2000-02-29,18.0000,18.0600,17.8100,18.0000,853100
2000-02-28,18.6900,18.6900,17.7500,18.1300,2517600
2000-02-25,18.1900,18.7500,18.1300,18.7500,2577900
2000-02-24,18.3800,18.5000,18.1300,18.2500,2563500
2000-02-23,18.5000,18.5600,18.3800,18.3800,1479500
2000-02-22,18.6300,18.7500,18.5000,18.5600,1211300
2000-02-18,18.7500,18.9400,18.6300,18.7300,1003600
2000-02-17,18.9400,19.0600,18.7500,18.7500,1382500
2000-02-16,18.8100,19.0000,18.8100,18.9400,1193600
2000-02-15,18.8100,18.9400,18.7500,18.8800,684900
2000-02-14,18.8100,19.0000,18.7500,18.8100,2229700
2000-02-11,18.7500,18.8800,18.6300,18.8100,536000
2000-02-10,18.8800,19.0000,18.6300,18.7500,1013500
2000-02-09,19.0600,19.1900,18.7500,18.7500,840600
2000-02-08,19.0000,19.1300,19.0000,19.0600,886200
2000-02-07,19.0000,19.1900,18.9400,19.0600,967300
2000-02-04,19.0000,19.0000,18.8800,19.0000,956100
2000-02-03,18.8800,19.2500,18.8100,19.0000,838600
2000-02-02,18.5600,18.9400,18.5600,18.7500,657700
2000-02-01,18.4400,18.6900,18.4400,18.6900,484400
2000-01-31,18.1300,18.6900,18.0600,18.5600,636700
2000-01-28,18.2500,18.3100,17.9400,18.1300,899100
2000-01-27,18.5000,18.5000,18.0600,18.3100,1234600
2000-01-26,18.8100,19.1300,18.0000,18.6300,4601100
2000-01-25,17.1300,17.4400,16.9400,17.2500,570200
2000-01-24,17.1900,17.3800,17.1300,17.1900,559400
2000-01-21,17.1900,17.4400,17.0000,17.4400,824500
2000-01-20,17.0600,17.1900,17.0600,17.1900,545900
2000-01-19,17.3800,17.3800,17.0000,17.2500,2051500
2000-01-18,17.3100,17.4400,17.0600,17.3100,699000
2000-01-14,17.3800,17.4400,16.8800,17.4400,726000
2000-01-13,17.4400,17.6900,17.1900,17.5000,437400
2000-01-12,16.8100,17.6300,16.7500,17.6300,864200
2000-01-11,17.0600,17.0600,16.2500,16.8800,1899000
2000-01-10,18.1300,18.1900,17.7500,17.8100,427700
2000-01-07,18.4400,18.5000,17.8800,18.0000,460000
2000-01-06,18.0000,18.5000,17.7500,18.3800,427300
2000-01-05,17.7500,18.1900,17.6900,18.0000,1481700
2000-01-04,17.2500,17.7500,17.2500,17.5000,731100
2000-01-03,17.2500,17.3100,17.1300,17.3100,512400
1999-12-31,17.3800,17.4400,17.1300,17.3800,352300
1999-12-30,17.5600,17.7500,17.4400,17.4400,424700
1999-12-29,17.8800,18.0000,17.5000,17.6300,369500
1999-12-28,17.8800,18.1300,17.8800,17.9400,1327200
1999-12-27,18.0000,18.1300,17.9400,17.9400,475800
1999-12-23,18.0000,18.1300,17.9400,18.1300,347400
1999-12-22,17.8800,18.0600,17.8100,17.8800,308800
1999-12-21,17.6300,18.1300,17.6300,17.8100,487500
1999-12-20,17.7500,17.9400,17.5600,17.6300,536100
1999-12-17,18.3100,18.3100,17.8800,18.0000,1012900
1999-12-16,18.2500,18.7500,18.2500,18.6900,14215800
1999-12-15,17.8800,18.3800,17.8100,18.3100,905700
1999-12-14,17.8800,18.1300,17.8100,17.8800,473300
1999-12-13,18.0000,18.1300,17.6300,17.7500,965100
1999-12-10,18.2500,18.3100,18.0000,18.0000,203600
1999-12-09,18.5600,18.5600,18.0000,18.2500,766700
1999-12-08,18.5600,18.8100,18.5000,18.5600,622100
1999-12-07,18.3100,18.5600,18.3100,18.4400,571500
1999-12-06,18.1900,18.6900,18.1900,18.5000,549000
1999-12-03,18.2500,18.6300,18.1300,18.2500,325200
1999-12-02,18.3800,18.5000,18.1900,18.2500,337100
1999-12-01,18.7500,18.7500,18.1300,18.1900,759000
1999-11-30,17.5600,18.6900,17.2500,18.5000,827300
1999-11-29,17.7500,17.7500,17.1900,17.3100,695300
1999-11-26,18.1300,18.1300,17.8100,17.8800,243900
1999-11-24,18.1300,18.2500,18.0600,18.0600,469500
1999-11-23,18.4400,18.4400,18.0600,18.1300,507800
1999-11-22,18.8800,18.9400,18.1900,18.3800,1033500
1999-11-19,18.8800,19.0000,18.7500,18.8800,370200
1999-11-18,19.5600,19.6300,19.0600,19.0600,366100
1999-11-17,19.5000,19.8800,19.2500,19.5000,346500
1999-11-16,19.7500,20.0000,19.5600,19.9400,355400
1999-11-15,19.5600,19.6900,19.4400,19.6900,224600
1999-11-12,19.6300,19.9400,19.5600,19.6900,366800
1999-11-11,19.6900,19.7500,19.4400,19.6900,230100
1999-11-10,19.7500,19.9400,19.5000,19.5000,191400
1999-11-09,20.2500,20.2500,19.6900,19.8100,283000
1999-11-08,20.1900,20.2500,20.0000,20.1900,261800
1999-11-05,20.3800,20.5000,20.0600,20.1300,345100
1999-11-04,20.2500,20.5000,20.1900,20.2500,387100
1999-11-03,20.6300,20.6300,20.0000,20.1300,680200
1999-11-02,20.4400,20.8800,20.4400,20.5000,333900
1999-11-01,20.3800,20.5600,20.3100,20.4400,229400
